displacement 	force 	time
0.000000000000000000e+00	0.000000000000000000e+00	0.000000000000000000e+00
1.257687636764824035e-01	7.241312017908907829e-04	3.144737390980773678e-02
2.514131601779277525e-01	3.255883956253028799e-03	6.289474781961547356e-02
3.768089453105050168e-01	8.114031869109424033e-03	9.434212172942321728e-02
5.018321207211841051e-01	1.577883435000968296e-02	1.257894956392309471e-01
6.263590565142306277e-01	2.668124634639000223e-02	1.572368695490386770e-01
7.502666135033485562e-01	4.119575784987860451e-02	1.886842434588464346e-01
8.734322649785817294e-01	5.963615171060410169e-02	2.201316173686541644e-01
9.957342178675664401e-01	8.225357729131774209e-02	2.515789912784618942e-01
1.117051533171320221e+00	1.092364230361384247e-01	2.830263651882696241e-01
1.237264245555475428e+00	1.407115472043170001e-01	3.144737390980773539e-01
1.356253481978700659e+00	1.767465141633582648e-01	3.459211130078850838e-01
1.473901579240999515e+00	2.173525390245964195e-01	3.773684869176928691e-01
1.590092200335651684e+00	2.624879289165248375e-01	4.088158608275005990e-01
1.704710449489741153e+00	3.120618037162876113e-01	4.402632347373083288e-01
1.817642985779509557e+00	3.659379793890444876e-01	4.717106086471160586e-01
1.928778135208190747e+00	4.239389325655029128e-01	5.031579825569237885e-01
2.038006001135492795e+00	4.858497027001300594e-01	5.346053564667315738e-01
2.145218572949529889e+00	5.514217427641027180e-01	5.660527303765392482e-01
2.250309832873748306e+00	6.203766744732277516e-01	5.975001042863470335e-01
2.353175860803220054e+00	6.924098891861255600e-01	6.289474781961547079e-01
2.453714937066647117e+00	7.671939603166394450e-01	6.603948521059624932e-01
2.551827643012447133e+00	8.443819759349372456e-01	6.918422260157701675e-01
2.647416959319472074e+00	9.236106879205734366e-01	7.232895999255779529e-01
2.740388361935123474e+00	1.004503506842657323e+00	7.547369738353857382e-01
2.830649915546017414e+00	1.086673362100516460e+00	7.861843477451934126e-01
2.918112364488753663e+00	1.169725423062169645e+00	8.176317216550011979e-01
3.002689221010897302e+00	1.253259690129968851e+00	8.490790955648088723e-01
3.084296850794898681e+00	1.336873465627617330e+00	8.805264694746166576e-01
3.162854555660374878e+00	1.420163724482687240e+00	9.119738433844243319e-01
3.238284653362975885e+00	1.502729363877737256e+00	9.434212172942321173e-01
3.310512554410924402e+00	1.584173312601846906e+00	9.748685912040397916e-01
3.379466835823270898e+00	1.664104631147643953e+00	1.006315965113847577e+00
3.445079311756923168e+00	1.742140407350465603e+00	1.037763339023655362e+00
3.507285100932614252e+00	1.817907671847307061e+00	1.069210712933463148e+00
3.566022690793135386e+00	1.891045097820889698e+00	1.100658086843270711e+00
3.621233998330386505e+00	1.961204737571491608e+00	1.132105460753078496e+00
3.672864427521095987e+00	2.028053542190802805e+00	1.163552834662886282e+00
3.720862923314416815e+00	2.091274906408608469e+00	1.195000208572694067e+00
3.765182022118012561e+00	2.150570015121779033e+00	1.226447582482501630e+00
3.805777898732706443e+00	2.205659189250753105e+00	1.257894956392309416e+00
3.842610409689283912e+00	2.256283053777553338e+00	1.289342330302117201e+00
3.875643132944598168e+00	2.302203678646446150e+00	1.320789704211924986e+00
3.904843403897718446e+00	2.343205562498733130e+00	1.352237078121732772e+00
3.930182347690510891e+00	2.379096563083271665e+00	1.383684452031540335e+00
3.951634907760712245e+00	2.409708701866922542e+00	1.415131825941348120e+00
3.969179870619254480e+00	2.434898846033443753e+00	1.446579199851155906e+00
3.982799886827350644e+00	2.454549301574608489e+00	1.478026573760963691e+00
3.992481488152585190e+00	2.468568348172587079e+00	1.509473947670771476e+00
3.998215100887055229e+00	2.476890571528676865e+00	1.540921321580579040e+00
3.999995055314389703e+00	2.479485384978100004e+00	1.572368695490386825e+00
3.997819591316277066e+00	2.479903737963637944e+00	1.603816069400194610e+00
3.991690860112973027e+00	2.481046435127565619e+00	1.635263443310002396e+00
3.981614922136050172e+00	2.482810271302364313e+00	1.666710817219809959e+00
3.967601741035507779e+00	2.485027682483586631e+00	1.698158191129617745e+00
3.949665173827155762e+00	2.487470016292213870e+00	1.729605565039425530e+00
3.927822957190026720e+00	2.489852240490099344e+00	1.761052938949233315e+00
3.902096689927355033e+00	2.491838548514071938e+00	1.792500312859041101e+00
3.872511811608475352e+00	2.493049378967257645e+00	1.823947686768848664e+00
3.839097577412756479e+00	2.493069364908258478e+00	1.855395060678656449e+00
3.801887029200446300e+00	2.491456409591615628e+00	1.886842434588464235e+00
3.760916962839035982e+00	2.487751690875947830e+00	1.918289808498272020e+00
3.716227891817451390e+00	2.481489436781803004e+00	1.949737182408079583e+00
3.667864007184054032e+00	2.472208056380385433e+00	1.981184556317887369e+00
3.615873133848064747e+00	2.459460890227026297e+00	2.012631930227695154e+00
3.560306683287624452e+00	2.442826825977870708e+00	2.044079304137502717e+00
3.501219602711251877e+00	2.421920601936572215e+00	2.075526678047310725e+00
3.438670320722981621e+00	2.396402138716097419e+00	2.106974051957118288e+00
3.372720689544889794e+00	2.365985062046990439e+00	2.138421425866926295e+00
3.303435923854173062e+00	2.330443979830422840e+00	2.169868799776733859e+00
3.230884536295228315e+00	2.289620216069359504e+00	2.201316173686541422e+00
3.155138269730525913e+00	2.243426112165094466e+00	2.232763547596349429e+00
3.076272026297267814e+00	2.191847717705934340e+00	2.264210921506156993e+00
2.994363793339962498e+00	2.134945837754252285e+00	2.295658295415965000e+00
2.909494566292195383e+00	2.072855245344745079e+00	2.327105669325772563e+00
2.821748268583813335e+00	2.005782703104292519e+00	2.358553043235580127e+00
2.731211668652756330e+00	1.934003257082185456e+00	2.390000417145388134e+00
2.637974294143584419e+00	1.857855721150106332e+00	2.421447791055195697e+00
2.542128343377537902e+00	1.777736752758360073e+00	2.452895164965003261e+00
2.443768594181692233e+00	1.694094230214668650e+00	2.484342538874811268e+00
2.342992310167358649e+00	1.607420050703403769e+00	2.515789912784618831e+00
2.239899144550381749e+00	1.518242568542876647e+00	2.547237286694426839e+00
2.134591041608490336e+00	1.427118798313398385e+00	2.578684660604234402e+00
2.027172135873091641e+00	1.334626648327515985e+00	2.610132034514041965e+00
1.917748649155239793e+00	1.241357354177828221e+00	2.641579408423849973e+00
1.806428785507581569e+00	1.147908175651396245e+00	2.673026782333657536e+00
1.693322624226138107e+00	1.054875611884993125e+00	2.704474156243465544e+00
1.578542010997764367e+00	9.628489927714632968e-01	2.735921530153273107e+00
1.462200447300877837e+00	8.724047804598653588e-01	2.767368904063080670e+00
1.344412978168864958e+00	7.841013977839023097e-01	2.798816277972888678e+00
1.225296078427135171e+00	6.984747314938717366e-01	2.830263651882696241e+00
1.104967537516297948e+00	6.160342400418707953e-01	2.861711025792504248e+00
9.835463430154022246e-01	5.372596610421224161e-01	2.893158399702311812e+00
8.611525629803631343e-01	4.625983115997608364e-01	2.924605773612119375e+00
7.379072272139701738e-01	3.924629190796146694e-01	2.956053147521927382e+00
6.139322075848665516e-01	3.272299463290569976e-01	2.987500521431734946e+00
4.893500975138292408e-01	2.672383700340891788e-01	3.018947895341542953e+00
3.642840907465643707e-01	2.127888579508188382e-01	3.050395269251350516e+00
2.388578595328413601e-01	1.641433039369505076e-01	3.081842643161158080e+00
1.131954323324731032e-01	1.215246675762535339e-01	3.113290017070966087e+00
-1.257892883094399381e-02	8.511708933900957730e-02	3.144737390980773650e+00
-1.383408512472671104e-01	5.506623232623561459e-02	3.176184764890581214e+00
-2.639659745064809049e-01	3.147982304123879416e-02	3.207632138800389221e+00
-3.893300734732087487e-01	1.442835878210620149e-02	3.239079512710196784e+00
-5.143091811274739245e-01	3.945957806792170335e-03	3.270526886620004792e+00
-6.387797111501962721e-01	3.132940086168282788e-05	3.301974260529812355e+00
-7.626185801322561408e-01	2.648847005860305911e-03	3.333421634439619918e+00
-8.857033292862355189e-01	1.172970842130289029e-02	3.364869008349427926e+00
-1.007912245540498963e+00	2.717317159275427912e-02	3.396316382259235489e+00
-1.129124481895886101e+00	4.884785695115070880e-02	3.427763756169043496e+00
-1.249220176925956549e+00	7.659310674039135347e-02	3.459211130078851060e+00
-1.368080573302672853e+00	1.102203984266834080e-01	3.490658503988658623e+00
-1.485588135230271556e+00	1.495148030239420167e-01	3.522105877898466630e+00
-1.601626664671213840e+00	1.942364897596991213e-01	3.553553251808274194e+00
-1.716081416249305214e+00	2.441222680381970045e-01	3.585000625718082201e+00
-1.828839210716315167e+00	2.988871697849098119e-01	3.616447999627889764e+00
-1.939788546869949171e+00	3.582260636693381239e-01	3.647895373537697328e+00
-2.048819711812456479e+00	4.218153033041702749e-01	3.679342747447505335e+00
-2.155824889440864034e+00	4.893144053998689791e-01	3.710790121357312898e+00
-2.260698267061568956e+00	5.603677580686972082e-01	3.742237495267120462e+00
-2.363336140023831078e+00	6.346063382881582671e-01	3.773684869176928469e+00
-2.463637014268716730e+00	7.116494736823824052e-01	3.805132243086736032e+00
-2.561501706692103308e+00	7.911065990635236522e-01	3.836579616996544040e+00
-2.656833443222454516e+00	8.725790373948836276e-01	3.868026990906351603e+00
-2.749537954516439342e+00	9.556617926035768651e-01	3.899474364816159166e+00
-2.839523569177713203e+00	1.039945331760717462e+00	3.930921738725967174e+00
-2.926701304406711834e+00	1.125017389211036445e+00	3.962369112635774737e+00
-3.010984953991818536e+00	1.210464740509440862e+00	3.993816486545582745e+00
-3.092291173554869932e+00	1.295874985221421083e+00	4.025263860455390308e+00
-3.170539562966738778e+00	1.380838305800500265e+00	4.056711234365198315e+00
-3.245652745851461241e+00	1.464949198113735696e+00	4.088158608275005435e+00
-3.317556446100329737e+00	1.547808193705713098e+00	4.119605982184813442e+00
-3.386179561320241671e+00	1.629023523381629923e+00	4.151053356094621449e+00
-3.451454233143722572e+00	1.708212766597092314e+00	4.182500730004428569e+00
-3.513315914331073486e+00	1.785004438479968591e+00	4.213948103914236576e+00
-3.571703432598273498e+00	1.859039534445256825e+00	4.245395477824044583e+00
-3.626559051107557163e+00	1.929973030904062803e+00	4.276842851733852591e+00
-3.677828525560820516e+00	1.997475291172605250e+00	4.308290225643659710e+00
-3.725461157839415893e+00	2.061233437428021009e+00	4.339737599553467717e+00
-3.769409846137274478e+00	2.120952647863494356e+00	4.371184973463275725e+00
-3.809631131537804638e+00	2.176357353531123362e+00	4.402632347373082844e+00
-3.846085240988501130e+00	2.227192385287850573e+00	4.434079721282890851e+00
-3.878736126630750292e+00	2.273224020853646721e+00	4.465527095192698859e+00
-3.907551501445969411e+00	2.314240931469756735e+00	4.496974469102505978e+00
-3.932502871182816495e+00	2.350055063239953945e+00	4.528421843012313985e+00
-3.953565562533890798e+00	2.380502401868983764e+00	4.559869216922121993e+00
-3.970718747534081050e+00	2.405443639339756245e+00	4.591316590831930000e+00
-3.983945464156417149e+00	2.424764754027465496e+00	4.622763964741737119e+00
-3.993232633085072703e+00	2.438377470410962200e+00	4.654211338651545127e+00
-3.998571070648919701e+00	2.446219620731989064e+00	4.685658712561353134e+00
-3.999955497902856205e+00	2.448330458932238773e+00	4.717106086471160253e+00
-3.997384545847923576e+00	2.448888425853008588e+00	4.748553460380968261e+00
-3.990860756785045815e+00	2.450262628997987413e+00	4.780000834290776268e+00
-3.980390581801064531e+00	2.452342219606704177e+00	4.811448208200583387e+00
-3.965984374389539546e+00	2.454951757830613257e+00	4.842895582110391395e+00
-3.947656380212640315e+00	2.457854174382389623e+00	4.874342956020199402e+00
-3.925424723014238726e+00	2.460756034246615709e+00	4.905790329930006521e+00
-3.899311386698137483e+00	2.463313083185596053e+00	4.937237703839814529e+00
-3.869342193589161205e+00	2.465137159378223419e+00	4.968685077749622536e+00
-3.835546778898599296e+00	2.465804767491786009e+00	5.000132451659430544e+00
-3.797958561419254586e+00	2.464865655519822507e+00	5.031579825569237663e+00
-3.756614710479071917e+00	2.461852939410900554e+00	5.063027199479045670e+00
-3.711556109186037844e+00	2.456293518829903988e+00	5.094474573388853678e+00
-3.662827314000677958e+00	2.447718798441989474e+00	5.125921947298660797e+00
-3.610476510676137174e+00	2.435676003396738842e+00	5.157369321208468804e+00
-3.554555466609424119e+00	2.419738527179915000e+00	5.188816695118276812e+00
-3.495119479650915739e+00	2.399516121648378242e+00	5.220264069028083931e+00
-3.432227323422751386e+00	2.374664829267866928e+00	5.251711442937891938e+00
-3.365941189200201578e+00	2.344895233287747072e+00	5.283158816847699946e+00
-3.296326624413457917e+00	2.309979592974871654e+00	5.314606190757507953e+00
-3.223452467830678181e+00	2.269757970042718398e+00	5.346053564667315072e+00
-3.147390781486361089e+00	2.224142250445471536e+00	5.377500938577123080e+00
-3.068216779422395568e+00	2.173118821386783139e+00	5.408948312486931087e+00
-2.986008753312210384e+00	2.116749489041108490e+00	5.440395686396738206e+00
-2.900847995041590632e+00	2.055170762462893652e+00	5.471843060306546214e+00
-2.812818716322736279e+00	1.988591655544149184e+00	5.503290434216354221e+00
-2.722007965421012532e+00	1.917290107336502070e+00	5.534737808126161340e+00
-2.628505541076756380e+00	1.841607902794231810e+00	5.566185182035969348e+00
-2.532403903707286297e+00	1.761944986544202951e+00	5.597632555945777355e+00
-2.433798083976871585e+00	1.678752648141487613e+00	5.629079929855584474e+00
-2.332785588825095680e+00	1.592526205514267046e+00	5.660527303765392482e+00
-2.229466305046570174e+00	1.503797444901528335e+00	5.691974677675200489e+00
-2.123942400517282003e+00	1.413126468884793097e+00	5.723422051585008496e+00
-2.016318223165301404e+00	1.321094118064283229e+00	5.754869425494815616e+00
-1.906700197785711870e+00	1.228294315850860574e+00	5.786316799404623623e+00
-1.795196720801849777e+00	1.135326667256380206e+00	5.817764173314431631e+00
-1.681918053076860708e+00	1.042789608285256131e+00	5.849211547224238750e+00
-1.566976210881591669e+00	9.512740733513356250e-01	5.880658921134046757e+00
-1.450484855126669137e+00	8.613576599923568056e-01	5.912106295043854765e+00
-1.332559178968234059e+00	7.735995736389148503e-01	5.943553668953661884e+00
-1.213315793898509298e+00	6.885361153179014870e-01	5.975001042863469891e+00
-1.092872614433865186e+00	6.066767381724607056e-01	6.006448416773277899e+00
-9.713487415143493564e-01	5.285008301143746534e-01	6.037895790683085906e+00
-8.488643447300348033e-01	4.544550097840627800e-01	6.069343164592893025e+00
-7.255405434906064821e-01	3.849509993737444402e-01	6.100790538502701033e+00
-6.014992872557479719e-01	3.203639829925930549e-01	6.132237912412509040e+00
-4.768632349446970120e-01	2.610313959611021972e-01	6.163685286322316159e+00
-3.517556336442475562e-01	2.072521451851132568e-01	6.195132660232124167e+00
-2.263001967351709054e-01	1.592861687147940075e-01	6.226580034141932174e+00
-1.006209815575073580e-01	1.173543042469119002e-01	6.258027408051739293e+00
2.515773326426810549e-02	8.163844238910461515e-02	6.289474781961547301e+00
1.509115707148668828e-01	5.228187576821931998e-02	6.320922155871355308e+00
2.765161783791338923e-01	2.938988214576249147e-02	6.352369529781162427e+00
4.018473514086685627e-01	1.303044525786543548e-02	6.383816903690970435e+00
5.267811553424922577e-01	3.235135559932401320e-03	6.415264277600778442e+00
6.511940486603762235e-01	9.476896152917066236e-08	6.446711651510586449e+00
7.749630049475870752e-01	3.287131949398085749e-03	6.478159025420393569e+00
8.979656345502879944e-01	1.302490053235524220e-02	6.509606399330201576e+00
1.020080305601240411e+00	2.911015067979048215e-02	6.541053773240009583e+00
1.141186264296195407e+00	5.140904787923191582e-02	6.572501147149816703e+00
1.261163754302007112e+00	7.975854512010030484e-02	6.603948521059624710e+00
1.379894135178360237e+00	1.139678108076784546e-01	6.635395894969432717e+00
1.497259999696071597e+00	1.538197016345375645e-01	6.666843268879239837e+00
1.613145289935921989e+00	1.990722725152616890e-01	6.698290642789047844e+00
1.727435412053187624e+00	2.494603210399435056e-01	6.729738016698855851e+00
1.840017349594439855e+00	3.046970107488723989e-01	6.761185390608662971e+00
1.950779775254535053e+00	3.644754509342748028e-01	6.792632764518470978e+00
2.059613160963248646e+00	4.284703858494399720e-01	6.824080138428278985e+00
2.166409886192758982e+00	4.963398751070429160e-01	6.855527512338086993e+00
2.271064344378828093e+00	5.677269694201839689e-01	6.886974886247894112e+00
2.373473047350479259e+00	6.422615092329286846e-01	6.918422260157702119e+00
2.473534727664859822e+00	7.195618077983854111e-01	6.949869634067510127e+00
2.571150438746153899e+00	7.992364650965421147e-01	6.981317007977317246e+00
2.666223652729485583e+00	8.808861508940970531e-01	7.012764381887125253e+00
2.758660355913046036e+00	9.641053506403148843e-01	7.044211755796933261e+00
2.848369141724098608e+00	1.048484227214936171e+00	7.075659129706740380e+00
2.935261301106908416e+00	1.133610350474016037e+00	7.107106503616548387e+00
3.019250910243193697e+00	1.219070515887283213e+00	7.138553877526356395e+00
3.100254915518405596e+00	1.304452525134578655e+00	7.170001251436164402e+00
3.178193215649772529e+00	1.389346910551733094e+00	7.201448625345971521e+00
3.252988740894930064e+00	1.473348714068839271e+00	7.232895999255779529e+00
3.324567529262773213e+00	1.556059161086206899e+00	7.264343373165587536e+00
3.392858799651206958e+00	1.637087347419004191e+00	7.295790747075394655e+00
3.457795021839458194e+00	1.716051879545288816e+00	7.327238120985202663e+00
3.519311983265716481e+00	1.792582451136599087e+00	7.358685494895010670e+00
3.577348852524107059e+00	1.866321391333449320e+00	7.390132868804817790e+00
3.631848239518183252e+00	1.936925144411156818e+00	7.421580242714625797e+00
3.682756252211451642e+00	2.004065692750215621e+00	7.453027616624433804e+00
3.730022549918828201e+00	2.067431899722468991e+00	7.484474990534240924e+00
3.773600393086323557e+00	2.126730811158779488e+00	7.515922364444048931e+00
3.813446689509716325e+00	2.181688865210948070e+00	7.547369738353856938e+00
3.849522036946533721e+00	2.232052972113605094e+00	7.578817112263664946e+00
3.881790762079186941e+00	2.277591599611074269e+00	7.610264486173472065e+00
3.910220955790744135e+00	2.318095734461763868e+00	7.641711860083280072e+00
3.934784504718439990e+00	2.353379670166142912e+00	7.673159233993088080e+00
3.955457119053741977e+00	2.383281824178919983e+00	7.704606607902895199e+00
3.972218356561470376e+00	2.407665424248078168e+00	7.736053981812703206e+00
3.985051642794217308e+00	2.426418981806710562e+00	7.767501355722511214e+00
3.993944287482089628e+00	2.439456803039065313e+00	7.798948729632318333e+00
3.998887497081554887e+00	2.446719383459524888e+00	7.830396103542126340e+00
3.999876383470987840e+00	2.448382832381772012e+00	7.861843477451934348e+00
3.996909968784317702e+00	2.449025341489370344e+00	7.893290851361742355e+00
3.989991186377999099e+00	2.450475952119683054e+00	7.924738225271549474e+00
3.979126877930341255e+00	2.452617156601705872e+00	7.956185599181357482e+00
3.964327786676078880e+00	2.455267208418421720e+00	7.987632973091165489e+00
3.945608546782858994e+00	2.458183149330317452e+00	8.019080347000972608e+00
3.922987668880159262e+00	2.461066180721659613e+00	8.050527720910780616e+00
3.896487521754945504e+00	2.463567345419618082e+00	8.081975094820588623e+00
3.866134310232165916e+00	2.465294536428824568e+00	8.113422468730396631e+00
3.831958049261955601e+00	2.465821192365172720e+00	8.144869842640204638e+00
3.793992534239182923e+00	2.464694942794903199e+00	8.176317216550010869e+00
3.752275307584665320e+00	2.461447810793238045e+00	8.207764590459818876e+00
3.706847621621141453e+00	2.455606673760285297e+00	8.239211964369626884e+00
3.657754397780664135e+00	2.446703973061006288e+00	8.270659338279434891e+00
3.605044182183779533e+00	2.434289095045230944e+00	8.302106712189242899e+00
3.548769097634416614e+00	2.417938780233821916e+00	8.333554086099050906e+00
3.488984792077948427e+00	2.397266938311379825e+00	8.365001460008857137e+00
3.425750383573386681e+00	2.371934643298955425e+00	8.396448833918665144e+00
3.359128401834161615e+00	2.341658323674872921e+00	8.427896207828473152e+00
3.289184726395239622e+00	2.306216879835418343e+00	8.459343581738281159e+00
3.215988521467763928e+00	2.265457249375230298e+00	8.490790955648089167e+00
3.139612167545618782e+00	2.219298752045393286e+00	8.522238329557897174e+00
3.060131189831559961e+00	2.167735643546315760e+00	8.553685703467705181e+00
2.977624183553680304e+00	2.110836875632095211e+00	8.585133077377511412e+00
2.892172736246040987e+00	2.048746377057491852e+00	8.616580451287319420e+00
2.803861347070392807e+00	1.981680438120814181e+00	8.648027825197127427e+00
2.712777343258668150e+00	1.909923410026744151e+00	8.679475199106935435e+00
2.619010793758941968e+00	1.833823291027750324e+00	8.710922573016743442e+00
2.522654420170229894e+00	1.753785455414343719e+00	8.742369946926551449e+00
2.423803505054198393e+00	1.670265925161853460e+00	8.773817320836357680e+00
2.322555797714427328e+00	1.583764012593710468e+00	8.805264694746165688e+00
2.219011417536472575e+00	1.494814616800058005e+00	8.836712068655973695e+00
2.113272754984209190e+00	1.403980355782547651e+00	8.868159442565781703e+00
2.005444370350426109e+00	1.311843737817944833e+00	8.899606816475589710e+00
1.895632890361774292e+00	1.218999540616466426e+00	8.931054190385397717e+00
1.783946902740304763e+00	1.126047551621757847e+00	8.962501564295205725e+00
1.670496848825874014e+00	1.033585738413993926e+00	8.993948938205011956e+00
1.555394914365555437e+00	9.422039277583333927e-01	9.025396312114819963e+00
1.438754918578147413e+00	8.524781317181006068e-01	9.056843686024627971e+00
1.320692201603350435e+00	7.649654525280127348e-01	9.088291059934435978e+00
1.201323510447004361e+00	6.801996413106282668e-01	9.119738433844243986e+00
1.080766883535130063e+00	5.986872867755460570e-01	9.151185807754051993e+00
9.591415339909443727e-01	5.209046050919220461e-01	9.182633181663860000e+00
8.365677317502758781e-01	4.472948156754324445e-01	9.214080555573666231e+00
7.131666846319091313e-01	3.782660419177545919e-01	9.245527929483474239e+00
5.890604184805688925e-01	3.141897501811222182e-01	9.276975303393282246e+00
4.643716565009242125e-01	2.553995545267399025e-01	9.308422677303090254e+00
3.392236979020389898e-01	2.021904651909594008e-01	9.339870051212898261e+00
2.137402959722308482e-01	1.548185044920289966e-01	9.371317425122706268e+00
8.804553570491743808e-02	1.135006122719087601e-01	9.402764799032512499e+00
-3.773628890358089738e-02	7.841479227477148040e-02	9.434212172942320507e+00
-1.634807977628412734e-01	4.970050838259178899e-02	9.465659546852128514e+00
-2.890636476823440493e-01	2.745926938233298961e-02	9.497106920761936522e+00
-4.143606553289543304e-01	1.175537673975480223e-02	9.528554294671744529e+00
-5.392479200263350370e-01	2.616808837089019176e-03	9.560001668581552536e+00
-6.636019462748526943e-01	3.622375181309000906e-05	9.591449042491360544e+00
-7.872997658708149604e-01	3.972059173426687947e-03	9.622896416401166775e+00
-9.102190595043239130e-01	1.434971969670302029e-02	9.654343790310974782e+00
-1.032238277715396446e+00	3.106283654066021790e-02	9.685791164220782790e+00
-1.153236761088883844e+00	5.397458995673120458e-02	9.717238538130590797e+00
-1.273094859569231740e+00	8.291908976284628752e-02	9.748685912040398804e+00
-1.391694050777134262e+00	1.177028046089889923e-01	9.780133285950206812e+00
-1.508917057211072610e+00	1.581060391517649655e-01	9.811580659860013043e+00
-1.624647962217883768e+00	2.038844517274251422e-01	9.843028033769821050e+00
-1.738772324617577691e+00	2.547706120916981010e-01	9.874475407679629058e+00
-1.851177291869192221e+00	3.104755943500770998e-01	9.905922781589437065e+00
-1.961751711665679299e+00	3.706906057665224630e-01	9.937370155499245072e+00
-2.070386241847511855e+00	4.350886428342453649e-01	9.968817529409053080e+00
-2.176973458526315408e+00	5.033261779306563710e-01	1.000026490331886109e+01
-2.281407962311599924e+00	5.750448778268135719e-01	1.003171227722866732e+01
-2.383586482535585915e+00	6.498733355573332870e-01	1.006315965113847533e+01
-2.483407979372970420e+00	7.274288234808146125e-01	1.009460702504828333e+01
-2.580773743754770866e+00	8.073190681681051695e-01	1.012605439895809134e+01
-2.675587494977355707e+00	8.891440319178844920e-01	1.015750177286789935e+01
-2.767755475910183449e+00	9.724977002089441047e-01	1.018894914677770736e+01
-2.857186545708078285e+00	1.056969884078374777e+00	1.022039652068751359e+01
-2.943792269936408967e+00	1.142148000373283345e+00	1.025184389459732159e+01
-3.027487008019963177e+00	1.227618868383044459e+00	1.028329126850712960e+01
-3.108187997929150903e+00	1.312970477766538968e+00	1.031473864241693761e+01
-3.185815438019714119e+00	1.397793741124140787e+00	1.034618601632674562e+01
-3.260292565945047460e+00	1.481684238155988487e+00	1.037763339023655362e+01
-3.331545734563093220e+00	1.564243905773852861e+00	1.040908076414636163e+01
-3.399504484762741807e+00	1.645082721759320243e+00	1.044052813805616786e+01
-3.464101615137751278e+00	1.723820325875840886e+00	1.047197551196597587e+01
-3.525273248439225515e+00	1.800087606672576390e+00	1.050342288587578388e+01
-3.582958894741019584e+00	1.873528246426332089e+00	1.053487025978559188e+01
-3.637101511255552477e+00	1.943800175864703883e+00	1.056631763369539989e+01
-3.687647558740899445e+00	2.010577003380797478e+00	1.059776500760520790e+01
-3.734547054443384084e+00	2.073549365247659537e+00	1.062921238151501591e+01
-3.777753621523312955e+00	2.132426185689819231e+00	1.066065975542482214e+01
-3.817224534914993583e+00	2.186935891053382708e+00	1.069210712933463014e+01
-3.852920763575649055e+00	2.236827519773850081e+00	1.072355450324443815e+01
-3.884807009081504336e+00	2.281871745911809413e+00	1.075500187715424616e+01
-3.912851740532833134e+00	2.321861833714256029e+00	1.078644925106405417e+01
-3.937027225733474189e+00	2.356614474861005171e+00	1.081789662497386217e+01
-3.957309558613972822e+00	2.385970541776926357e+00	1.084934399888366841e+01
-3.973678682871241818e+00	2.409795744583743016e+00	1.088079137279347641e+01
-3.986118411801346184e+00	2.427981172599860571e+00	1.091223874670328442e+01
-3.994616444305825631e+00	2.440443745696165401e+00	1.094368612061309243e+01
-3.999164377055704378e+00	2.447126554559043932e+00	1.097513349452290043e+01
-3.999757712801174758e+00	2.448408509790088505e+00	1.100658086843270844e+01
-3.996395864818726107e+00	2.449135285385867000e+00	1.103802824234251645e+01
-3.989082157491331326e+00	2.450661357835850929e+00	1.106947561625232268e+01
-3.977823823021110705e+00	2.452862706817806160e+00	1.110092299016213069e+01
-3.962631994277727721e+00	2.455551243433240938e+00	1.113237036407193870e+01
-3.943521693789584059e+00	2.458478216739376165e+00	1.116381773798174670e+01
-3.920511818888706923e+00	2.461339551087645905e+00	1.119526511189155471e+01
-3.893625123024011092e+00	2.463781559838979174e+00	1.122671248580136272e+01
-3.862888193261420522e+00	2.465408423695607087e+00	1.125815985971116895e+01
-3.828331423993085458e+00	2.465790486665339287e+00	1.128960723362097696e+01
-3.789988986881720923e+00	2.464473378963566663e+00	1.132105460753078496e+01
-3.747898797069753929e+00	2.460988131837952508e+00	1.135250198144059297e+01
-3.702102475686713134e+00	2.454861689390954282e+00	1.138394935535040098e+01
-3.652645308691934378e+00	2.445627799351822507e+00	1.141539672926020899e+01
-3.599576202093273558e+00	2.432838004838507651e+00	1.144684410317001699e+01
-3.542947633586121192e+00	2.416072140568009008e+00	1.147829147707982322e+01
-3.482815600660513322e+00	2.394948559938129495e+00	1.150973885098963123e+01
-3.419239565227707001e+00	2.369133633785471815e+00	1.154118622489943924e+01
-3.352282394820908173e+00	2.338349621338442930e+00	1.157263359880924725e+01
-3.282010300428352068e+00	2.302382057563218787e+00	1.160408097271905525e+01
-3.208492771020176715e+00	2.261085036628261768e+00	1.163552834662886326e+01
-3.131802504833857803e+00	2.214385201862308250e+00	1.166697572053866949e+01
-3.052015337486114088e+00	2.162284008802781266e+00	1.169842309444847750e+01
-2.969210166982441557e+00	2.104858327914358007e+00	1.172987046835828551e+01
-2.883468875698343759e+00	2.042259408280035160e+00	1.176131784226809351e+01
-2.794876249409472546e+00	1.974710447160639815e+00	1.179276521617790152e+01
-2.703519893450718747e+00	1.902502560371111651e+00	1.182421259008770953e+01
-2.609490146087165563e+00	1.825989505022226123e+00	1.185565996399751754e+01
-2.512879989182575269e+00	1.745582217944209535e+00	1.188710733790732377e+01
-2.413784956253710146e+00	1.661741340292357316e+00	1.191855471181713177e+01
-2.312303038001487732e+00	1.574970089616464675e+00	1.195000208572693978e+01
-2.208534585412285089e+00	1.485806501673105240e+00	1.198144945963674779e+01
-2.102582210525286044e+00	1.394815528139548899e+00	1.201289683354655580e+01
-1.994550684963968257e+00	1.302581239945972413e+00	1.204434420745636380e+01
-1.884546836332072761e+00	1.209699249298370471e+00	1.207579158136617181e+01
-1.772679442576511333e+00	1.116769460386882518e+00	1.210723895527597804e+01
-1.659059124421633946e+00	1.024389300828547844e+00	1.213868632918578605e+01
-1.543798235981320044e+00	9.331474495639946465e-01	1.217013370309559406e+01
-1.427010753656931197e+00	8.436182531641440718e-01	1.220158107700540207e+01
-1.308812163431089637e+00	7.563566637878165189e-01	1.223302845091521007e+01
-1.189319346668691546e+00	6.718938827909392009e-01	1.226447582482501808e+01
-1.068650464538093425e+00	5.907335929803150254e-01	1.229592319873482431e+01
-9.469248411667260390e-01	5.133488220757466136e-01	1.232737057264463232e+01
-8.242628456467763209e-01	4.401793655117042237e-01	1.235881794655444033e+01
-7.007857730074809055e-01	3.716297540901128960e-01	1.239026532046424833e+01
-5.766157242718371601e-01	3.080676955808991369e-01	1.242171269437405634e+01
-4.518754857162943228e-01	2.498229708804124982e-01	1.245316006828386435e+01
-3.266884074528284554e-01	1.971867158065006009e-01	1.248460744219367236e+01
-2.011782814534726904e-01	1.504110436481874147e-01	1.251605481610347859e+01
-7.546921913787522918e-02	1.097089899259495183e-01	1.254750219001328659e+01
5.031447135495844408e-02	7.525467778669688024e-02	1.257894956392309460e+01
1.760484080895219350e-01	4.718375043313936812e-02	1.261039693783290261e+01
3.016082583296027519e-01	2.559395763471132221e-02	1.264184431174271062e+01
4.268698614854330442e-01	1.054592909004458366e-02	1.267329168565251862e+01
5.517093518906057703e-01	2.064062874789970251e-03	1.270473905956232485e+01
6.760032812873888464e-01	1.375442024507095404e-04	1.273618643347213286e+01
7.996287408992119872e-01	4.721452775029165959e-03	1.276763380738194087e+01
9.224634829697554439e-01	1.573795808022329309e-02	1.279908118129174888e+01
1.044386041648348806e+00	3.307758578277068123e-02	1.283052855520155688e+01
1.165275853102185621e+00	5.660054595158065666e-02	1.286197592911136489e+01
1.285013374736572844e+00	8.613811919087226154e-02	1.289342330302117290e+01
1.403480203405314208e+00	1.214940908075916037e-01	1.292487067693097913e+01
1.520559192494380207e+00	1.624462316874241141e-01	1.295631805084078714e+01
1.636134567762977943e+00	2.087478207458418611e-01	1.298776542475059514e+01
1.750092041827612688e+00	2.601292054363790185e-01	1.301921279866040315e+01
1.862318927175824923e+00	3.162993996801468644e-01	1.305066017257021116e+01
1.972704247597895089e+00	3.769477137447812543e-01	1.308210754648001917e+01
2.081138847926307989e+00	4.417454166203213517e-01	1.311355492038982540e+01
2.187515501974503174e+00	5.103474239497605147e-01	1.314500229429963341e+01
2.291729018568074316e+00	5.823940142220013216e-01	1.317644966820944141e+01
2.393676345563702679e+00	6.575125685027116695e-01	1.320789704211924942e+01
2.493256671752863252e+00	7.353193272449376483e-01	1.323934441602905743e+01
2.590371526549573478e+00	8.154211576638418224e-01	1.327079178993886543e+01
2.684924877363608964e+00	8.974173445128115212e-01	1.330223916384867344e+01
2.776823224562884107e+00	9.809013778504585002e-01	1.333368653775847967e+01
2.865975693931127832e+00	1.065462743116753375e+00	1.336513391166828768e+01
2.952294126529351637e+00	1.150688723905393118e+00	1.339658128557809569e+01
3.035693165872352051e+00	1.236166171713525719e+00	1.342802865948790370e+01
3.116090342333961871e+00	1.321483290351295192e+00	1.345947603339771170e+01
3.193406154697621790e+00	1.406231386235111014e+00	1.349092340730751971e+01
3.267564148771616050e+00	1.490006591221884058e+00	1.352237078121732594e+01
3.338490992991264950e+00	1.572411579105930546e+00	1.355381815512713395e+01
3.406116550933241616e+00	1.653057216815362773e+00	1.358526552903694196e+01
3.470373950670402330e+00	1.731564199914274571e+00	1.361671290294674996e+01
3.531199650898475983e+00	1.807564629624225372e+00	1.364816027685655797e+01
3.588533503769254729e+00	1.880703534724078807e+00	1.367960765076636598e+01
3.642318814368141311e+00	1.950640366796704051e+00	1.371105502467617399e+01
3.692502396777245899e+00	2.017050376118598720e+00	1.374250239858598022e+01
3.739034626668601202e+00	2.079625960194110057e+00	1.377394977249578822e+01
3.781869490375451726e+00	2.138077957526876904e+00	1.380539714640559623e+01
3.820964630393145711e+00	2.192136795088773127e+00	1.383684452031540424e+01
3.856281387264601346e+00	2.241553625789881377e+00	1.386829189422521225e+01
3.887784837808933691e+00	2.286101359931546284e+00	1.389973926813502025e+01
3.915443829655445462e+00	2.325575547982008828e+00	1.393118664204482826e+01
3.939231012048830749e+00	2.359795272873260519e+00	1.396263401595463449e+01
3.959122862895132933e+00	2.388603879278190512e+00	1.399408138986444250e+01
3.975099712021695986e+00	2.411869566531700482e+00	1.402552876377425051e+01
3.987145760628136859e+00	2.429486003706258668e+00	1.405697613768405851e+01
3.995249096909076592e+00	2.441372727085568073e+00	1.408842351159386652e+01
3.999401707833201591e+00	2.447475441611492997e+00	1.411987088550367453e+01
3.999599487066995529e+00	2.448442963730707245e+00	1.415131825941348076e+01
3.995842239035309884e+00	2.449253262801918130e+00	1.418276563332328877e+01
3.988133679114761243e+00	2.450853630598801125e+00	1.421421300723309677e+01
3.976481429959757730e+00	2.453113197560824688e+00	1.424566038114290478e+01
3.960897013964794766e+00	2.455837731242303867e+00	1.427710775505271279e+01
3.941395841870466654e+00	2.458772695067902081e+00	1.430855512896252080e+01
3.917997197524466291e+00	2.461608778012805310e+00	1.434000250287232880e+01
3.890724218812642299e+00	2.463987699327342185e+00	1.437144987678213504e+01
3.859603874778958055e+00	2.465509909722545245e+00	1.440289725069194304e+01
3.824666938957005602e+00	2.465742825406278094e+00	1.443434462460175105e+01
3.785947958939411606e+00	2.464230160715724871e+00	1.446579199851155906e+01
3.743485222215249930e+00	2.460502058653427859e+00	1.449723937242136707e+01
3.697320718309234699e+00	2.454085644959533408e+00	1.452868674633117507e+01
3.647500097260138574e+00	2.444515970098223967e+00	1.456013412024098130e+01
3.594072624479472733e+00	2.431346912165123442e+00	1.459158149415078931e+01
3.537091132035114605e+00	2.414161731995616567e+00	1.462302886806059732e+01
3.476611966407998633e+00	2.392583177320448673e+00	1.465447624197040533e+01
3.412694932773574052e+00	2.366282850686781458e+00	1.468592361588021333e+01
3.345403235863106950e+00	2.334989038707407261e+00	1.471737098979002134e+01
3.274803417463314048e+00	2.298493924741959571e+00	1.474881836369982935e+01
3.200965290616133885e+00	2.256658704402393134e+00	1.478026573760963558e+01
3.123961870583674916e+00	2.209417427942987455e+00	1.481171311151944359e+01
3.043869302646674768e+00	2.156779091493827849e+00	1.484316048542925159e+01
2.960766786807778050e+00	2.098828074377444786e+00	1.487460785933905960e+01
2.874736499474156659e+00	2.035722945470092249e+00	1.490605523324886761e+01
2.785863512196889769e+00	1.967693922305858711e+00	1.493750260715867562e+01
2.694235707547470771e+00	1.895038606371135526e+00	1.496894998106848185e+01
2.599943692214593316e+00	1.818116760005526800e+00	1.500039735497828985e+01
2.503080707407229433e+00	1.737344629921696804e+00	1.503184472888809786e+01
2.403742536652496931e+00	1.653187433830903830e+00	1.506329210279790587e+01
2.302027411079564434e+00	1.566152234044541958e+00	1.509473947670771388e+01
2.198035912283228033e+00	1.476780109919369366e+00	1.512618685061752188e+01
2.091870872863212938e+00	1.385638274710865536e+00	1.515763422452732989e+01
1.983637274737566125e+00	1.293312289074885157e+00	1.518908159843713612e+01
1.873442145330649566e+00	1.200398513726765870e+00	1.522052897234694413e+01
1.761394451738483857e+00	1.107496901440828907e+00	1.525197634625675214e+01
1.647604992975976401e+00	1.015204278499163504e+00	1.528342372016656014e+01
1.532186290412675511e+00	9.241081302692862876e-01	1.531487109407636815e+01
1.415252476505358681e+00	8.347810819795373760e-01	1.534631846798617616e+01
1.296919181937486565e+00	7.477758972099878276e-01	1.537776584189598417e+01
1.177303421277135831e+00	6.636211832306324609e-01	1.540921321580579040e+01
1.056523477266432920e+00	5.828176896873648039e-01	1.544066058971559841e+01
9.346987838570165463e-01	5.058352275198463310e-01	1.547210796362540641e+01
8.119498081070510853e-01	4.331101491183397267e-01	1.550355533753521442e+01
6.883979310566807897e-01	3.650433647386673308e-01	1.553500271144502243e+01
5.641653276996809740e-01	3.019988333323253560e-01	1.556645008535483043e+01
4.393748461700097696e-01	2.443024964735920068e-01	1.559789745926463667e+01
3.141498862626871391e-01	1.922416002709494420e-01	1.562934483317444467e+01
1.886142774092302854e-01	1.460643475726305929e-01	1.566079220708425268e+01
6.289215622817052875e-02	1.059798717317608496e-01	1.569223958099406069e+01
-6.289215622815852447e-02	7.215842470515841656e-02	1.572368695490386870e+01
-1.886142774092182950e-01	4.473183117397355746e-02	1.575513432881367670e+01
-3.141498862626751487e-01	2.379409186921270861e-02	1.578658170272348471e+01
-4.393748461699907848e-01	9.402170981734960312e-03	1.581802907663329094e+01
-5.641653276996690947e-01	1.576898049991780652e-03	1.584947645054309895e+01
-6.883979310566690213e-01	3.039961733132682587e-04	1.588092382445290696e+01
-8.119498081070393170e-01	5.535199097142940589e-03	1.591237119836271496e+01
-9.346987838570047780e-01	1.718945388088511869e-02	1.594381857227252297e+01
-1.056523477266421374e+00	3.515419371446763114e-02	1.597526594618233098e+01
-1.177303421277124285e+00	5.928667273597964388e-02	1.600671332009213899e+01
-1.296919181937475241e+00	8.941535640169034904e-02	1.603816069400194522e+01
-1.415252476505354018e+00	1.253413615253143043e-01	1.606960806791175500e+01
-1.532186290412664409e+00	1.668399403393063252e-01	1.610105544182156123e+01
-1.647604992975958860e+00	2.136620080243921416e-01	1.613250281573136746e+01
-1.761394451738472977e+00	2.655357059986831469e-01	1.616395018964117725e+01
-1.873442145330632691e+00	3.221680040912072163e-01	1.619539756355098348e+01
-1.983637274737555689e+00	3.832463330632400189e-01	1.622684493746079326e+01
-2.091870872863202724e+00	4.484402502421092063e-01	1.625829231137059949e+01
-2.198035912283223592e+00	5.174031298103731746e-01	1.628973968528040928e+01
-2.302027411079554664e+00	5.897738819965794299e-01	1.632118705919021551e+01
-2.403742536652481832e+00	6.651786944137656477e-01	1.635263443310002174e+01
-2.503080707407220107e+00	7.432327905283963032e-01	1.638408180700983152e+01
-2.599943692214578661e+00	8.235421983273357727e-01	1.641552918091963775e+01
-2.694235707547461889e+00	9.057055430648889294e-01	1.644697655482944754e+01
-2.785863512196880887e+00	9.893158330422620050e-01	1.647842392873925377e+01
-2.874736499474153106e+00	1.073962252993377886e+00	1.650987130264906355e+01
-2.960766786807770057e+00	1.159231963914924224e+00	1.654131867655886978e+01
-3.043869302646662334e+00	1.244711871955245686e+00	1.657276605046867601e+01
-3.123961870583667366e+00	1.329990413591939147e+00	1.660421342437848580e+01
-3.200965290616122338e+00	1.414659299637641698e+00	1.663566079828829203e+01
-3.274803417463311384e+00	1.498315240166305573e+00	1.666710817219810181e+01
-3.345403235863100289e+00	1.580561654700511243e+00	1.669855554610790804e+01
-3.412694932773563838e+00	1.661010319447232098e+00	1.673000292001771427e+01
-3.476611966407992416e+00	1.739283001448678201e+00	1.676145029392752406e+01
-3.537091132035105279e+00	1.815013025661994739e+00	1.679289766783733029e+01
-3.594072624479467404e+00	1.887846797764551221e+00	1.682434504174714007e+01
-3.647500097260131025e+00	1.957445289368256347e+00	1.685579241565694630e+01
-3.697320718309232923e+00	2.023485403452184972e+00	1.688723978956675609e+01
-3.743485222215245489e+00	2.085661326435365837e+00	1.691868716347656232e+01
-3.785947958939405389e+00	2.143685805724988569e+00	1.695013453738636855e+01
-3.824666938957002049e+00	2.197291289216149579e+00	1.698158191129617833e+01
-3.859603874778953170e+00	2.246231062261168532e+00	1.701302928520598456e+01
-3.890724218812639634e+00	2.290280260688257741e+00	1.704447665911579435e+01
-3.917997197524464070e+00	2.329236748492527820e+00	1.707592403302560058e+01
-3.941395841870465766e+00	2.362922005633877998e+00	1.710737140693541036e+01
-3.960897013964792990e+00	2.391181835134892353e+00	1.713881878084521659e+01
-3.976481429959755509e+00	2.413886957975583947e+00	1.717026615475502282e+01
-3.988133679114760355e+00	2.430933615970121142e+00	1.720171352866483261e+01
-3.995842239035308996e+00	2.442243946312988356e+00	1.723316090257463884e+01
-3.999599487066995529e+00	2.447766290702045211e+00	1.726460827648444862e+01
-3.999401707833202035e+00	2.448485949034694631e+00	1.729605565039425485e+01
-3.995249096909076592e+00	2.449379234974955910e+00	1.732750302430406464e+01
-3.987145760628137747e+00	2.451052411998210001e+00	1.735895039821387087e+01
-3.975099712021698206e+00	2.453368202565775480e+00	1.739039777212367710e+01
-3.959122862895134709e+00	2.456126189819867189e+00	1.742184514603348688e+01
-3.939231012048834302e+00	2.459066047538587707e+00	1.745329251994329312e+01
-3.915443829655446351e+00	2.461873278839584511e+00	1.748473989385310290e+01
-3.887784837808936356e+00	2.464185165606401107e+00	1.751618726776290913e+01
-3.856281387264606675e+00	2.465598362889432682e+00	1.754763464167271536e+01
-3.820964630393149264e+00	2.465677563342001832e+00	1.757908201558252514e+01
-3.781869490375457943e+00	2.463964640204416856e+00	1.761052938949233138e+01
-3.739034626668605643e+00	2.459988951657796186e+00	1.764197676340214116e+01
-3.692502396777253448e+00	2.453277914230511225e+00	1.767342413731194739e+01
-3.642318814368143087e+00	2.443367827232245659e+00	1.770487151122175717e+01
-3.588533503769260058e+00	2.429815329091809417e+00	1.773631888513156341e+01
-3.531199650898485309e+00	2.412207124994711904e+00	1.776776625904136964e+01
-3.470373950670408103e+00	2.390170382415550243e+00	1.779921363295117942e+01
-3.406116550933251386e+00	2.363381952838626177e+00	1.783066100686098565e+01
-3.338490992991271611e+00	2.331576321996086332e+00	1.786210838077079543e+01
-3.267564148771627153e+00	2.294552295075130921e+00	1.789355575468060167e+01
-3.193406154697624455e+00	2.252178099281331836e+00	1.792500312859041145e+01
-3.116090342333969421e+00	2.204395473116868676e+00	1.795645050250021768e+01
-3.035693165872364485e+00	2.151221011137674388e+00	1.798789787641002391e+01
-2.952294126529359630e+00	2.092746220084948039e+00	1.801934525031983370e+01
-2.865975693931141155e+00	2.029137245543386925e+00	1.805079262422963993e+01
-2.776823224562892989e+00	1.960631116598530843e+00	1.808223999813944971e+01
-2.684924877363617846e+00	1.887531901238592047e+00	1.811368737204925594e+01
-2.590371526549577030e+00	1.810205473438748713e+00	1.814513474595906573e+01
-2.493256671752872577e+00	1.729073141595733887e+00	1.817658211986887196e+01
-2.393676345563718222e+00	1.644604705582883852e+00	1.820802949377867819e+01
-2.291729018568084086e+00	1.557310978266133183e+00	1.823947686768848797e+01
-2.187515501974519161e+00	1.467735999172892436e+00	1.827092424159829420e+01
-2.081138847926318647e+00	1.376449177030051318e+00	1.830237161550810399e+01
-1.972704247597905525e+00	1.284037468619580791e+00	1.833381898941791022e+01
-1.862318927175829364e+00	1.191097919627621904e+00	1.836526636332772000e+01
-1.750092041827623568e+00	1.098230455739444889e+00	1.839671373723752623e+01
-1.636134567762995484e+00	1.006031237893472818e+00	1.842816111114733246e+01
-1.520559192494391310e+00	9.150865247784969458e-01	1.845960848505714225e+01
-1.403480203405332194e+00	8.259671527957409554e-01	1.849105585896694848e+01
-1.285013374736577507e+00	7.392236613443592397e-01	1.852250323287675826e+01
-1.165275853102197168e+00	6.553820238348468941e-01	1.855395060678656449e+01
-1.044386041648367236e+00	5.749400265887436579e-01	1.858539798069637072e+01
-9.224634829697671012e-01	4.983642380707899444e-01	1.861684535460618051e+01
-7.996287408992307499e-01	4.260875430365155259e-01	1.864829272851598674e+01
-6.760032812874007258e-01	3.585072136878149074e-01	1.867974010242579652e+01
-5.517093518906247551e-01	2.959834722027236409e-01	1.871118747633560275e+01
-4.268698614854379292e-01	2.388384005520953479e-01	1.874263485024541254e+01
-3.016082583296146868e-01	1.873553479551685330e-01	1.877408222415521877e+01
-1.760484080895410308e-01	1.417786050891581273e-01	1.880552959806502500e+01
-5.031447135497044837e-02	1.023134100957657361e-01	1.883697697197483478e+01
7.546921913785611946e-02	6.912614647487022590e-02	1.886842434588464101e+01
2.011782814534607000e-01	4.234482788103627326e-02	1.889987171979445080e+01
3.266884074528165205e-01	2.205971196174823581e-02	1.893131909370425703e+01
4.518754857162894378e-01	8.324107237239357360e-03	1.896276646761406681e+01
5.766157242718252807e-01	1.155284451054505073e-03	1.899421384152387304e+01
7.007857730074621427e-01	5.355165668023266316e-04	1.902566121543367927e+01
8.242628456467645526e-01	6.413203076631801731e-03	1.905710858934348906e+01
9.469248411667074983e-01	1.870408086676442552e-02	1.908855596325329529e+01
1.068650464538081657e+00	3.729250508412008253e-02	1.912000333716310507e+01
1.189319346668680000e+00	6.203278645603989977e-02	1.915145071107291130e+01
1.308812163431085196e+00	9.275059139191274560e-02	1.918289808498272109e+01
1.427010753656919873e+00	1.292443810575245322e-01	1.921434545889252732e+01
1.543798235981302280e+00	1.712869061640088786e-01	1.924579283280233355e+01
1.659059124421623066e+00	2.186267322551146142e-01	1.927724020671214333e+01
1.772679442576494235e+00	2.709898123126519009e-01	1.930868758062194956e+01
1.884546836332068542e+00	3.280810872657938249e-01	1.934013495453175935e+01
1.994550684963957821e+00	3.895861265582802879e-01	1.937158232844156558e+01
2.102582210525281603e+00	4.551727902680005600e-01	1.940302970235137536e+01
2.208534585412274875e+00	5.244929284622837917e-01	1.943447707626118159e+01
2.312303038001472189e+00	5.971841024814767973e-01	1.946592445017098783e+01
2.413784956253700820e+00	6.728713245576413149e-01	1.949737182408079761e+01
2.512879989182560614e+00	7.511688158530844817e-01	1.952881919799060384e+01
2.609490146087161566e+00	8.316817871414641239e-01	1.956026657190041362e+01
2.703519893450709866e+00	9.140082182478983519e-01	1.959171394581021985e+01
2.794876249409459223e+00	9.977406543304596642e-01	1.962316131972002609e+01
2.883468875698335765e+00	1.082468001153484627e+00	1.965460869362983587e+01
2.969210166982428678e+00	1.167777307352364291e+00	1.968605606753964210e+01
3.052015337486106095e+00	1.253255560274125102e+00	1.971750344144945188e+01
3.131802504833845813e+00	1.338491440647544772e+00	1.974895081535925812e+01
3.208492771020173606e+00	1.423077081561152868e+00	1.978039818926906790e+01
3.282010300428344962e+00	1.506609792727347630e+00	1.981184556317887413e+01
3.352282394820897959e+00	1.588693748145838303e+00	1.984329293708868036e+01
3.419239565227700783e+00	1.668941657465405903e+00	1.987474031099849014e+01
3.482815600660503996e+00	1.746976367911104111e+00	1.990618768490829638e+01
3.542947633586115419e+00	1.822432448850766384e+00	1.993763505881810616e+01
3.599576202093268229e+00	1.894957707143133163e+00	1.996908243272791239e+01
3.652645308691932158e+00	1.964214627389386125e+00	2.000052980663772217e+01
3.702102475686708694e+00	2.029881790446047329e+00	2.003197718054752841e+01
3.747898797069747268e+00	2.091655187978640029e+00	2.006342455445733464e+01
3.789988986881716926e+00	2.149249471690313218e+00	2.009487192836714442e+01
3.828331423993079685e+00	2.202399140380886688e+00	2.012631930227695065e+01
3.862888193261417413e+00	2.250859616762107773e+00	2.015776667618676044e+01
3.893625123024008428e+00	2.294408257868318035e+00	2.018921405009656667e+01
3.920511818888706035e+00	2.332845272988119945e+00	2.022066142400637645e+01
3.943521693789581839e+00	2.365994531642664267e+00	2.025210879791618268e+01
3.962631994277725056e+00	2.393704294553534062e+00	2.028355617182598891e+01
3.977823823021109817e+00	2.415847833193565553e+00	2.031500354573579870e+01
3.989082157491329994e+00	2.432323942862681498e+00	2.034645091964560493e+01
3.996395864818725663e+00	2.443057364647209351e+00	2.037789829355541471e+01
3.999757712801174758e+00	2.447999088970902903e+00	2.040934566746522094e+01
3.999164377055704822e+00	2.448538067893049952e+00	2.044079304137502717e+01
3.994616444305826075e+00	2.449513836595884175e+00	2.047224041528483696e+01
3.986118411801347960e+00	2.451258521742108787e+00	2.050368778919464319e+01
3.973678682871243151e+00	2.453628697577497242e+00	2.053513516310445297e+01
3.957309558613975931e+00	2.456417455228933733e+00	2.056658253701425920e+01
3.937027225733475078e+00	2.459359045368599173e+00	2.059802991092406899e+01
3.912851740532835798e+00	2.462133782765382417e+00	2.062947728483387522e+01
3.884807009081508777e+00	2.464374483978895469e+00	2.066092465874368145e+01
3.852920763575652163e+00	2.465674345231172016e+00	2.069237203265349123e+01
3.817224534914999357e+00	2.465595219347605838e+00	2.072381940656329746e+01
3.777753621523316951e+00	2.463677294380277161e+00	2.075526678047310725e+01
3.734547054443388525e+00	2.459449252399090735e+00	2.078671415438291348e+01
3.687647558740901665e+00	2.452438941225646651e+00	2.081816152829272326e+01
3.637101511255557362e+00	2.442184275740268973e+00	2.084960890220252949e+01
3.582958894741028022e+00	2.428244191752816583e+00	2.088105627611233572e+01
3.525273248439231288e+00	2.410209014369383063e+00	2.091250365002214551e+01
3.464101615137761048e+00	2.387710715447320720e+00	2.094395102393195174e+01
3.399504484762748024e+00	2.360431429527409364e+00	2.097539839784176152e+01
3.331545734563099881e+00	2.328111835952014541e+00	2.100684577175156775e+01
3.260292565945050125e+00	2.290557496419740602e+00	2.103829314566137754e+01
3.185815438019721224e+00	2.247643934086625883e+00	2.106974051957118377e+01
3.108187997929162893e+00	2.199320079811426520e+00	2.110118789348099000e+01
3.027487008019971171e+00	2.145610037541285209e+00	2.113263526739079978e+01
2.943792269936421846e+00	2.086613157483225844e+00	2.116408264130060601e+01
2.857186545708086722e+00	2.022502591150168172e+00	2.119553001521041580e+01
2.767755475910192331e+00	1.953522493235360313e+00	2.122697738912022203e+01
2.675587494977359704e+00	1.879983118723749680e+00	2.125842476303003181e+01
2.580773743754779748e+00	1.802256238149839707e+00	2.128987213693983804e+01
2.483407979372985519e+00	1.720768429125511645e+00	2.132131951084964427e+01
2.383586482535595685e+00	1.635993847820543579e+00	2.135276688475945406e+01
2.281407962311615467e+00	1.548447019079935760e+00	2.138421425866926029e+01
2.176973458526319405e+00	1.458674868690050141e+00	2.141566163257907007e+01
2.070386241847522069e+00	1.367248896909878830e+00	2.144710900648887630e+01
1.961751711665695952e+00	1.274757421367032961e+00	2.147855638039868253e+01
1.851177291869202879e+00	1.181798083109598441e+00	2.151000375430849232e+01
1.738772324617594789e+00	1.088970732519636053e+00	2.154145112821829855e+01
1.624647962217894870e+00	9.968707971520587297e-01	2.157289850212810833e+01
1.508917057211090373e+00	9.060832237877338713e-01	2.160434587603791456e+01
1.391694050777138703e+00	8.171770354034864070e-01	2.163579324994772435e+01
1.273094859569243287e+00	7.307004957361383779e-01	2.166724062385753058e+01
1.153236761088902051e+00	6.471769108089131528e-01	2.169868799776733681e+01
1.032238277715407992e+00	5.671010736258537133e-01	2.173013537167714659e+01
9.102190595043425647e-01	4.909362852060474292e-01	2.176158274558695283e+01
7.872997658708267288e-01	4.191119548073488077e-01	2.179303011949676261e+01
6.636019462748645736e-01	3.520217049066389770e-01	2.182447749340656884e+01
5.392479200263399219e-01	2.900219666052282763e-01	2.185592486731637862e+01
4.143606553289662653e-01	2.334309829033393291e-01	2.188737224122618485e+01
2.890636476823630896e-01	1.825282084241595382e-01	2.191881961513599109e+01
1.634807977628532638e-01	1.375540287689243635e-01	2.195026698904580087e+01
3.773628890360000709e-02	9.870977425529198213e-02	2.198171436295560710e+01
-8.804553570490544767e-02	6.615797212857105203e-02	2.201316173686541688e+01
-2.137402959722188578e-01	4.002282534063896641e-02	2.204460911077522312e+01
-3.392236979020341048e-01	2.039086270620104474e-02	2.207605648468503290e+01
-4.643716565009122776e-01	7.311743050495692585e-03	2.210750385859483913e+01
-5.890604184805500187e-01	7.991906521096546565e-04	2.213895123250464536e+01
-7.131666846318973629e-01	8.320376964932913073e-04	2.217039860641445514e+01
-8.365677317502571153e-01	7.355362132211351080e-03	2.220184598032426138e+01
-9.591415339909395987e-01	2.028170461191372564e-02	2.223329335423407116e+01
-1.080766883535118517e+00	3.949235321205318144e-02	2.226474072814387739e+01
-1.201323510446986154e+00	6.483869225319799368e-02	2.229618810205368362e+01
-1.320692201603339111e+00	9.614359990793348854e-02	2.232763547596349341e+01
-1.438754918578129427e+00	1.332029007550773470e-01	2.235908284987329964e+01
-1.555394914365544334e+00	1.757868554723682752e-01	2.239053022378310942e+01
-1.670496848825856695e+00	2.236416987583499383e-01	2.242197759769291565e+01
-1.783946902740300322e+00	2.764912080585009702e-01	2.245342497160272544e+01
-1.895632890361763856e+00	3.340383140036622955e-01	2.248487234551253167e+01
-2.005444370350409677e+00	3.959667384748461472e-01	2.251631971942233790e+01
-2.113272754984198976e+00	4.619426661100611842e-01	2.254776709333214768e+01
-2.219011417536457031e+00	5.316164395694664702e-01	2.257921446724195391e+01
-2.322555797714417558e+00	6.046242850239115230e-01	2.261066184115176370e+01
-2.423803505054183294e+00	6.805900562283629940e-01	2.264210921506156993e+01
-2.522654420170225897e+00	7.591269951653126791e-01	2.267355658897137971e+01
-2.619010793758932643e+00	8.398395056251939383e-01	2.270500396288118594e+01
-2.712777343258653939e+00	9.223249475121287899e-01	2.273645133679099217e+01
-2.803861347070384369e+00	1.006175418915262076e+00	2.276789871070080196e+01
-2.892172736246027664e+00	1.090979557974788960e+00	2.279934608461060819e+01
-2.977624183553672310e+00	1.176324332484405710e+00	2.283079345852041797e+01
-3.060131189831552412e+00	1.261796812133903822e+00	2.286224083243022420e+01
-3.139612167545615673e+00	1.346985951344817911e+00	2.289368820634003399e+01
-3.215988521467756822e+00	1.431484320593403803e+00	2.292513558024984022e+01
-3.289184726395228964e+00	1.514889838644082332e+00	2.295658295415964645e+01
-3.359128401834154953e+00	1.596807464903143181e+00	2.298803032806945623e+01
-3.425750383573376467e+00	1.676850843552587733e+00	2.301947770197926246e+01
-3.488984792077942654e+00	1.754643932022751596e+00	2.305092507588907225e+01
-3.548769097634410841e+00	1.829822550134880821e+00	2.308237244979887848e+01
-3.605044182183777757e+00	1.902035902491886032e+00	2.311381982370868826e+01
-3.657754397780659250e+00	1.970948035622031247e+00	2.314526719761849449e+01
-3.706847621621134348e+00	2.036239204087896049e+00	2.317671457152830072e+01
-3.752275307584660879e+00	2.097607210357127272e+00	2.320816194543811051e+01
-3.793992534239176706e+00	2.154768646003503374e+00	2.323960931934791674e+01
-3.831958049261954269e+00	2.207460045636445933e+00	2.327105669325772652e+01
-3.866134310232162807e+00	2.255438986173844640e+00	2.330250406716753275e+01
-3.896487521754941064e+00	2.298485072818016839e+00	2.333395144107733898e+01
-3.922987668880157042e+00	2.336400839264955120e+00	2.336539881498714877e+01
-3.945608546782855885e+00	2.369012568706788002e+00	2.339684618889695500e+01
-3.964327786676077547e+00	2.396170995404737880e+00	2.342829356280676478e+01
-3.979126877930339923e+00	2.417751918711679160e+00	2.345974093671657101e+01
-3.989991186377998655e+00	2.433656715740264875e+00	2.349118831062638080e+01
-3.996909968784317257e+00	2.443812736305524425e+00	2.352263568453618703e+01
-3.999876383470987395e+00	2.448173608622523645e+00	2.355408305844599326e+01
-3.998887497081554887e+00	2.448597798797385483e+00	2.358553043235580304e+01
-3.993944287482090516e+00	2.449654910256664486e+00	2.361697780626560927e+01
-3.985051642794218196e+00	2.451469664968709328e+00	2.364842518017541906e+01
-3.972218356561472152e+00	2.453891965215922344e+00	2.367987255408522529e+01
-3.955457119053743309e+00	2.456708947396299081e+00	2.371131992799503507e+01
-3.934784504718442211e+00	2.459649086192063461e+00	2.374276730190484130e+01
-3.910220955790748132e+00	2.462387699121147744e+00	2.377421467581464753e+01
-3.881790762079189605e+00	2.464553211259806087e+00	2.380566204972445732e+01
-3.849522036946537717e+00	2.465735337013126305e+00	2.383710942363426355e+01
-3.813446689509718990e+00	2.465493312212455379e+00	2.386855679754407333e+01
-3.773600393086328886e+00	2.463365702958674852e+00	2.390000417145387956e+01
-3.730022549918830865e+00	2.458880624493140488e+00	2.393145154536368935e+01
-3.682756252211456083e+00	2.451566396526601910e+00	2.396289891927349558e+01
-3.631848239518191246e+00	2.440962627783648475e+00	2.399434629318330181e+01
-3.577348852524112388e+00	2.426630887811289217e+00	2.402579366709311159e+01
-3.519311983265724031e+00	2.408165257266838832e+00	2.405724104100291783e+01
-3.457795021839462635e+00	2.385202235352933631e+00	2.408868841491272761e+01
-3.392858799651215396e+00	2.357429621328109626e+00	2.412013578882253384e+01
-3.324567529262776322e+00	2.324594198909390563e+00	2.415158316273234362e+01
-3.252988740894937170e+00	2.286508372489088448e+00	2.418303053664214985e+01
-3.178193215649784076e+00	2.243054881787014398e+00	2.421447791055195609e+01
-3.100254915518410925e+00	2.194190117746214863e+00	2.424592528446176587e+01
-3.019250910243203911e+00	2.139945717687933957e+00	2.427737265837157210e+01
-2.935261301106914189e+00	2.080428512661223195e+00	2.430882003228138188e+01
-2.848369141724109710e+00	2.015818876028721451e+00	2.434026740619118812e+01
-2.758660355913059803e+00	1.946367797014316947e+00	2.437171478010099435e+01
-2.666223652729494464e+00	1.872392053069440010e+00	2.440316215401080413e+01
-2.571150438746168554e+00	1.794269053719482310e+00	2.443460952792061036e+01
-2.473534727664866484e+00	1.712430516321695295e+00	2.446605690183042014e+01
-2.373473047350491694e+00	1.627354980858950917e+00	2.449750427574022638e+01
-2.271064344378835198e+00	1.539560555375017570e+00	2.452895164965003616e+01
-2.166409886192769196e+00	1.449596980818585790e+00	2.456039902355984239e+01
-2.059613160963265077e+00	1.358037786525302604e+00	2.459184639746964862e+01
-1.950779775254545489e+00	1.265472552314915733e+00	2.462329377137945841e+01
-1.840017349594456952e+00	1.172499451906741541e+00	2.465474114528926464e+01
-1.727435412053195174e+00	1.079718182307929153e+00	2.468618851919907442e+01
-1.613145289935936200e+00	9.877233935983956714e-01	2.471763589310888065e+01
-1.497259999696079369e+00	8.970986665710559693e-01	2.474908326701869044e+01
-1.379894135178371561e+00	8.084111602926249418e-01	2.478053064092849667e+01
-1.261163754302025319e+00	7.222068176964886455e-01	2.481197801483830290e+01
-1.141186264296206954e+00	6.390062460916315912e-01	2.484342538874811268e+01
-1.020080305601255288e+00	5.593012122845891776e-01	2.487487276265791891e+01
-8.979656345502962100e-01	4.835517283727379101e-01	2.490632013656772870e+01
-7.749630049476022853e-01	4.121837006969345518e-01	2.493776751047753493e+01
-6.511940486603811085e-01	3.455870897179189605e-01	2.496921488438734471e+01
-5.267811553425042481e-01	2.841145452196514043e-01	2.500066225829715094e+01
-4.018473514086876031e-01	2.280804528340713566e-01	2.503210963220695717e+01
-2.765161783791458272e-01	1.777603689186641467e-01	2.506355700611676696e+01
-1.509115707148824259e-01	1.333907659005229007e-01	2.509500438002657319e+01
-2.515773326427655707e-02	9.516908148563156533e-02	2.512645175393638297e+01
1.006209815574918148e-01	6.325398396563637615e-02	2.515789912784618920e+01
2.263001967351518096e-01	3.776587822198472499e-02	2.518934650175599543e+01
3.517556336442356213e-01	1.878756654885945995e-02	2.522079387566580522e+01
4.768632349446780272e-01	6.365071020897153722e-03	2.525224124957561145e+01
6.014992872557396453e-01	5.085777395393149521e-04	2.528368862348542123e+01
7.255405434905911610e-01	1.193491101144118988e-03	2.531513599739522746e+01
8.488643447300265876e-01	8.361579295693236449e-03	2.534658337130503725e+01
9.713487415143378101e-01	2.192219882413211710e-02	2.537803074521484348e+01
1.092872614433846978e+00	4.175358588055552017e-02	2.540947811912464971e+01
1.213315793898497974e+00	6.770421029421876125e-02	2.544092549303445949e+01
1.332559178968216074e+00	9.959417935611626638e-02	2.547237286694426572e+01
1.450484855126661143e+00	1.372166951783305167e-01	2.550382024085407551e+01
1.566976210881577458e+00	1.803395424947509817e-01	2.553526761476388174e+01
1.681918053076852937e+00	2.287066420287982849e-01	2.556671498867369152e+01
1.795196720801839119e+00	2.820396103135028865e-01	2.559816236258349775e+01
1.906700197785694995e+00	3.400393862384098465e-01	2.562960973649330398e+01
2.016318223165291190e+00	4.023878588683600932e-01	2.566105711040311377e+01
2.123942400517268680e+00	4.687495548335389173e-01	2.569250448431292000e+01
2.229466305046563068e+00	5.387733256414969363e-01	2.572395185822272978e+01
2.332785588825083245e+00	6.120940831413179684e-01	2.575539923213253601e+01
2.433798083976864923e+00	6.883345398092649559e-01	2.578684660604234580e+01
2.532403903707276971e+00	7.671069699016841437e-01	2.581829397995215203e+01
2.628505541076741725e+00	8.480149980597190273e-01	2.584974135386195826e+01
2.722007965421003650e+00	9.306553842222369255e-01	2.588118872777176804e+01
2.812818716322725621e+00	1.014619810495447139e+00	2.591263610168157427e+01
2.900847995041584859e+00	1.099496620896857291e+00	2.594408347559138406e+01
2.986008753312200170e+00	1.184872741016035347e+00	2.597553084950119029e+01
3.068216779422392460e+00	1.270335344624325291e+00	2.600697822341100007e+01
3.147390781486353983e+00	1.355473689151294847e+00	2.603842559732080630e+01
3.223452467830667079e+00	1.439880775901008603e+00	2.606987297123061254e+01
3.296326624413453033e+00	1.523155175447178156e+00	2.610132034514042232e+01
3.365941189200193140e+00	1.604902617672769649e+00	2.613276771905022855e+01
3.432227323422746945e+00	1.684737729142178564e+00	2.616421509296003833e+01
3.495119479650908190e+00	1.762285555477466570e+00	2.619566246686984456e+01
3.554555466609415237e+00	1.837183231758562796e+00	2.622710984077965080e+01
3.610476510676131845e+00	1.909081345600440294e+00	2.625855721468946058e+01
3.662827314000670409e+00	1.977645504636949658e+00	2.629000458859926681e+01
3.711556109186034291e+00	2.042557677897207213e+00	2.632145196250907659e+01
3.756614710479066144e+00	2.103517457147467962e+00	2.635289933641888283e+01
3.797958561419251922e+00	2.160243343973326624e+00	2.638434671032869261e+01
3.835546778898595743e+00	2.212473962268378003e+00	2.641579408423849884e+01
3.869342193589156320e+00	2.259969150460205078e+00	2.644724145814830507e+01
3.899311386698134818e+00	2.302510729033468095e+00	2.647868883205811485e+01
3.925424723014235173e+00	2.339903523537719021e+00	2.651013620596792109e+01
3.947656380212638982e+00	2.371976217380523000e+00	2.654158357987773087e+01
3.965984374389537326e+00	2.398582048771625175e+00	2.657303095378753710e+01
3.980390581801063643e+00	2.419599370070994127e+00	2.660447832769734688e+01
3.990860756785045371e+00	2.434932121434630226e+00	2.663592570160715312e+01
3.997384545847922688e+00	2.444510289950551751e+00	2.666737307551695935e+01
3.999955497902856205e+00	2.448290137655407150e+00	2.669882044942676913e+01
3.998571070648920145e+00	2.448666817424945297e+00	2.673026782333657536e+01
3.993232633085073147e+00	2.449804451758134771e+00	2.676171519724638515e+01
3.983945464156418481e+00	2.451687814363365359e+00	2.679316257115619138e+01
3.970718747534081494e+00	2.454160135165520007e+00	2.682460994506600116e+01
3.953565562533893019e+00	2.457002594648074467e+00	2.685605731897580739e+01
3.932502871182820048e+00	2.459938009257063296e+00	2.688750469288561362e+01
3.907551501445972075e+00	2.462636738621470922e+00	2.691895206679542341e+01
3.878736126630753844e+00	2.464722958833557520e+00	2.695039944070522964e+01
3.846085240988503795e+00	2.465782904390366959e+00	2.698184681461503942e+01
3.809631131537809523e+00	2.465373333763098973e+00	2.701329418852484565e+01
3.769409846137280695e+00	2.463031286556047306e+00	2.704474156243465188e+01
3.725461157839420334e+00	2.458284416058871713e+00	2.707618893634446167e+01
3.677828525560828066e+00	2.450661639970197481e+00	2.710763631025426790e+01
3.626559051107560716e+00	2.439704160981772674e+00	2.713908368416407768e+01
3.571703432598280159e+00	2.424976715643579972e+00	2.717053105807388391e+01
3.513315914331077483e+00	2.406076992325374420e+00	2.720197843198369370e+01
3.451454233143730566e+00	2.382646187164215057e+00	2.723342580589349993e+01
3.386179561320251885e+00	2.354377657347221486e+00	2.726487317980330616e+01
3.317556446100336398e+00	2.321024549742672693e+00	2.729632055371311594e+01
3.245652745851472343e+00	2.282406026909979069e+00	2.732776792762292217e+01
3.170539562966743663e+00	2.238411987375498846e+00	2.735921530153273196e+01
3.092291173554879702e+00	2.189006662043083029e+00	2.739066267544253819e+01
3.010984953991822977e+00	2.134229059578867105e+00	2.742211004935234797e+01
2.926701304406721160e+00	2.074193248817779001e+00	2.745355742326215420e+01
2.839523569177726969e+00	2.009087111995661257e+00	2.748500479717196043e+01
2.749537954516448224e+00	1.939168189494321126e+00	2.751645217108177022e+01
2.656833443222467839e+00	1.864759737183391941e+00	2.754789954499157645e+01
2.561501706692109526e+00	1.786244946695824121e+00	2.757934691890138623e+01
2.463637014268729164e+00	1.704060436561626757e+00	2.761079429281119246e+01
2.363336140023836407e+00	1.618689108495283691e+00	2.764224166672100225e+01
2.260698267061580502e+00	1.530652570362671216e+00	2.767368904063080848e+01
2.155824889440880465e+00	1.440503295422852714e+00	2.770513641454061471e+01
2.048819711812465361e+00	1.348816775799404732e+00	2.773658378845042449e+01
1.939788546869964270e+00	1.256183753650227386e+00	2.776803116236023072e+01
1.828839210716322716e+00	1.163202879653439714e+00	2.779947853627004051e+01
1.716081416249317648e+00	1.070473630095183371e+00	2.783092591017984674e+01
1.601626664671220057e+00	9.785898021011474324e-01	2.786237328408965652e+01
1.485588135230282658e+00	8.881335859112059472e-01	2.789382065799946275e+01
1.368080573302690839e+00	7.996702107019912908e-01	2.792526803190926898e+01
1.249220176925966319e+00	7.137432636263646435e-01	2.795671540581907877e+01
1.129124481895900978e+00	6.308706160510441086e-01	2.798816277972888500e+01
1.007912245540507179e+00	5.515409795820528371e-01	2.801961015363869478e+01
8.857033292862489526e-01	4.762110532583946343e-01	2.805105752754850101e+01
7.626185801322765689e-01	4.053032144748654475e-01	2.808250490145830724e+01
6.387797111502081515e-01	3.392037547337082293e-01	2.811395227536811703e+01
5.143091811274911329e-01	2.782615488690783900e-01	2.814539964927792326e+01
3.893300734732189072e-01	2.227871042689600622e-01	2.817684702318773304e+01
2.639659745064964480e-01	1.730520727847552898e-01	2.820829439709753927e+01
1.383408512472755481e-01	1.292890175091715721e-01	2.823974177100734906e+01
1.257892883095777445e-02	9.169148804530037611e-02	2.827118914491715529e+01
-1.131954323324540074e-01	6.041429745099323456e-02	2.830263651882696152e+01
-2.388578595328293697e-01	3.557406021306477872e-02	2.833408389273677130e+01
-3.642840907465471068e-01	1.724985850111937502e-02	2.836553126664657754e+01
-4.893500975138208586e-01	5.484087970169636804e-03	2.839697864055638732e+01
-6.139322075848511195e-01	2.834066966071631106e-04	2.842842601446619355e+01
-7.379072272139636235e-01	1.619803120174211032e-03	2.845987338837600333e+01
-8.611525629803495896e-01	9.431747825861834522e-03	2.849132076228580956e+01
-9.835463430153836839e-01	2.362542544789115323e-02	2.852276813619561580e+01
-1.104967537516288179e+00	4.407603503318301141e-02	2.855421551010542558e+01
-1.225296078427118740e+00	7.062914444867923747e-02	2.858566288401523181e+01
-1.344412978168856965e+00	1.031021055023186167e-01	2.861711025792504159e+01
-1.462200447300863404e+00	1.412855071670819640e-01	2.864855763183484783e+01
-1.578542010997758149e+00	1.849446827984934649e-01	2.868000500574465761e+01
-1.693322624226127227e+00	2.338212472926657348e-01	2.871145237965446384e+01
-1.806428785507564472e+00	2.876346804113080746e-01	2.874289975356427007e+01
-1.917748649155230689e+00	3.460839380439933999e-01	2.877434712747407985e+01
-2.027172135873076542e+00	4.088491010753897426e-01	2.880579450138388609e+01
-2.134591041608483231e+00	4.755930463053483770e-01	2.883724187529369587e+01
-2.239899144550370647e+00	5.459631561907194452e-01	2.886868924920350210e+01
-2.342992310167341774e+00	6.195930435630474520e-01	2.890013662311330833e+01
-2.443768594181682907e+00	6.961042976540436911e-01	2.893158399702311812e+01
-2.542128343377522803e+00	7.751082491414210685e-01	2.896303137093292435e+01
-2.637974294143576870e+00	8.562077528403662097e-01	2.899447874484273413e+01
-2.731211668652745228e+00	9.389989682782856617e-01	2.902592611875254036e+01
-2.821748268583807562e+00	1.023073161800499342e+00	2.905737349266235015e+01
-2.909494566292186057e+00	1.108018493459024478e+00	2.908882086657215638e+01
-2.994363793339949620e+00	1.193421806505835736e+00	2.912026824048196261e+01
-3.076272026297260265e+00	1.278870413330308375e+00	2.915171561439177239e+01
-3.155138269730515255e+00	1.363953845138188958e+00	2.918316298830157862e+01
-3.230884536295222098e+00	1.448265610153318450e+00	2.921461036221138841e+01
-3.303435923854164180e+00	1.531404899547686771e+00	2.924605773612119464e+01
-3.372720689544885797e+00	1.612978275846620013e+00	2.927750511003100442e+01
-3.438670320722974516e+00	1.692601323666415247e+00	2.930895248394081065e+01
-3.501219602711242995e+00	1.769900241754787995e+00	2.934039985785061688e+01
-3.560306683287619123e+00	1.844513416180357801e+00	2.937184723176042667e+01
-3.615873133848057197e+00	1.916092906215385749e+00	2.940329460567023290e+01
-3.667864007184050035e+00	1.984305880710185654e+00	2.943474197958004268e+01
-3.716227891817445617e+00	2.048836010032593524e+00	2.946618935348984891e+01
-3.760916962839033761e+00	2.109384753811391899e+00	2.949763672739965870e+01
-3.801887029200442303e+00	2.165672598436107155e+00	2.952908410130946493e+01
-3.839097577412751150e+00	2.217440211224857460e+00	2.956053147521927116e+01
-3.872511811608472687e+00	2.264449491481681065e+00	2.959197884912908094e+01
-3.902096689927351036e+00	2.306484561025013758e+00	2.962342622303888717e+01
-3.927822957190024944e+00	2.343352646459344157e+00	2.965487359694869696e+01
-3.949665173827153541e+00	2.374884862013789899e+00	2.968632097085850319e+01
-3.967601741035506890e+00	2.400936912035114279e+00	2.971776834476831297e+01
-3.981614922136049284e+00	2.421389674984174789e+00	2.974921571867811920e+01
-3.991690860112971695e+00	2.436149690983017368e+00	2.978066309258792543e+01
-3.997819591316277066e+00	2.445149549260439148e+00	2.981211046649773522e+01
-3.999995055314389703e+00	2.448348157661532465e+00	2.984355784040754145e+01
-3.998215100887055673e+00	2.448744044891489668e+00	2.987500521431735123e+01
-3.992481488152586078e+00	2.449961588913274202e+00	2.990645258822715746e+01
-3.982799886827352420e+00	2.451911857414469154e+00	2.993789996213696369e+01
-3.969179870619256256e+00	2.454432097202433383e+00	2.996934733604677348e+01
-3.951634907760714910e+00	2.457297189221030909e+00	3.000079470995657971e+01
-3.930182347690512668e+00	2.460224585320561097e+00	3.003224208386638949e+01
-3.904843403897721554e+00	2.462879669386336623e+00	3.006368945777619572e+01
-3.875643132944599945e+00	2.464882417774639123e+00	3.009513683168600551e+01
-3.842610409689287909e+00	2.465815766469063863e+00	3.012658420559581174e+01
-3.805777898732712661e+00	2.465234013852604988e+00	3.015803157950561797e+01
-3.765182022118016558e+00	2.462672797657699419e+00	3.018947895341542775e+01
-3.720862923314423476e+00	2.457659414134630183e+00	3.022092632732523398e+01
-3.672864427521099540e+00	2.449723531392854703e+00	3.025237370123504377e+01
-3.621233998330393167e+00	2.438408346569370444e+00	3.028382107514485000e+01
-3.566022690793138494e+00	2.423281074599520579e+00	3.031526844905465978e+01
-3.507285100932620470e+00	2.403943487584607741e+00	3.034671582296446601e+01
-3.445079311756932494e+00	2.380041737625216758e+00	3.037816319687427224e+01
-3.379466835823277115e+00	2.351274786008415330e+00	3.040961057078408203e+01
-3.310512554410934172e+00	2.317402090135757042e+00	3.044105794469388826e+01
-3.238284653362980769e+00	2.278249776912464331e+00	3.047250531860369804e+01
-3.162854555660383760e+00	2.233715103036546967e+00	3.050395269251350427e+01
-3.084296850794903122e+00	2.183769445370778772e+00	3.053540006642331406e+01
-3.002689221010905740e+00	2.128459537421214520e+00	3.056684744033312029e+01
-2.918112364488766541e+00	2.067907097379607873e+00	3.059829481424292652e+01
-2.830649915546024964e+00	2.002306892337845312e+00	3.062974218815273630e+01
-2.740388361935135464e+00	1.931923516974060284e+00	3.066118956206254254e+01
-2.647416959319478291e+00	1.857086290971289300e+00	3.069263693597235232e+01
-2.551827643012458680e+00	1.778184078027481796e+00	3.072408430988215855e+01
-2.453714937066652002e+00	1.695658450017073271e+00	3.075553168379196833e+01
-2.353175860803230268e+00	1.609996554555015669e+00	3.078697905770177456e+01
-2.250309832873763405e+00	1.521723443128804698e+00	3.081842643161158080e+01
-2.145218572949538327e+00	1.431394228258655144e+00	3.084987380552139058e+01
-2.038006001135506562e+00	1.339586265948616184e+00	3.088132117943119681e+01
-1.928778135208197853e+00	1.246891450218830633e+00	3.091276855334100659e+01
-1.817642985779521991e+00	1.153908843300233800e+00	3.094421592725081283e+01
-1.704710449489759139e+00	1.061237587599756171e+00	3.097566330116061906e+01
-1.590092200335662564e+00	9.694705418174857092e-01	3.100711067507042884e+01
-1.473901579241016169e+00	8.791884936010877505e-01	3.103855804898023507e+01
-1.356253481978709985e+00	7.909547039722270023e-01	3.107000542289004485e+01
-1.237264245555490527e+00	7.053103447281923177e-01	3.110145279679985109e+01
-1.117051533171327327e+00	6.227705084592737306e-01	3.113290017070966087e+01
-9.957342178675796518e-01	5.438208395790209426e-01	3.116434754461946710e+01
-8.734322649786008252e-01	4.689147006960173725e-01	3.119579491852927333e+01
-7.502666135033596584e-01	3.984709271412946729e-01	3.122724229243908312e+01
-6.263590565142478361e-01	3.328721233786979816e-01	3.125868966634888935e+01
-5.018321207211933199e-01	2.724633524406120388e-01	3.129013704025869913e+01
-3.768089453105201714e-01	2.175512515527185387e-01	3.132158441416850536e+01
-2.514131601779348024e-01	1.684035601906138657e-01	3.135303178807831515e+01
-1.257687636764954764e-01	1.252489856698690840e-01	3.138447916198812138e+01
-4.898587196589413026e-15	8.827716137322105805e-02	3.141592653589793116e+01
