displacement 	force 	time
0.000000000000000000e+00	0.000000000000000000e+00	0.000000000000000000e+00
4.845401544202870424e-04	1.211881299977628451e-04	2.201316173686541575e-02
1.937691040396218121e-03	4.849844917705378559e-04	4.402632347373083149e-02
4.358044267380360194e-03	1.092189285596808059e-03	6.603948521059624377e-02
7.743253655264343074e-03	1.944120842277552094e-03	8.805264694746166299e-02
1.209003693981321702e-02	3.042644165678455061e-03	1.100658086843270822e-01
1.739417815873072967e-02	4.390108819893253321e-03	1.320789704211924875e-01
2.365053071681381611e-02	5.989322809712540122e-03	1.540921321580579206e-01
3.085302112821564427e-02	7.843547648038575251e-03	1.761052938949233260e-01
3.899465343339900136e-02	9.956456772544199432e-03	1.981184556317887313e-01
4.806751428792552933e-02	1.233210151932559624e-02	2.201316173686541644e-01
5.806277871979156902e-02	1.497485017009831353e-02	2.421447791055195697e-01
6.897071655158955317e-02	1.788936031881480093e-02	2.641579408423849751e-01
8.078069948334266892e-02	2.108052398620370235e-02	2.861711025792503804e-01
9.348120883143382076e-02	2.455341825208996048e-02	3.081842643161158413e-01
1.070598439186238038e-01	2.831325458290736424e-02	3.301974260529812466e-01
1.215033311097332286e-01	3.236531346489388006e-02	3.522105877898466519e-01
1.367975334871423254e-01	3.671487278115411618e-02	3.742237495267120573e-01
1.529274611598488987e-01	4.136718354946043036e-02	3.962369112635774626e-01
1.698772821994132820e-01	4.632738484984208482e-02	4.182500730004429235e-01
1.876303341957110682e-01	5.160044712159284064e-02	4.402632347373083288e-01
2.061691364250127501e-01	5.719111172010154370e-02	4.622763964741737341e-01
2.254754026225095631e-01	6.310382972032689552e-02	4.842895582110391395e-01
2.455300543510123557e-01	6.934270302323740365e-02	5.063027199479045448e-01
2.663132349571608048e-01	7.591142565142521004e-02	5.283158816847699502e-01
2.878043241060978530e-01	8.281323000630189113e-02	5.503290434216353555e-01
3.099819528851852080e-01	9.005082057402205575e-02	5.723422051585007608e-01
3.328240194669647156e-01	9.762632465748299904e-02	5.943553668953662772e-01
3.563077053212033163e-01	1.055412636627618972e-01	6.163685286322316825e-01
3.804094919655001683e-01	1.137964780102914131e-01	6.383816903690970879e-01
4.051051782435798887e-01	1.223921017280510115e-01	6.603948521059624932e-01
4.303698981200490548e-01	1.313275086220394294e-01	6.824080138428278985e-01
4.561781389800542708e-01	1.406012776244652818e-01	7.044211755796933039e-01
4.825037604219439280e-01	1.502111784900392877e-01	7.264343373165587092e-01
5.093200135307134335e-01	1.601541082553432360e-01	7.484474990534241146e-01
5.365995606196924950e-01	1.704261041067763049e-01	7.704606607902895199e-01
5.643144954276225755e-01	1.810222892220847146e-01	7.924738225271549252e-01
5.924363637579708186e-01	1.919368735874491805e-01	8.144869842640203306e-01
6.209361845470308117e-01	2.031631438018768332e-01	8.365001460008858469e-01
6.497844713470724010e-01	2.146934299442774807e-01	8.585133077377512523e-01
6.789512542105277104e-01	2.265191392544642912e-01	8.805264694746166576e-01
7.084061019609259047e-01	2.386307131850615715e-01	9.025396312114820629e-01
7.381181448360325525e-01	2.510176581518223093e-01	9.245527929483474683e-01
7.680560974883932079e-01	2.636685489878227151e-01	9.465659546852128736e-01
7.981882823282396844e-01	2.765710289649261355e-01	9.685791164220782790e-01
8.284826531934835758e-01	2.897118269986339034e-01	9.905922781589436843e-01
8.589068193312947574e-01	3.030767860030624816e-01	1.012605439895809090e+00
8.894280696755477722e-01	3.166508648555627081e-01	1.034618601632674606e+00
9.200133974042143947e-01	3.304181701067229748e-01	1.056631763369539900e+00
9.506295247605864862e-01	3.443619872001591475e-01	1.078644925106405417e+00
9.812429281220161892e-01	3.584647980903231668e-01	1.100658086843270711e+00
1.011819863299704636e+00	3.727083225381773168e-01	1.122671248580136227e+00
1.042326391052879275e+00	3.870735458090557857e-01	1.144684410317001522e+00
1.072728402800565917e+00	4.015407564585128930e-01	1.166697572053867038e+00
1.102991646514002611e+00	4.160895841094830461e-01	1.188710733790732554e+00
1.133081752772610029e+00	4.306990356111553564e-01	1.210723895527597849e+00
1.162964260966314667e+00	4.453475400021679742e-01	1.232737057264463365e+00
1.192604645626892612e+00	4.600129862556602278e-01	1.254750219001328659e+00
1.221968342870918489e+00	4.746727690535154087e-01	1.276763380738194176e+00
1.251020776936787371e+00	4.893038302402933359e-01	1.298776542475059470e+00
1.279727386798218625e+00	5.038827016810107917e-01	1.320789704211924986e+00
1.308053652836559833e+00	5.183855608713425767e-01	1.342802865948790281e+00
1.335965123554164302e+00	5.327882764888546285e-01	1.364816027685655797e+00
1.363427442311050619e+00	5.470664575491857029e-01	1.386829189422521091e+00
1.390406374067032269e+00	5.611954798522983401e-01	1.408842351159386608e+00
1.416867832111457171e+00	5.751505380884994745e-01	1.430855512896252124e+00
1.442777904762700958e+00	5.889066952243413589e-01	1.452868674633117418e+00
1.468102882019536093e+00	6.024389263060498934e-01	1.474881836369982935e+00
1.492809282146511984e+00	6.157221968761404929e-01	1.496894998106848229e+00
1.516863878175500169e+00	6.287314921725640771e-01	1.518908159843713745e+00
1.540233724305577256e+00	6.414418645474931902e-01	1.540921321580579040e+00
1.562886182183469197e+00	6.538284459077783328e-01	1.562934483317444556e+00
1.584788947046815055e+00	6.658665186692952487e-01	1.584947645054309850e+00
1.605910073712588870e+00	6.775315592027256750e-01	1.606960806791175367e+00
1.626218002393067019e+00	6.887993069280244907e-01	1.628973968528040661e+00
1.645681584321833757e+00	6.996457837302543226e-01	1.650987130264906178e+00
1.664270107172389768e+00	7.100473414883075041e-01	1.673000292001771694e+00
1.681953320252054906e+00	7.199806977408758080e-01	1.695013453738636988e+00
1.698701459453951790e+00	7.294229886544292274e-01	1.717026615475502505e+00
1.714485271949994116e+00	7.383518102780537440e-01	1.739039777212367799e+00
1.729276040607941267e+00	7.467452616292737932e-01	1.761052938949233315e+00
1.743045608115718403e+00	7.545819827916682154e-01	1.783066100686098610e+00
1.755766400796371141e+00	7.618411970929240828e-01	1.805079262422964126e+00
1.767411452097183089e+00	7.685027515311634305e-01	1.827092424159829420e+00
1.777954425736668842e+00	7.745471567420513237e-01	1.849105585896694937e+00
1.787369638493339075e+00	7.799556272430406834e-01	1.871118747633560231e+00
1.795632082620340242e+00	7.847101205494553255e-01	1.893131909370425747e+00
1.802717447870274103e+00	7.887933759757895791e-01	1.915145071107291264e+00
1.808602143114724337e+00	7.921889540411213293e-01	1.937158232844156558e+00
1.813263317543247544e+00	7.948812747748349450e-01	1.959171394581022074e+00
1.816678881426822212e+00	7.968556560454405080e-01	1.981184556317887369e+00
1.818827526430999875e+00	7.980983523927859258e-01	2.003197718054752663e+00
1.819688745464259183e+00	7.985965930585368078e-01	2.025210879791618179e+00
1.819242852047327386e+00	7.986427467040690953e-01	2.047224041528483696e+00
1.817470999189519043e+00	7.987809173026255705e-01	2.069237203265349212e+00
1.814355197758415583e+00	7.990205724879183569e-01	2.091250365002214284e+00
1.809878334329511285e+00	7.993574678003022571e-01	2.113263526739079801e+00
1.804024188502749260e+00	7.997847846344648959e-01	2.135276688475945317e+00
1.796777449673186533e+00	8.002930683126617817e-01	2.157289850212810833e+00
1.788123733243341507e+00	8.008701667285000880e-01	2.179303011949676350e+00
1.778049596265106835e+00	8.015012082296081308e-01	2.201316173686541422e+00
1.766542552499448915e+00	8.021686012336333160e-01	2.223329335423406938e+00
1.753591086882453576e+00	8.028520357324085976e-01	2.245342497160272455e+00
1.739184669386629745e+00	8.035285162982577223e-01	2.267355658897137971e+00
1.723313768266745427e+00	8.041724068369875411e-01	2.289368820634003043e+00
1.705969862679824312e+00	8.047555175031871899e-01	2.311381982370868560e+00
1.687145454669320754e+00	8.052471551500345326e-01	2.333395144107734076e+00
1.666834080503851290e+00	8.056142679851651112e-01	2.355408305844599592e+00
1.645030321361256931e+00	8.058215410385455302e-01	2.377421467581465109e+00
1.621729813349163329e+00	8.058315660696599991e-01	2.399434629318330181e+00
1.596929256853592882e+00	8.056049628989842004e-01	2.421447791055195697e+00
1.570626425207603205e+00	8.051005782272958600e-01	2.443460952792061214e+00
1.542820172672316081e+00	8.042756579156634666e-01	2.465474114528926730e+00
1.513510441723131761e+00	8.030860585910144511e-01	2.487487276265791802e+00
1.482698269634329824e+00	8.014864156545302709e-01	2.509500438002657319e+00
1.450385794355701252e+00	7.994304270048502303e-01	2.531513599739522835e+00
1.416576259675257354e+00	7.968710195593736723e-01	2.553526761476388351e+00
1.381274019662520391e+00	7.937606655177409376e-01	2.575539923213253424e+00
1.344484542387323955e+00	7.900515117658286623e-01	2.597553084950118940e+00
1.306214412909503242e+00	7.856956845894370600e-01	2.619566246686984456e+00
1.266471335535283904e+00	7.806455200334680988e-01	2.641579408423849973e+00
1.225264135336643356e+00	7.748538038618127954e-01	2.663592570160715489e+00
1.182602758930363818e+00	7.682740086091712772e-01	2.685605731897580561e+00
1.138498274513941366e+00	7.608605268704761171e-01	2.707618893634446078e+00
1.092962871155997551e+00	7.525688918673080208e-01	2.729632055371311594e+00
1.046009857339263105e+00	7.433560214353084339e-01	2.751645217108177111e+00
9.976536587546969148e-01	7.331804182055665642e-01	2.773658378845042183e+00
9.479098153457439224e-01	7.220023416948269102e-01	2.795671540581907699e+00
8.967949776022252628e-01	7.097840413113543079e-01	2.817684702318773216e+00
8.443269021037816957e-01	6.964899057244273717e-01	2.839697864055638732e+00
7.905244463132956589e-01	6.820866618081578014e-01	2.861711025792504248e+00
7.354075626211641348e-01	6.665434714753815104e-01	2.883724187529369321e+00
6.789972916417612581e-01	6.498321306215916193e-01	2.905737349266234837e+00
6.213157547639162059e-01	6.319271241435077124e-01	2.927750511003100353e+00
5.623861459576674493e-01	6.128058009205490375e-01	2.949763672739965870e+00
5.022327228400538246e-01	5.924483892257534912e-01	2.971776834476830942e+00
4.408807970031431989e-01	5.708381464612845013e-01	2.993789996213696458e+00
3.783567236079946605e-01	5.479613405975014562e-01	3.015803157950561975e+00
3.146878902486714980e-01	5.238073705212801245e-01	3.037816319687427491e+00
2.499027050909279624e-01	4.983687250520015821e-01	3.059829481424293007e+00
1.840305842906271028e-01	4.716410207621812845e-01	3.081842643161158080e+00
1.171019386974070653e-01	4.436230159489413793e-01	3.103855804898023596e+00
4.914815984959354511e-02	4.143165680012974028e-01	3.125868966634889112e+00
-1.979839473323508070e-02	3.837266308056271336e-01	3.147882128371754629e+00
-8.970441695312668384e-02	3.518611908277683442e-01	3.169895290108619701e+00
-1.605356642247647014e-01	3.187312322959761635e-01	3.191908451845485217e+00
-2.322569762468120191e-01	2.843506633655756843e-01	3.213921613582350734e+00
-3.048322924454042737e-01	2.487362498484843309e-01	3.235934775319216250e+00
-3.782246700811208173e-01	2.119075295474851794e-01	3.257947937056081322e+00
-4.523963030103695382e-01	1.738867290385440745e-01	3.279961098792946839e+00
-5.273085410916541482e-01	1.346986629172658434e-01	3.301974260529812355e+00
-6.029219102268237318e-01	9.437063834013668939e-02	3.323987422266677871e+00
-6.791961330269340458e-01	5.293234399628356235e-02	3.346000584003543388e+00
-7.560901500919698925e-01	1.041574715948598295e-02	3.368013745740408460e+00
-8.335621418932692706e-01	-3.314503208535055090e-02	3.390026907477273976e+00
-9.115695512470617379e-01	-7.771383348363104793e-02	3.412040069214139493e+00
-9.900691063671906988e-01	-1.232525565145493329e-01	3.434053230951005009e+00
-1.069016844484645956e+00	-1.697212921936806784e-01	3.456066392687870081e+00
-1.148368136021196584e+00	-2.170784396824129714e-01	3.478079554424735598e+00
-1.228077709303991183e+00	-2.652808320565930855e-01	3.500092716161601114e+00
-1.308099675807690376e+00	-3.142838347387150733e-01	3.522105877898466630e+00
-1.388387555910266968e+00	-3.640414720627838108e-01	3.544119039635332147e+00
-1.468894305148303880e+00	-4.145065456301889051e-01	3.566132201372197219e+00
-1.549572340957259931e+00	-4.656307304473267239e-01	3.588145363109062735e+00
-1.630373569881815810e+00	-5.173646916174838850e-01	3.610158524845928252e+00
-1.711249415241131500e+00	-5.696581884575073751e-01	3.632171686582793768e+00
-1.792150845233471124e+00	-6.224601701319498748e-01	3.654184848319658840e+00
-1.873028401464386761e+00	-6.757188798420487030e-01	3.676198010056524357e+00
-1.953832227882294825e+00	-7.293819466666889850e-01	3.698211171793389873e+00
-2.034512100105054788e+00	-7.833964726975348736e-01	3.720224333530255389e+00
-2.115017455120801415e+00	-8.377091242247928227e-01	3.742237495267120462e+00
-2.195297421346070532e+00	-8.922662111356632897e-01	3.764250657003985978e+00
-2.275300849023919714e+00	-9.470137639438246380e-01	3.786263818740851494e+00
-2.354976340944576751e+00	-1.001897613212439309e+00	3.808276980477717011e+00
-2.434272283470815701e+00	-1.056863456383219324e+00	3.830290142214582527e+00
-2.513136877850079998e+00	-1.111856924727212981e+00	3.852303303951447599e+00
-2.591518171795129888e+00	-1.166823651160455499e+00	3.874316465688313116e+00
-2.669364091314742726e+00	-1.221709324679853381e+00	3.896329627425178632e+00
-2.746622472775858359e+00	-1.276459746518499250e+00	3.918342789162044149e+00
-2.823241095178290916e+00	-1.331020886010982673e+00	3.940355950898909221e+00
-2.899167712622996884e+00	-1.385338934771743968e+00	3.962369112635774737e+00
-2.974350086954675731e+00	-1.439360348585769334e+00	3.984382274372640254e+00
-3.048736020559358550e+00	-1.493031895727262359e+00	4.006395436109505326e+00
-3.122273389297455459e+00	-1.546300691616216527e+00	4.028408597846371286e+00
-3.194910175552579279e+00	-1.599114241404310466e+00	4.050421759583236359e+00
-3.266594501376415938e+00	-1.651420482313639138e+00	4.072434921320102319e+00
-3.337274661709645596e+00	-1.703167817479993129e+00	4.094448083056967391e+00
-3.406899157658999755e+00	-1.754305138921543827e+00	4.116461244793832464e+00
-3.475416729810258065e+00	-1.804781868662929112e+00	4.138474406530698424e+00
-3.542776391557038718e+00	-1.854547989022958143e+00	4.160487568267563496e+00
-3.608927462425123522e+00	-1.903554068530541210e+00	4.182500730004428569e+00
-3.673819601371967725e+00	-1.951751283121101466e+00	4.204513891741294529e+00
-3.737402840041020191e+00	-1.999091449794820674e+00	4.226527053478159601e+00
-3.799627615950500470e+00	-2.045527049334404879e+00	4.248540215215025562e+00
-3.860444805596115803e+00	-2.091011248106280807e+00	4.270553376951890634e+00
-3.919805757447361927e+00	-2.135497920624946477e+00	4.292566538688755706e+00
-3.977662324816896522e+00	-2.178941673301350690e+00	4.314579700425621667e+00
-4.033966898582585614e+00	-2.221297865091347745e+00	4.336592862162486739e+00
-4.088672439741827702e+00	-2.262522628088982746e+00	4.358606023899352699e+00
-4.141732511777743930e+00	-2.302572888066289458e+00	4.380619185636217772e+00
-4.193101312816964743e+00	-2.341406384532740415e+00	4.402632347373082844e+00
-4.242733707558703493e+00	-2.378981690211721123e+00	4.424645509109948804e+00
-4.290585258954950909e+00	-2.415258229510552912e+00	4.446658670846813877e+00
-4.336612259621700716e+00	-2.450196298433468645e+00	4.468671832583679837e+00
-4.380771762961160221e+00	-2.483757083218729900e+00	4.490684994320544909e+00
-4.423021613975086197e+00	-2.515902679208021464e+00	4.512698156057409982e+00
-4.463320479749446790e+00	-2.546596109678345154e+00	4.534711317794275942e+00
-4.501627879590754056e+00	-2.575801344210904453e+00	4.556724479531141014e+00
-4.537904214794609814e+00	-2.603483317420137055e+00	4.578737641268006087e+00
-4.572110798027064327e+00	-2.629607948039433651e+00	4.600750803004872047e+00
-4.604209882299644896e+00	-2.654142157395162460e+00	4.622763964741737119e+00
-4.634164689519066904e+00	-2.677053888009842897e+00	4.644777126478603080e+00
-4.661939438592783702e+00	-2.698312122482651176e+00	4.666790288215468152e+00
-4.687499373071811526e+00	-2.717886903852055891e+00	4.688803449952333224e+00
-4.710810788312421060e+00	-2.735749354557452495e+00	4.710816611689199185e+00
-4.731841058138535061e+00	-2.751871694875022811e+00	4.732829773426064257e+00
-4.750558660986917481e+00	-2.766227262933591557e+00	4.754842935162930218e+00
-4.766933205517460692e+00	-2.778790535803720818e+00	4.776856096899795290e+00
-4.780935455671173173e+00	-2.789537150277917377e+00	4.798869258636660362e+00
-4.792537355158693835e+00	-2.798443921831615278e+00	4.820882420373526323e+00
-4.801712051362486022e+00	-2.805488866250210656e+00	4.842895582110391395e+00
-4.808433918636131565e+00	-2.810651221272707279e+00	4.864908743847256467e+00
-4.812678580984438348e+00	-2.813911469380018016e+00	4.886921905584122428e+00
-4.814422934108407048e+00	-2.815251358712674623e+00	4.908935067320987500e+00
-4.813645166799424224e+00	-2.815508510094619776e+00	4.930948229057853460e+00
-4.810324781667350891e+00	-2.816394356111691977e+00	4.952961390794718533e+00
-4.804442615187567434e+00	-2.817949253449859803e+00	4.974974552531583605e+00
-4.795980857052327906e+00	-2.820154028049195460e+00	4.996987714268449565e+00
-4.784923068812210190e+00	-2.822978105672340643e+00	5.019000876005314637e+00
-4.771254201793730054e+00	-2.826380174316238669e+00	5.041014037742180598e+00
-4.754960614279660547e+00	-2.830307990660240414e+00	5.063027199479045670e+00
-4.736030087938900124e+00	-2.834698713543880366e+00	5.085040361215910742e+00
-4.714451843493206340e+00	-2.839479207877245059e+00	5.107053522952776703e+00
-4.690216555608456517e+00	-2.844566443970328429e+00	5.129066684689641775e+00
-4.663316366998535578e+00	-2.849868009779078726e+00	5.151079846426506847e+00
-4.633744901730387333e+00	-2.855282737421208417e+00	5.173093008163372808e+00
-4.601497277719173162e+00	-2.860701340913920809e+00	5.195106169900237880e+00
-4.566570118402913714e+00	-2.866007186197255141e+00	5.217119331637103841e+00
-4.528961563586467953e+00	-2.871077103153809595e+00	5.239132493373968913e+00
-4.488671279445110684e+00	-2.875782222862745208e+00	5.261145655110833985e+00
-4.445700467678469714e+00	-2.879988930163229988e+00	5.283158816847699946e+00
-4.400051873806019920e+00	-2.883559788345855246e+00	5.305171978584565018e+00
-4.351729794595807554e+00	-2.886354537583765367e+00	5.327185140321430978e+00
-4.300740084618582593e+00	-2.888231062366579671e+00	5.349198302058296051e+00
-4.247090161919942375e+00	-2.889046415277653601e+00	5.371211463795161123e+00
-4.190789012803652014e+00	-2.888657779828390115e+00	5.393224625532027083e+00
-4.131847195719752008e+00	-2.886923475292031416e+00	5.415237787268892156e+00
-4.070276844251548454e+00	-2.883703873587039279e+00	5.437250949005758116e+00
-4.006091669196165661e+00	-2.878862383613614906e+00	5.459264110742623188e+00
-3.939306959733733127e+00	-2.872266239321737302e+00	5.481277272479488261e+00
-3.869939583680909845e+00	-2.863787337451419113e+00	5.503290434216354221e+00
-3.798007986824890381e+00	-2.853303058857141306e+00	5.525303595953219293e+00
-3.723532191334542496e+00	-2.840696941379496465e+00	5.547316757690084366e+00
-3.646533793245949617e+00	-2.825859285451893133e+00	5.569329919426950326e+00
-3.567035959020057767e+00	-2.808687785815329185e+00	5.591343081163815398e+00
-3.485063421170664366e+00	-2.789087943868996167e+00	5.613356242900681359e+00
-3.400642472961629359e+00	-2.766973537828171015e+00	5.635369404637546431e+00
-3.313800962172533282e+00	-2.742266923168432680e+00	5.657382566374411503e+00
-3.224568283932744972e+00	-2.714899304763028098e+00	5.679395728111277464e+00
-3.132975372624265287e+00	-2.684810927051554774e+00	5.701408889848142536e+00
-3.039054692854252337e+00	-2.651951160590711343e+00	5.723422051585008496e+00
-2.942840229498818960e+00	-2.616278573680003827e+00	5.745435213321873569e+00
-2.844367476819996021e+00	-2.577760869442344394e+00	5.767448375058738641e+00
-2.743673426658542081e+00	-2.536374821535429369e+00	5.789461536795604601e+00
-2.640796555705662296e+00	-2.492106110944129593e+00	5.811474698532469674e+00
-2.535776811857245239e+00	-2.444949121416016613e+00	5.833487860269334746e+00
-2.428655599654891528e+00	-2.394906701436691154e+00	5.855501022006200706e+00
-2.319475764818418551e+00	-2.341989842714776948e+00	5.877514183743065779e+00
-2.208281577875069512e+00	-2.286217367557761726e+00	5.899527345479931739e+00
-2.095118716891339883e+00	-2.227615575357028366e+00	5.921540507216796811e+00
-1.980034249313631811e+00	-2.166217854665948295e+00	5.943553668953661884e+00
-1.863076612924714492e+00	-2.102064244154802086e+00	5.965566830690527844e+00
-1.744295595923361475e+00	-2.035201024412888859e+00	5.987579992427392916e+00
-1.623742316135039054e+00	-1.965680312625724735e+00	6.009593154164258877e+00
-1.501469199362223561e+00	-1.893559575439187403e+00	6.031606315901123949e+00
-1.377529956883190909e+00	-1.818901219836486893e+00	6.053619477637989021e+00
-1.251979562108881394e+00	-1.741772170646162188e+00	6.075632639374854982e+00
-1.124874226407817757e+00	-1.662243403381630680e+00	6.097645801111720054e+00
-9.962713741095354791e-01	-1.580389555455690376e+00	6.119658962848586015e+00
-8.662296166976845013e-01	-1.496288520405257838e+00	6.141672124585451087e+00
-7.348087262041727019e-01	-1.410021040382185120e+00	6.163685286322316159e+00
-6.020696078165036491e-01	-1.321670347902402787e+00	6.185698448059182120e+00
-4.680742717107700956e-01	-1.231321810049420762e+00	6.207711609796047192e+00
-3.328858041232504728e-01	-1.139062596035074426e+00	6.229724771532912264e+00
-1.965683376741800270e-01	-1.044981366682258717e+00	6.251737933269778225e+00
-5.918702095759691140e-02	-9.491679832253012705e-01	6.273751095006643297e+00
7.919201258838026725e-02	-8.517132365394015636e-01	6.295764256743509257e+00
2.185016765158333818e-01	-7.527086029138410073e-01	6.317777418480374330e+00
3.586739638907273653e-01	-6.522460213873342294e-01	6.339790580217239402e+00
4.996399804900881203e-01	-5.504176905664761588e-01	6.361803741954105362e+00
6.413299786565259675e-01	-4.473158814185138610e-01	6.383816903690970435e+00
7.836733917935304605e-01	-3.430327794065209379e-01	6.405830065427836395e+00
9.265988694843390050e-01	-2.376603380605769034e-01	6.427843227164701467e+00
1.070034313217088418e+00	-1.312901489740220529e-01	6.449856388901566540e+00
1.213906912698231144e+00	-2.401333653037532323e-02	6.471869550638432500e+00
1.358143182736017751e+00	8.407954155392799445e-02	6.493882712375297572e+00
1.502669000675442845e+00	1.928985772534902998e-01	6.515895874112162645e+00
1.647409644365527503e+00	3.023545709485863653e-01	6.537909035849028605e+00
1.792289830639602011e+00	4.123590949674111883e-01	6.559922197585893677e+00
1.937233754288893328e+00	5.228245388648391501e-01	6.581935359322759638e+00
2.082165127509186142e+00	6.336641423007768337e-01	6.603948521059624710e+00
2.227007219800295701e+00	7.447920272001767872e-01	6.625961682796489782e+00
2.371682898297455822e+00	8.561232172245060168e-01	6.647974844533355743e+00
2.516114668513608876e+00	9.675736480611231149e-01	6.669988006270220815e+00
2.660224715471283030e+00	1.079060182013263702e+00	6.692001168007086775e+00
2.803934945202243956e+00	1.190500609970035040e+00	6.714014329743951848e+00
2.947167026593150219e+00	1.301813650759821694e+00	6.736027491480816920e+00
3.089842433554848888e+00	1.412918951400267797e+00	6.758040653217682880e+00
3.231882487492893308e+00	1.523737081746422861e+00	6.780053814954547953e+00
3.373208400056616707e+00	1.634189528779963707e+00	6.802066976691413025e+00
3.513741316143697890e+00	1.744198690258131013e+00	6.824080138428278985e+00
3.653402357137097933e+00	1.853687864242878236e+00	6.846093300165144058e+00
3.792112664351038998e+00	1.962581242496772127e+00	6.868106461902010018e+00
3.929793442662288694e+00	2.070803903067691909e+00	6.890119623638875090e+00
4.066366004303173298e+00	2.178281800617098973e+00	6.912132785375740163e+00
4.201751812792211993e+00	2.284941761943888761e+00	6.934145947112606123e+00
4.335872526978350905e+00	2.390711479265343886e+00	6.956159108849471195e+00
4.468650045174602070e+00	2.495519502686058377e+00	6.978172270586337156e+00
4.600006549356574048e+00	2.599295240850110211e+00	7.000185432323202228e+00
4.729864549401551876e+00	2.701968955570700270e+00	7.022198594060067300e+00
4.858146927343407917e+00	2.803471760326417872e+00	7.044211755796933261e+00
4.984776981618692204e+00	2.903735623788910480e+00	7.066224917533798333e+00
5.109678471279184286e+00	3.002693368832102028e+00	7.088238079270664294e+00
5.232775660145935426e+00	3.100278677431226537e+00	7.110251241007529366e+00
5.353993360880075159e+00	3.196426096674768846e+00	7.132264402744394438e+00
5.473256978945316042e+00	3.291071042565687499e+00	7.154277564481260399e+00
5.590492556437269833e+00	3.384149810165108629e+00	7.176290726218125471e+00
5.705626815754643033e+00	3.475599582676772492e+00	7.198303887954990543e+00
5.818587203087278503e+00	3.565358440824572650e+00	7.220317049691856504e+00
5.929301931696138617e+00	3.653365376435222078e+00	7.242330211428721576e+00
6.037700024960379608e+00	3.739560304345281860e+00	7.264343373165587536e+00
6.143711359166525554e+00	3.823884076927743347e+00	7.286356534902452609e+00
6.247266706015082605e+00	3.906278501464203412e+00	7.308369696639317681e+00
6.348297774819759987e+00	3.986686356225196182e+00	7.330382858376183641e+00
6.446737254374682813e+00	4.065051402073410536e+00	7.352396020113048714e+00
6.542518854465116718e+00	4.141318406936458807e+00	7.374409181849914674e+00
6.635577346997168391e+00	4.215433165453768893e+00	7.396422343586779746e+00
6.725848606722278689e+00	4.287342514808469396e+00	7.418435505323644819e+00
6.813269651532289473e+00	4.356994351880280725e+00	7.440448667060510779e+00
6.897778682301084707e+00	4.424337662489282508e+00	7.462461828797375851e+00
6.979315122249056813e+00	4.489322540607618706e+00	7.484474990534240924e+00
7.057819655806661707e+00	4.551900201971426974e+00	7.506488152271106884e+00
7.133234266953688341e+00	4.612023012911207864e+00	7.528501314007971956e+00
7.205502277011006207e+00	4.669644514669389679e+00	7.550514475744837917e+00
7.274568381861747035e+00	4.724719442416267512e+00	7.572527637481702989e+00
7.340378688579226818e+00	4.777203742213055548e+00	7.594540799218568061e+00
7.402880751439028018e+00	4.827054603370756425e+00	7.616553960955434022e+00
7.462023607293027716e+00	4.874230479152149798e+00	7.638567122692299094e+00
7.517757810283421271e+00	4.918691103130466757e+00	7.660580284429165054e+00
7.570035465875020186e+00	4.960397515499294308e+00	7.682593446166030127e+00
7.618810264184502579e+00	4.999312088686972189e+00	7.704606607902895199e+00
7.664037512585522016e+00	5.035398547382369472e+00	7.726619769639761159e+00
7.705674167568959732e+00	5.068621985266342556e+00	7.748632931376626232e+00
7.743678865837972936e+00	5.098948894332951731e+00	7.770646093113492192e+00
7.778011954617741530e+00	5.126347185264498840e+00	7.792659254850357264e+00
7.808635521160326221e+00	5.150786196650246396e+00	7.814672416587222337e+00
7.835513421425295277e+00	5.172236726197781742e+00	7.836685578324088297e+00
7.858611307917264810e+00	5.190671060048649643e+00	7.858698740060953369e+00
7.877896656661846464e+00	5.206062989179843115e+00	7.880711901797818442e+00
7.893338793301918344e+00	5.218387831471830829e+00	7.902725063534684402e+00
7.904908918296577269e+00	5.227622453776593403e+00	7.924738225271549474e+00
7.912580131205553258e+00	5.233745282708619939e+00	7.946751387008415435e+00
7.916327454042300538e+00	5.236736264435067234e+00	7.968764548745280507e+00
7.916127853679469695e+00	5.237234359367175074e+00	7.990777710482145579e+00
7.911960263290888307e+00	5.238470741220963234e+00	8.012790872219010652e+00
7.903805602814701459e+00	5.240862592349048832e+00	8.034804033955877500e+00
7.891646798422773834e+00	5.244361656803569360e+00	8.056817195692742573e+00
7.875468800981963113e+00	5.248893170908888628e+00	8.078830357429607645e+00
7.855258603493397551e+00	5.254356471599153977e+00	8.100843519166472717e+00
7.831005257496371108e+00	5.260625831561892340e+00	8.122856680903337789e+00
7.802699888424022845e+00	5.267551579526744909e+00	8.144869842640204638e+00
7.770335709898506416e+00	5.274961557501881337e+00	8.166883004377069710e+00
7.733908036953829779e+00	5.282662893555847283e+00	8.188896166113934783e+00
7.693414298175208721e+00	5.290443893262684938e+00	8.210909327850799855e+00
7.648854046744216539e+00	5.298076317502416366e+00	8.232922489587664927e+00
7.600228970379659721e+00	5.305317616076804299e+00	8.254935651324531776e+00
7.547542900164652124e+00	5.311913534575177565e+00	8.276948813061396848e+00
7.490801818250893085e+00	5.317600681926101913e+00	8.298961974798261920e+00
7.430013864431854742e+00	5.322109206419750826e+00	8.320975136535126992e+00
7.365189341577043081e+00	5.325165530505586275e+00	8.342988298271992065e+00
7.296340719920184625e+00	5.326494976267356130e+00	8.365001460008857137e+00
7.223482640194753834e+00	5.325824467146810015e+00	8.387014621745723986e+00
7.146631915610901054e+00	5.322885007742990560e+00	8.409027783482589058e+00
7.065807532668351598e+00	5.317414284553739989e+00	8.431040945219454130e+00
6.981030650800645887e+00	5.309158694608910878e+00	8.453054106956319202e+00
6.892324600846531091e+00	5.297875505204613589e+00	8.475067268693184275e+00
6.799714882345037736e+00	5.283334931090187148e+00	8.497080430430051123e+00
6.703229159651421298e+00	5.265321625323651666e+00	8.519093592166916196e+00
6.602897256871644416e+00	5.243636239118173670e+00	8.541106753903781268e+00
6.498751151613951116e+00	5.218096623421413227e+00	8.563119915640646340e+00
6.390824967556476999e+00	5.188538747016094632e+00	8.585133077377511412e+00
6.279154965830636037e+00	5.154817501700118321e+00	8.607146239114378261e+00
6.163779535220654360e+00	5.116807099439202311e+00	8.629159400851243333e+00
6.044739181180096566e+00	5.074401440319162404e+00	8.651172562588108406e+00
5.922076513667226649e+00	5.027514046998471819e+00	8.673185724324973478e+00
5.795836233801303194e+00	4.976077988907467109e+00	8.695198886061838550e+00
5.666065119342811762e+00	4.920045452376260897e+00	8.717212047798705399e+00
5.532812009001252029e+00	4.859387271208639447e+00	8.739225209535570471e+00
5.396127785574543978e+00	4.794092218914246750e+00	8.761238371272435543e+00
5.256065357925141512e+00	4.724166209273244377e+00	8.783251533009300616e+00
5.112679641798216323e+00	4.649631392681229158e+00	8.805264694746165688e+00
4.966027539488118592e+00	4.570525129943300513e+00	8.827277856483032537e+00
4.816167918360012123e+00	4.486898946739779070e+00	8.849291018219897609e+00
4.663161588233924348e+00	4.398817396029255811e+00	8.871304179956762681e+00
4.507071277639574269e+00	4.306356923564008454e+00	8.893317341693627753e+00
4.347961608950527967e+00	4.209604712299423568e+00	8.915330503430492826e+00
4.185899072407091026e+00	4.108657517861802333e+00	8.937343665167359674e+00
4.020951999038033797e+00	4.003620563295264390e+00	8.959356826904224746e+00
3.853190532491559406e+00	3.894606425921616211e+00	8.981369988641089819e+00
3.682686599787050596e+00	3.781733960437966502e+00	9.003383150377954891e+00
3.509513880999257651e+00	3.665127354920675540e+00	9.025396312114819963e+00
3.333747777887510200e+00	3.544915111570980937e+00	9.047409473851685036e+00
3.155465381483022469e+00	3.421229228925909638e+00	9.069422635588551884e+00
2.974745438648082274e+00	3.294204377964553565e+00	9.091435797325416956e+00
2.791668317621224027e+00	3.163977117767086789e+00	9.113448959062282029e+00
2.606315972563565175e+00	3.030685310788222786e+00	9.135462120799147101e+00
2.418771907121587628e+00	2.894467440556902638e+00	9.157475282536012173e+00
2.229121137022494814e+00	2.755462139959584444e+00	9.179488444272879022e+00
2.037450151718876779e+00	2.613807729465722041e+00	9.201501606009744094e+00
1.843846875099651061e+00	2.469641781528292945e+00	9.223514767746609166e+00
1.648400625285362242e+00	2.323100851440474290e+00	9.245527929483474239e+00
1.451202073525924785e+00	2.174320146988315550e+00	9.267541091220339311e+00
1.252343202219748930e+00	2.023433334988897325e+00	9.289554252957206160e+00
1.051917262073724491e+00	1.870572369797849355e+00	9.311567414694071232e+00
8.500187284237409324e-01	1.715867338941121645e+00	9.333580576430936304e+00
6.467432567365011264e-01	1.559446400004088185e+00	9.355593738167801376e+00
4.421876373133303284e-01	1.401435704933889248e+00	9.377606899904666449e+00
2.364497492174950366e-01	1.241959378899287758e+00	9.399620061641533297e+00
2.962851344704238096e-02	1.081139520611599014e+00	9.421633223378398370e+00
-1.781761546246918848e-01	9.190962179928325870e-01	9.443646385115263442e+00
-3.868633935177101524e-01	7.559475859124299424e-01	9.465659546852128514e+00
-5.963314446000443914e-01	5.918098229513262254e-01	9.487672708588993586e+00
-8.064777017046701468e-01	4.267972696686472833e-01	9.509685870325860435e+00
-1.017198761384364047e+00	2.610224777988314759e-01	9.531699032062725507e+00
-1.228390473780151204e+00	9.459629801600352716e-02	9.553712193799590580e+00
-1.439947994077978910e+00	-7.237204532363764042e-02	9.575725355536455652e+00
-1.651765834528466259e+00	-2.397748780744682340e-01	9.597738517273320724e+00
-1.863737917003822853e+00	-4.075059891260308653e-01	9.619751679010185796e+00
-2.075757626065810602e+00	-5.754605428267292044e-01	9.641764840747052645e+00
-2.287717862518121592e+00	-7.435350069344781598e-01	9.663778002483917717e+00
-2.499511097416566408e+00	-9.116270781556223834e-01	9.685791164220782790e+00
-2.711029426509527163e+00	-1.079635609658071260e+00	9.707804325957647862e+00
-2.922164625081432821e+00	-1.247460546519854052e+00	9.729817487694512934e+00
-3.132808203171341788e+00	-1.415002863934633037e+00	9.751830649431379783e+00
-3.342851461138456326e+00	-1.582164511475816937e+00	9.773843811168244855e+00
-3.552185545546445944e+00	-1.748848366150620670e+00	9.795856972905109927e+00
-3.760701505337595396e+00	-1.914958189844473635e+00	9.817870134641975000e+00
-3.968290348268161072e+00	-2.080398589191062797e+00	9.839883296378840072e+00
-4.174843097575731576e+00	-2.245074984972843968e+00	9.861896458115706920e+00
-4.380250848849195577e+00	-2.408893586062327508e+00	9.883909619852571993e+00
-4.584404827072017241e+00	-2.571761368987883323e+00	9.905922781589437065e+00
-4.787196443808807267e+00	-2.733586061525163480e+00	9.927935943326302137e+00
-4.988517354505526136e+00	-2.894276133309434229e+00	9.949949105063167210e+00
-5.188259515873226313e+00	-3.053740789537427780e+00	9.971962266800034058e+00
-5.386315243325065616e+00	-3.211889967053174200e+00	9.993975428536899130e+00
-5.582577268436551776e+00	-3.368634340876764277e+00	1.001598859027376420e+01
-5.776938796398267684e+00	-3.523885326083647129e+00	1.003800175201062927e+01
-5.969293563430874805e+00	-3.677555091790548403e+00	1.006001491374749435e+01
-6.159535894131688671e+00	-3.829556571185648739e+00	1.008202807548436120e+01
-6.347560758722171848e+00	-3.979803478442390130e+00	1.010404123722122627e+01
-6.533263830165885189e+00	-4.128210329008955348e+00	1.012605439895809134e+01
-6.716541541125892856e+00	-4.274692456923025574e+00	1.014806756069495641e+01
-6.897291140731178771e+00	-4.419166042949728812e+00	1.017008072243182148e+01
-7.075410751121250286e+00	-4.561548136052928193e+00	1.019209388416868833e+01
-7.250799423738239824e+00	-4.701756682618431604e+00	1.021410704590555341e+01
-7.423357195336044434e+00	-4.839710553853657338e+00	1.023612020764241848e+01
-7.592985143675668347e+00	-4.975329576862593584e+00	1.025813336937928355e+01
-7.759585442876453243e+00	-5.108534569608776721e+00	1.028014653111614862e+01
-7.923061418392729927e+00	-5.239247365114657384e+00	1.030215969285301369e+01
-8.083317601585559231e+00	-5.367390848198783537e+00	1.032417285458988054e+01
-8.240259783859357867e+00	-5.492888990314555464e+00	1.034618601632674562e+01
-8.393795070333496255e+00	-5.615666887331940416e+00	1.036819917806361069e+01
-8.543831933018752878e+00	-5.735650786271348167e+00	1.039021233980047576e+01
-8.690280263469091437e+00	-5.852768128509855394e+00	1.041222550153734083e+01
-8.833051424879139191e+00	-5.966947584053467146e+00	1.043423866327420768e+01
-8.972058303597995277e+00	-6.078119082811117124e+00	1.045625182501107275e+01
-9.107215360030442852e+00	-6.186213856203012007e+00	1.047826498674793783e+01
-9.238438678896423895e+00	-6.291164469564374251e+00	1.050027814848480290e+01
-9.365646018820363849e+00	-6.392904858509760757e+00	1.052229131022166797e+01
-9.488756861221901318e+00	-6.491370366192934505e+00	1.054430447195853482e+01
-9.607692458479933251e+00	-6.586497777849407598e+00	1.056631763369539989e+01
-9.722375881342324888e+00	-6.678225353982848667e+00	1.058833079543226496e+01
-9.832732065553651424e+00	-6.766492867775174780e+00	1.061034395716913004e+01
-9.938687857673981441e+00	-6.851241642133923726e+00	1.063235711890599511e+01
-1.004017206006188800e+01	-6.932414584476521924e+00	1.065437028064286196e+01
-1.013711547499520904e+01	-7.009956210189880466e+00	1.067638344237972703e+01
-1.022945094790364884e+01	-7.083812675012470805e+00	1.069839660411659210e+01
-1.031711340968742441e+01	-7.153931826070262012e+00	1.072040976585345717e+01
-1.040003991809679995e+01	-7.220263229130481797e+00	1.074242292759032225e+01
-1.047816969814766885e+01	-7.282758189602927423e+00	1.076443608932718909e+01
-1.055144418154876540e+01	-7.341369762846914782e+00	1.078644925106405417e+01
-1.061980704511663731e+01	-7.396052828190459394e+00	1.080846241280091924e+01
-1.068320424815481395e+01	-7.446764107207803463e+00	1.083047557453778431e+01
-1.074158406877421790e+01	-7.493462186017942450e+00	1.085248873627464938e+01
-1.079489713913231874e+01	-7.536107502228459154e+00	1.087450189801151623e+01
-1.084309647956897749e+01	-7.574662430957586956e+00	1.089651505974838130e+01
-1.088613753161757458e+01	-7.609091302507487775e+00	1.091852822148524638e+01
-1.092397818987033808e+01	-7.639360423887703533e+00	1.094054138322211145e+01
-1.095657883267757349e+01	-7.665438050128110525e+00	1.096255454495897652e+01
-1.098390235166085205e+01	-7.687294464348328304e+00	1.098456770669584159e+01
-1.100591418002089483e+01	-7.704902006144240367e+00	1.100658086843270844e+01
-1.102258231962141544e+01	-7.718235088001479838e+00	1.102859403016957351e+01
-1.103387736683080611e+01	-7.727270179366506397e+00	1.105060719190643859e+01
-1.103977253710411510e+01	-7.731985827837342562e+00	1.107262035364330366e+01
-1.104024368828841673e+01	-7.732873350408443258e+00	1.109463351538016873e+01
-1.103526934263526549e+01	-7.734357023140714382e+00	1.111664667711703558e+01
-1.102483070750457728e+01	-7.737426636222367371e+00	1.113865983885390065e+01
-1.100891169474490461e+01	-7.741993613235688798e+00	1.116067300059076572e+01
-1.098749893873575267e+01	-7.747920617841673518e+00	1.118268616232763080e+01
-1.096058181307821222e+01	-7.755023097427099721e+00	1.120469932406449587e+01
-1.092815244592088320e+01	-7.763072097183709275e+00	1.122671248580136272e+01
-1.089020573390874702e+01	-7.771796971585985148e+00	1.124872564753822779e+01
-1.084673935474325646e+01	-7.780889143161894062e+00	1.127073880927509286e+01
-1.079775377834274863e+01	-7.790006610704919510e+00	1.129275197101195793e+01
-1.074325227659286952e+01	-7.798778390398996230e+00	1.131476513274882301e+01
-1.068324093167742639e+01	-7.806809806491834536e+00	1.133677829448568986e+01
-1.061772864298091079e+01	-7.813687852324469496e+00	1.135879145622255493e+01
-1.054672713255444627e+01	-7.818986751103095045e+00	1.138080461795942000e+01
-1.047025094913790078e+01	-7.822273532132993701e+00	1.140281777969628507e+01
-1.038831747073143852e+01	-7.823113629409706782e+00	1.142483094143315014e+01
-1.030094690571062799e+01	-7.821076280303681294e+00	1.144684410317001699e+01
-1.020816229247995111e+01	-7.815739715530880538e+00	1.146885726490688207e+01
-1.010998949766025312e+01	-7.806695921739094324e+00	1.149087042664374714e+01
-1.000645721280657341e+01	-7.793555152031713895e+00	1.151288358838061221e+01
-9.897596949653381770e+00	-7.775949897939584687e+00	1.153489675011747728e+01
-9.783443033885127704e+00	-7.753538230765460781e+00	1.155690991185434413e+01
-9.664032597430763261e+00	-7.726006840344088467e+00	1.157892307359120920e+01
-9.539405569281550257e+00	-7.693073378497770065e+00	1.160093623532807428e+01
-9.409604664832471599e+00	-7.654488072606596916e+00	1.162294939706493935e+01
-9.274675373748102913e+00	-7.610035095914456704e+00	1.164496255880180442e+01
-9.134665946354701305e+00	-7.559533225717059324e+00	1.166697572053866949e+01
-8.989627378561001692e+00	-7.502835770185037667e+00	1.168898888227553634e+01
-8.839613395311099353e+00	-7.439830509431512695e+00	1.171100204401240141e+01
-8.684680432573262721e+00	-7.370438475260893796e+00	1.173301520574926649e+01
-8.524887617869801204e+00	-7.294613236999493822e+00	1.175502836748613156e+01
-8.360296749353379298e+00	-7.212339107222303980e+00	1.177704152922299663e+01
-8.190972273436271323e+00	-7.123629476331779564e+00	1.179905469095986348e+01
-8.016981260979770596e+00	-7.028524680777191058e+00	1.182106785269672855e+01
-7.838393382051499714e+00	-6.927089836341187024e+00	1.184308101443359362e+01
-7.655280879259614757e+00	-6.819412593143668211e+00	1.186509417617045870e+01
-7.467718539673167122e+00	-6.705600708118485187e+00	1.188710733790732377e+01
-7.275783665338967587e+00	-6.585779708263732601e+00	1.190912049964419062e+01
-7.079556042406008665e+00	-6.460090526817366730e+00	1.193113366138105569e+01
-6.879117908869015530e+00	-6.328687198632485078e+00	1.195314682311792076e+01
-6.674553920943947283e+00	-6.191734709735891684e+00	1.197515998485478583e+01
-6.465951118088486105e+00	-6.049406882239515504e+00	1.199717314659165091e+01
-6.253398886681646118e+00	-5.901884470085001944e+00	1.201918630832851775e+01
-6.036988922377290123e+00	-5.749353384909937859e+00	1.204119947006538283e+01
-5.816815191146870845e+00	-5.592003047110944536e+00	1.206321263180224790e+01
-5.592973889027889278e+00	-5.430025011762764642e+00	1.208522579353911297e+01
-5.365563400594811405e+00	-5.263611653858399464e+00	1.210723895527597804e+01
-5.134684256170161554e+00	-5.092955092062817712e+00	1.212925211701284489e+01
-4.900439087794269177e+00	-4.918246243243094895e+00	1.215126527874970996e+01
-4.662932583972430045e+00	-4.739674054425193184e+00	1.217327844048657504e+01
-4.422271443219650600e+00	-4.557424868210353530e+00	1.219529160222344011e+01
-4.178564326423100717e+00	-4.371681935182830436e+00	1.221730476396030518e+01
-3.931921808043499222e+00	-4.182625029893237034e+00	1.223931792569717203e+01
-3.682456326177312000e+00	-3.990430206198446239e+00	1.226133108743403710e+01
-3.430282131501882326e+00	-3.795269610559079521e+00	1.228334424917090217e+01
-3.175515235126986635e+00	-3.597311434733639235e+00	1.230535741090776725e+01
-2.918273355376222788e+00	-3.396719868482400706e+00	1.232737057264463232e+01
-2.658675863522678817e+00	-3.193655215148440085e+00	1.234938373438149739e+01
-2.396843728503804449e+00	-2.988273915092407584e+00	1.237139689611836424e+01
-2.132899460641148437e+00	-2.780728764224243754e+00	1.239341005785522931e+01
-1.866967054390790803e+00	-2.571169024764136335e+00	1.241542321959209438e+01
-1.599171930151611631e+00	-2.359740680658492629e+00	1.243743638132895946e+01
-1.329640875158346836e+00	-2.146586588758378156e+00	1.245944954306582453e+01
-1.058501983487390108e+00	-1.931846751001851770e+00	1.248146270480269138e+01
-7.858845952038037153e-01	-1.715658484808561202e+00	1.250347586653955645e+01
-5.119192346781191727e-01	-1.498156685727499493e+00	1.252548902827642152e+01
-2.367375481027705064e-01	-1.279474007623560228e+00	1.254750219001328659e+01
3.952775976225941790e-02	-1.059741097527867382e+00	1.256951535175015167e+01
3.167429895840809251e-01	-8.390867640586705534e-01	1.259152851348701851e+01
5.947735121608549447e-01	-6.176381822745756756e-01	1.261354167522388359e+01
8.734838338040884498e-01	-3.955210458817093322e-01	1.263555483696074866e+01
1.152737662367068205e+00	-1.728597353624438115e-01	1.265756799869761373e+01
1.432397973887591380e+00	5.022255055307834476e-02	1.267958116043447880e+01
1.712327079812299813e+00	2.736036628042223251e-01	1.270159432217134565e+01
1.992386694769526345e+00	4.971623960221174809e-01	1.272360748390821072e+01
2.272438004857645133e+00	7.207783882446719970e-01	1.274562064564507580e+01
2.552341736414758255e+00	9.443320387436144880e-01	1.276763380738194087e+01
2.831958225236013149e+00	1.167704437214991620e+00	1.278964696911880594e+01
3.111147486204046686e+00	1.390777306041123040e+00	1.281166013085567279e+01
3.389769283297769054e+00	1.613432953123872249e+00	1.283367329259253786e+01
3.667683199944840489e+00	1.835554237357866381e+00	1.285568645432940293e+01
3.944748709682131871e+00	2.057024540301112481e+00	1.287769961606626801e+01
4.220825247089013743e+00	2.277727751433959114e+00	1.289971277780313308e+01
4.495772278957597123e+00	2.497548257357734780e+00	1.292172593953999993e+01
4.769449375663852742e+00	2.716370942300822211e+00	1.294373910127686500e+01
5.041716282703780472e+00	2.934081192385716186e+00	1.296575226301373007e+01
5.312432992357815742e+00	3.150564908211673565e+00	1.298776542475059514e+01
5.581459815447301409e+00	3.365708520991661068e+00	1.300977858648746022e+01
5.848657453146199003e+00	3.579399014419838210e+00	1.303179174822432529e+01
6.113887068811332703e+00	3.791523954830913201e+00	1.305380490996119214e+01
6.377010359794078376e+00	4.001971516961885023e+00	1.307581807169805721e+01
6.637889629196868313e+00	4.210630514655543166e+00	1.309783123343492228e+01
6.896387857536989685e+00	4.417390445277832534e+00	1.311984439517178735e+01
7.152368774280883912e+00	4.622141522506340472e+00	1.314185755690865243e+01
7.405696929211699420e+00	4.824774720043041754e+00	1.316387071864551928e+01
7.656237763592799617e+00	5.025181817508876492e+00	1.318588388038238435e+01
7.903857681090411091e+00	5.223255438352356173e+00	1.320789704211924942e+01
8.148424118417812778e+00	5.418889103094433501e+00	1.322991020385611449e+01
8.389805615664339911e+00	5.611977268716033862e+00	1.325192336559297956e+01
8.627871886272000523e+00	5.802415385455494956e+00	1.327393652732984641e+01
8.862493886622727857e+00	5.990099937999406876e+00	1.329594968906671149e+01
9.093543885199650845e+00	6.174928501804694214e+00	1.331796285080357656e+01
9.320895531285314561e+00	6.356799784464778114e+00	1.333997601254044163e+01
9.544423923160527679e+00	6.535613682609712427e+00	1.336198917427730670e+01
9.764005675767323922e+00	6.711271333542351947e+00	1.338400233601417355e+01
9.979518987799705698e+00	6.883675159345027161e+00	1.340601549775103862e+01
1.019084370818637808e+01	7.052728921749274349e+00	1.342802865948790370e+01
1.039786140192929231e+01	7.218337770771721118e+00	1.345004182122476877e+01
1.060045541526269020e+01	7.380408294498609578e+00	1.347205498296163384e+01
1.079851094009716306e+01	7.538848568907324577e+00	1.349406814469850069e+01
1.099191507771366894e+01	7.693568208567269195e+00	1.351608130643536576e+01
1.118055690167288851e+01	7.844478413608580780e+00	1.353809446817223083e+01
1.136432751990521339e+01	7.991492019234065936e+00	1.356010762990909591e+01
1.154312013594742936e+01	8.134523545953367574e+00	1.358212079164596098e+01
1.171683010929225688e+01	8.273489241025155039e+00	1.360413395338282605e+01
1.188535501481733725e+01	8.408307131427699588e+00	1.362614711511969290e+01
1.204859470126058163e+01	8.538897067550866637e+00	1.364816027685655797e+01
1.220645134870946080e+01	8.665180764184826856e+00	1.367017343859342304e+01
1.235882952507174970e+01	8.787081856681373537e+00	1.369218660033028812e+01
1.250563624149620168e+01	8.904525938576940192e+00	1.371419976206715319e+01
1.264678100671174832e+01	9.017440592462657278e+00	1.373621292380402004e+01
1.278217588025436058e+01	9.125755453343812107e+00	1.375822608554088511e+01
1.291173552455140872e+01	9.229402243138880024e+00	1.378023924727775018e+01
1.303537725583345797e+01	9.328314795502945955e+00	1.380225240901461525e+01
1.315302109384435703e+01	9.422429117932486164e+00	1.382426557075148033e+01
1.326458981032083528e+01	9.511683425738178599e+00	1.384627873248834717e+01
1.337000897621330608e+01	9.596018159644623680e+00	1.386829189422521225e+01
1.346920700762046330e+01	9.675376046474179148e+00	1.389030505596207732e+01
1.356211521041034906e+01	9.749702132952654310e+00	1.391231821769894239e+01
1.364866782350167362e+01	9.818943796995560191e+00	1.393433137943580746e+01
1.372880206077950582e+01	9.883050804374629905e+00	1.395634454117267431e+01
1.380245815162008860e+01	9.941975343238075524e+00	1.397835770290953938e+01
1.386957938000038837e+01	9.995672030334530334e+00	1.400037086464640446e+01
1.393011212216835304e+01	1.004409796123014331e+01	1.402238402638326953e+01
1.398400588285080737e+01	1.008721274593686168e+01	1.404439718812013460e+01
1.403121332997642412e+01	1.012497850547200606e+01	1.406641034985700145e+01
1.407169032789200003e+01	1.015735992267329912e+01	1.408842351159386652e+01
1.410539596905096182e+01	1.018432428192318362e+01	1.411043667333073159e+01
1.413229260415373645e+01	1.020584148332869745e+01	1.413244983506759667e+01
1.415234587072040640e+01	1.022188400971222322e+01	1.415446299680446174e+01
1.416552472007676222e+01	1.023242701704587709e+01	1.417647615854132859e+01
1.417180144273571685e+01	1.023744835172869116e+01	1.419848932027819366e+01
1.417115169215674619e+01	1.023827285344301785e+01	1.422050248201505873e+01
1.416355450686681294e+01	1.024053089941342876e+01	1.424251564375192380e+01
1.414899233092712016e+01	1.024477102472945766e+01	1.426452880548878888e+01
1.412745103273069880e+01	1.025083240119771055e+01	1.428654196722565395e+01
1.409891992211680467e+01	1.025847673493301393e+01	1.430855512896252080e+01
1.406339176578881833e+01	1.026739316905943333e+01	1.433056829069938587e+01
1.402086280102321858e+01	1.027720308281964989e+01	1.435258145243625094e+01
1.397133274765806021e+01	1.028746666852833158e+01	1.437459461417311601e+01
1.391480481835019845e+01	1.029769104256450873e+01	1.439660777590998109e+01
1.385128572709141537e+01	1.030733837953488319e+01	1.441862093764684793e+01
1.378078569597440861e+01	1.031583543847023421e+01	1.444063409938371301e+01
1.370331846020051891e+01	1.032258324493446544e+01	1.446264726112057808e+01
1.361890127132195794e+01	1.032696702725951532e+01	1.448466042285744315e+01
1.352755489871215921e+01	1.032836608809822287e+01	1.450667358459430822e+01
1.342930362925875976e+01	1.032616354992111063e+01	1.452868674633117507e+01
1.332417526527469498e+01	1.031975546805057498e+01	1.455069990806804014e+01
1.321220112062360386e+01	1.030855950464465742e+01	1.457271306980490522e+01
1.309341601505692765e+01	1.029202260736619046e+01	1.459472623154177029e+01
1.296785826676072695e+01	1.026962778091623285e+01	1.461673939327863536e+01
1.283556968311128266e+01	1.024090001193985700e+01	1.463875255501550221e+01
1.269659554963953241e+01	1.020541096021748828e+01	1.466076571675236728e+01
1.255098461720502101e+01	1.016278234595648478e+01	1.468277887848923235e+01
1.239878908738140595e+01	1.011268866864934779e+01	1.470479204022609743e+01
1.224006459605606345e+01	1.005485819311006068e+01	1.472680520196296250e+01
1.207487019524747041e+01	9.989073713317480951e+00	1.474881836369982935e+01
1.190326833314502686e+01	9.915171596216406869e+00	1.477083152543669442e+01
1.172532483237653977e+01	9.833040396702154240e+00	1.479284468717355949e+01
1.154110886651009515e+01	9.742618602871106148e+00	1.481485784891042456e+01
1.135069293479738661e+01	9.643891759511619810e+00	1.483687101064728964e+01
1.115415283516684219e+01	9.536889089754060578e+00	1.485888417238415649e+01
1.095156763547572254e+01	9.421679768099224361e+00	1.488089733412102156e+01
1.074301964303109891e+01	9.298368760322398785e+00	1.490291049585788663e+01
1.052859437239091100e+01	9.167092819077526045e+00	1.492492365759475170e+01
1.030838051145682144e+01	9.028016224505110543e+00	1.494693681933161677e+01
1.008246988587168502e+01	8.881326630406412903e+00	1.496894998106848185e+01
9.850957421735325070e+00	8.727231017587616435e+00	1.499096314280534870e+01
9.613941106653264512e+00	8.565951873361147051e+00	1.501297630454221377e+01
9.371521949133617468e+00	8.397723631324966576e+00	1.503498946627907884e+01
9.123803936348833687e+00	8.222789390748966198e+00	1.505700262801594391e+01
8.870893990279260066e+00	8.041397963952697125e+00	1.507901578975280898e+01
8.612901922256668286e+00	7.853801195813861824e+00	1.510102895148967583e+01
8.349940385926828412e+00	7.660251797741688407e+00	1.512304211322654091e+01
8.082124828650592008e+00	7.461001323094649251e+00	1.514505527496340598e+01
7.809573441364574542e+00	7.256298589861435389e+00	1.516706843670027105e+01
7.532407106922589080e+00	7.046388357611764519e+00	1.518908159843713612e+01
7.250749346940248863e+00	6.831510332693559562e+00	1.521109476017400297e+01
6.964726267166001961e+00	6.611898394736043016e+00	1.523310792191086804e+01
6.674466501402171126e+00	6.387780125383216934e+00	1.525512108364773312e+01
6.380101154001208030e+00	6.159376429612582804e+00	1.527713424538459819e+01
6.081763740962345288e+00	5.926901478964105685e+00	1.529914740712146326e+01
5.779590129655047370e+00	5.690562653662191828e+00	1.532116056885833011e+01
5.473718477196471532e+00	5.450560758900206082e+00	1.534317373059519518e+01
5.164289167510358602e+00	5.207090190589174661e+00	1.536518689233206025e+01
4.851444747096441468e+00	4.960339293397539429e+00	1.538720005406892533e+01
4.535329859539253050e+00	4.710490740474657656e+00	1.540921321580579040e+01
4.216091178786472327e+00	4.457721898211131517e+00	1.543122637754265725e+01
3.893877341227637068e+00	4.202205288036716446e+00	1.545323953927952232e+01
3.568838876604216281e+00	3.944109007496315211e+00	1.547525270101638739e+01
3.241128137783621188e+00	3.683597172227258021e+00	1.549726586275325246e+01
2.910899229429471546e+00	3.420830349881071708e+00	1.551927902449011754e+01
2.578307935601611867e+00	3.155965948215409433e+00	1.554129218622698438e+01
2.243511646319984898e+00	2.889158615178554879e+00	1.556330534796384946e+01
1.906669283126554371e+00	2.620560594935001486e+00	1.558531850970071453e+01
1.567941223680995755e+00	2.350322053497430286e+00	1.560733167143757960e+01
1.227489225425517194e+00	2.078591396179833684e+00	1.562934483317444467e+01
8.854763483552883230e-01	1.805515508126710467e+00	1.565135799491130975e+01
5.420668769312934065e-01	1.531240036266358739e+00	1.567337115664817659e+01
1.974262411731572131e-01	1.255909550047982659e+00	1.569538431838504167e+01
-1.482790630305698132e-01	9.796677737985395318e-01	1.571739748012190674e+01
-4.948815543557287255e-01	7.026577039483079545e-01	1.573941064185877181e+01
-8.422128471810305106e-01	4.250217656149606338e-01	1.576142380359563688e+01
-1.190103733392249730e+00	1.469019161189842326e-01	1.578343696533250373e+01
-1.538384264812248770e+00	-1.315602780090866508e-01	1.580545012706936880e+01
-1.886883836217102095e+00	-4.102235490545468877e-01	1.582746328880623388e+01
-2.235431268897209112e+00	-6.889469090130899698e-01	1.584947645054309895e+01
-2.583854894722890094e+00	-9.675895763141185713e-01	1.587148961227996402e+01
-2.931982640673057361e+00	-1.246010992517551985e+00	1.589350277401683087e+01
-3.279642113785194102e+00	-1.524070775764210239e+00	1.591551593575369594e+01
-3.626660686485160046e+00	-1.801628754600153037e+00	1.593752909749056101e+01
-3.972865582254017980e+00	-2.078544953530002015e+00	1.595954225922742609e+01
-4.318083961589842978e+00	-2.354679629253563888e+00	1.598155542096429116e+01
-4.662143008221577567e+00	-2.629893288431587539e+00	1.600356858270115623e+01
-5.004870015532019600e+00	-2.904046722718462092e+00	1.602558174443802130e+01
-5.346092473146738300e+00	-3.177001050352403766e+00	1.604759490617488638e+01
-5.685638153645632187e+00	-3.448617753060140512e+00	1.606960806791175500e+01
-6.023335199353256009e+00	-3.718758732329546568e+00	1.609162122964862007e+01
-6.359012209165078033e+00	-3.987286345297446744e+00	1.611363439138548515e+01
-6.692498325364769407e+00	-4.254063477135081150e+00	1.613564755312235022e+01
-7.023623320389464020e+00	-4.518953581988603752e+00	1.615766071485921529e+01
-7.352217683498681211e+00	-4.781820750544723886e+00	1.617967387659608036e+01
-7.678112707302954476e+00	-5.042529761555552881e+00	1.620168703833294543e+01
-8.001140574108106307e+00	-5.300946149794834916e+00	1.622370020006981051e+01
-8.321134442031093315e+00	-5.556936262552966355e+00	1.624571336180667558e+01
-8.637928530843382191e+00	-5.810367327823381167e+00	1.626772652354354065e+01
-8.951358207497888131e+00	-6.061107514555290621e+00	1.628973968528040928e+01
-9.261260071295199126e+00	-6.309025998488919207e+00	1.631175284701727435e+01
-9.567472038645970400e+00	-6.553993025275353546e+00	1.633376600875413942e+01
-9.869833427384707036e+00	-6.795879976315054805e+00	1.635577917049100449e+01
-1.016818504059203399e+01	-7.034559432750600472e+00	1.637779233222786957e+01
-1.046236924988163075e+01	-7.269905240551176817e+00	1.639980549396473464e+01
-1.075223007810857823e+01	-7.501792575290217258e+00	1.642181865570159971e+01
-1.103761328145592380e+01	-7.730098005765695390e+00	1.644383181743846478e+01
-1.131836643085660299e+01	-7.954699558525948788e+00	1.646584497917532985e+01
-1.159433899270796431e+01	-8.175476781172285712e+00	1.648785814091219493e+01
-1.186538240883653650e+01	-8.392310805766198811e+00	1.650987130264906355e+01
-1.213135017567063656e+01	-8.605084411563115765e+00	1.653188446438592862e+01
-1.239209792257960530e+01	-8.813682086695186157e+00	1.655389762612279370e+01
-1.264748348933727229e+01	-9.017990090602864939e+00	1.657591078785965877e+01
-1.289736700266917957e+01	-9.217896513359303157e+00	1.659792394959652384e+01
-1.314161095184241823e+01	-9.413291337701680916e+00	1.661993711133338891e+01
-1.338008026325778665e+01	-9.604066496011062881e+00	1.664195027307025398e+01
-1.361264237400421528e+01	-9.790115933513607871e+00	1.666396343480711906e+01
-1.383916730433591269e+01	-9.971335659110305727e+00	1.668597659654398413e+01
-1.405952772903312642e+01	-1.014762380898150695e+01	1.670798975828084920e+01
-1.427359904760784559e+01	-1.031888069832182708e+01	1.673000292001771427e+01
-1.448125945331639031e+01	-1.048500887771472989e+01	1.675201608175458290e+01
-1.468239000094100710e+01	-1.064591318980100709e+01	1.677402924349144797e+01
-1.487687467330392721e+01	-1.080150081605728474e+01	1.679604240522831304e+01
-1.506460044647664986e+01	-1.095168133771410446e+01	1.681805556696517812e+01
-1.524545735364904075e+01	-1.109636677746717481e+01	1.684006872870204319e+01
-1.541933854762263501e+01	-1.123547165716968266e+01	1.686208189043890826e+01
-1.558614036189347019e+01	-1.136891304226569765e+01	1.688409505217577333e+01
-1.574576237029034687e+01	-1.149661058947147296e+01	1.690610821391263840e+01
-1.589810744513501639e+01	-1.161848659699098540e+01	1.692812137564950348e+01
-1.604308181389156118e+01	-1.173446604036971941e+01	1.695013453738636855e+01
-1.618059511427286878e+01	-1.184447663405805962e+01	1.697214769912323717e+01
-1.631056044777267289e+01	-1.194844886553004848e+01	1.699416086086010225e+01
-1.643289443159286733e+01	-1.204631601693717258e+01	1.701617402259696732e+01
-1.654751724893568010e+01	-1.213801423811648483e+01	1.703818718433383239e+01
-1.665435269763192849e+01	-1.222348257313358744e+01	1.706020034607069746e+01
-1.675332823707677932e+01	-1.230266297826605815e+01	1.708221350780756254e+01
-1.684437503344552312e+01	-1.237550039042664807e+01	1.710422666954442761e+01
-1.692742800316248264e+01	-1.244194274968219638e+01	1.712623983128129268e+01
-1.700242585459715627e+01	-1.250194101077314457e+01	1.714825299301815775e+01
-1.706931112796246097e+01	-1.255544921014080550e+01	1.717026615475502282e+01
-1.712803023339076347e+01	-1.260242448348333966e+01	1.719227931649189145e+01
-1.717853348716430517e+01	-1.264282707134816874e+01	1.721429247822875652e+01
-1.722077514607757109e+01	-1.267662038345588904e+01	1.723630563996562159e+01
-1.725471343990981765e+01	-1.270377101131920128e+01	1.725831880170248667e+01
-1.728031060198714997e+01	-1.272424872962663756e+01	1.728033196343935174e+01
-1.729753289781429260e+01	-1.273802655438101716e+01	1.730234512517621681e+01
-1.730635065175717457e+01	-1.274508075586150291e+01	1.732435828691308188e+01
-1.730673827175841240e+01	-1.274634821557572550e+01	1.734637144864994696e+01
-1.729867427206866992e+01	-1.274874548755873427e+01	1.736838461038681203e+01
-1.728214129397790444e+01	-1.275354956048815680e+01	1.739039777212367710e+01
-1.725712612453143890e+01	-1.276053691214933217e+01	1.741241093386054217e+01
-1.722361971321680230e+01	-1.276937082118274880e+01	1.743442409559741080e+01
-1.718161718660831028e+01	-1.277960956272181292e+01	1.745643725733427587e+01
-1.713111786095716838e+01	-1.279071502314069875e+01	1.747845041907114094e+01
-1.707212525271629033e+01	-1.280206407768662125e+01	1.750046358080800601e+01
-1.700464708698953231e+01	-1.281296226266588612e+01	1.752247674254487109e+01
-1.692869530389652510e+01	-1.282265767051854510e+01	1.754448990428173616e+01
-1.684428606284501484e+01	-1.283035667562538684e+01	1.756650306601860123e+01
-1.675143974470379504e+01	-1.283523973157850584e+01	1.758851622775546630e+01
-1.665018095187034675e+01	-1.283647723147142017e+01	1.761052938949233138e+01
-1.654053850622831945e+01	-1.283324491287765134e+01	1.763254255122919645e+01
-1.642254544499104085e+01	-1.282473867318328153e+01	1.765455571296606507e+01
-1.629623901442841571e+01	-1.281018774202665256e+01	1.767656887470293015e+01
-1.616166066147529179e+01	-1.278886702956094901e+01	1.769858203643979522e+01
-1.601885602322100866e+01	-1.276010686560250029e+01	1.772059519817666029e+01
-1.586787491428034080e+01	-1.272330209750891505e+01	1.774260835991352536e+01
-1.570877131204743549e+01	-1.267791816197616583e+01	1.776462152165039043e+01
-1.554160333983536013e+01	-1.262349576630016479e+01	1.778663468338725551e+01
-1.536643324790490084e+01	-1.255965348358503775e+01	1.780864784512412058e+01
-1.518332739238733886e+01	-1.248608852749550557e+01	1.783066100686098565e+01
-1.499235621210704927e+01	-1.240257578485558021e+01	1.785267416859785072e+01
-1.479359420331074659e+01	-1.230896568409980141e+01	1.787468733033471935e+01
-1.458711989231152728e+01	-1.220518001557360854e+01	1.789670049207158442e+01
-1.437301580605623919e+01	-1.209120691272766202e+01	1.791871365380844949e+01
-1.415136844062693555e+01	-1.196709669384257246e+01	1.794072681554531457e+01
-1.392226822768703443e+01	-1.183295399915613899e+01	1.796273997728217964e+01
-1.368580949888462506e+01	-1.168893210762452028e+01	1.798475313901904471e+01
-1.344209044822613563e+01	-1.153522604956244813e+01	1.800676630075590978e+01
-1.319121309243467266e+01	-1.137206586143304499e+01	1.802877946249277485e+01
-1.293328322930841701e+01	-1.119971008385660838e+01	1.805079262422963993e+01
-1.266841039409543690e+01	-1.101843967999477414e+01	1.807280578596650500e+01
-1.239670781390241672e+01	-1.082855224590778498e+01	1.809481894770337007e+01
-1.211829236015564959e+01	-1.063035682185406650e+01	1.811683210944023870e+01
-1.183328449913411085e+01	-1.042416913175983595e+01	1.813884527117710377e+01
-1.154180824059440269e+01	-1.021030776573953247e+01	1.816085843291396884e+01
-1.124399108450996998e+01	-9.989090543941374634e+00	1.818287159465083391e+01
-1.093996396594643805e+01	-9.760831748252440931e+00	1.820488475638769899e+01
-1.062986119809680119e+01	-9.525839772411909934e+00	1.822689791812456406e+01
-1.031382041350089551e+01	-9.284415402058009192e+00	1.824891107986142913e+01
-9.991982503474575950e+00	-9.036850488920821434e+00	1.827092424159829420e+01
-9.664491555774976206e+00	-8.783427166933336139e+00	1.829293740333515927e+01
-9.331494790529221817e+00	-8.524417258027602529e+00	1.831495056507202435e+01
-8.993142494454721358e+00	-8.260082186245819358e+00	1.833696372680889297e+01
-8.649587953400640572e+00	-7.990673041330901505e+00	1.835897688854575804e+01
-8.300987383239755601e+00	-7.716430877637062480e+00	1.838099005028262312e+01
-7.947499859142785894e+00	-7.437587149265431741e+00	1.840300321201948819e+01
-7.589287243266273464e+00	-7.154364392644378512e+00	1.842501637375635326e+01
-7.226514110887016784e+00	-6.866976817960873447e+00	1.844702953549321833e+01
-6.859347675016620904e+00	-6.575631039942797962e+00	1.846904269723008341e+01
-6.487957709530572714e+00	-6.280526831488722372e+00	1.849105585896694848e+01
-6.112516470847063843e+00	-5.981857876011760666e+00	1.851306902070381355e+01
-5.733198618191610585e+00	-5.679812495564994457e+00	1.853508218244067862e+01
-5.350181132484249424e+00	-5.374574322103674362e+00	1.855709534417754725e+01
-4.963643233887242268e+00	-5.066322975218029434e+00	1.857910850591441232e+01
-4.573766298050754742e+00	-4.755234658738025644e+00	1.860112166765127739e+01
-4.180733771096806883e+00	-4.441482740902587878e+00	1.862313482938814246e+01
-3.784731083380382000e+00	-4.125238202659699205e+00	1.864514799112500754e+01
-3.385945562068560122e+00	-3.806670151672055358e+00	1.866716115286187261e+01
-2.984566342578811149e+00	-3.485946125401257145e+00	1.868917431459873768e+01
-2.580784278918272445e+00	-3.163232537574224512e+00	1.871118747633560275e+01
-2.174791852966510231e+00	-2.838694860586474356e+00	1.873320063807246783e+01
-1.766783082744857847e+00	-2.512497972314061911e+00	1.875521379980933290e+01
-1.356953429716037496e+00	-2.184806287176350281e+00	1.877722696154619797e+01
-9.454997051582855194e-01	-1.855783968793513816e+00	1.879924012328306659e+01
-5.326199756592142620e-01	-1.525595051854632844e+00	1.882125328501993167e+01
-1.185134677737953446e-01	-1.194403531542264751e+00	1.884326644675679674e+01
2.966195281063168654e-01	-8.623734750502354274e-01	1.886527960849366181e+01
7.125777546267335616e-01	-5.296690293810494277e-01	1.888729277023052688e+01
1.129159085040298161e+00	-1.964545064439834066e-01	1.890930593196739196e+01
1.546160621425835435e+00	1.371056520226952291e-01	1.893131909370425703e+01
1.963378793507957631e+00	4.708468300105084769e-01	1.895333225544112210e+01
2.380609458029797842e+00	8.046042843116013588e-01	1.897534541717798717e+01
2.797647998630164778e+00	1.138213147001362113e+00	1.899735857891485225e+01
3.214289426176328401e+00	1.471508469287663656e+00	1.901937174065172087e+01
3.630328479502837435e+00	1.804325263429453985e+00	1.904138490238858594e+01
4.045559726507881315e+00	2.136498545136784610e+00	1.906339806412545101e+01
4.459777665556081239e+00	2.467863398699524424e+00	1.908541122586231609e+01
4.872776827138666000e+00	2.798255028133955769e+00	1.910742438759918116e+01
5.284351875740373572e+00	3.127508824050213576e+00	1.912943754933604623e+01
5.694297711862665423e+00	3.455460429039866721e+00	1.915145071107291130e+01
6.102409574152586558e+00	3.781945809654283064e+00	1.917346387280977638e+01
6.508483141586460796e+00	4.106801328248751659e+00	1.919547703454664145e+01
6.912314635657470951e+00	4.429863814640681241e+00	1.921749019628350652e+01
7.313700922516057190e+00	4.750970642883244999e+00	1.923950335802037159e+01
7.712439615012065985e+00	5.069959806462473573e+00	1.926151651975724022e+01
8.108329174587071364e+00	5.386669996722677212e+00	1.928352968149410529e+01
8.501169012966601102e+00	5.700940680206370459e+00	1.930554284323097036e+01
8.890759593599746324e+00	6.012612176504378070e+00	1.932755600496783543e+01
9.276902532795917367e+00	6.321525737484840590e+00	1.934956916670470051e+01
9.659400700507205784e+00	6.627523625551296149e+00	1.937158232844156558e+01
1.003805832070530712e+01	6.930449192958188398e+00	1.939359549017843065e+01
1.041268107130201948e+01	7.230146960121597743e+00	1.941560865191529572e+01
1.078307618356246245e+01	7.526462694357880956e+00	1.943762181365216080e+01
1.114905254096028386e+01	7.819243488004289588e+00	1.945963497538902587e+01
1.151042077742439140e+01	8.108337836566851919e+00	1.948164813712589449e+01
1.186699337492648176e+01	8.393595716177754795e+00	1.950366129886275957e+01
1.221858476036019781e+01	8.674868660546836807e+00	1.952567446059962464e+01
1.256501140166080077e+01	8.952009838012095599e+00	1.954768762233648971e+01
1.290609190311673160e+01	9.224874126656578355e+00	1.956970078407335478e+01
1.324164709982340860e+01	9.493318190689894465e+00	1.959171394581021985e+01
1.357150015123033171e+01	9.757200553981835611e+00	1.961372710754708493e+01
1.389547663373299713e+01	1.001638167516416011e+01	1.963574026928395000e+01
1.421340463226130524e+01	1.027072401974818128e+01	1.965775343102081507e+01
1.452511483081673660e+01	1.052009213313491465e+01	1.967976659275768014e+01
1.483044060191092584e+01	1.076435271191816057e+01	1.970177975449454877e+01
1.512921809485843916e+01	1.100337467406052028e+01	1.972379291623141384e+01
1.542128632287803036e+01	1.123702922942032068e+01	1.974580607796827891e+01
1.570648724895547588e+01	1.146518994681045278e+01	1.976781923970514399e+01
1.598466587042328690e+01	1.168773282467981822e+01	1.978983240144200906e+01
1.625567030221216669e+01	1.190453635332606019e+01	1.981184556317887413e+01
1.651935185872997991e+01	1.211548158470961667e+01	1.983385872491573920e+01
1.677556513432450203e+01	1.232045219283801707e+01	1.985587188665260427e+01
1.702416808228693057e+01	1.251933454108579902e+01	1.987788504838946935e+01
1.726502209235372831e+01	1.271201773988776473e+01	1.989989821012633442e+01
1.749799206666500950e+01	1.289839371188641515e+01	1.992191137186319949e+01
1.772294649413847267e+01	1.307835724690171908e+01	1.994392453360006812e+01
1.793975752321828665e+01	1.325180606462417465e+01	1.996593769533693319e+01
1.814830103295985353e+01	1.341864086703716552e+01	1.998795085707379826e+01
1.834845670241088911e+01	1.357876539819317152e+01	2.000996401881066333e+01
1.854010807825116558e+01	1.373208649265984427e+01	2.003197718054752841e+01
1.872314264065354905e+01	1.387851413689466717e+01	2.005399034228439348e+01
1.889745186732975313e+01	1.401796151543731384e+01	2.007600350402125855e+01
1.906293129572521750e+01	1.415034505344515026e+01	2.009801666575812362e+01
1.921948058332835174e+01	1.427558448148256964e+01	2.012002982749498869e+01
1.936700356606011653e+01	1.439360286426400393e+01	2.014204298923185377e+01
1.950540831471107950e+01	1.450432665945132626e+01	2.016405615096872239e+01
1.963460718939355942e+01	1.460768575766823751e+01	2.018606931270558746e+01
1.975451689197813465e+01	1.470361351545979467e+01	2.020808247444245254e+01
1.986505851648371745e+01	1.479204681352204531e+01	2.023009563617931761e+01
1.996615759739232843e+01	1.487292607533398758e+01	2.025210879791618268e+01
2.005774415586011372e+01	1.494619531855543393e+01	2.027412195965304775e+01
2.013975274379732738e+01	1.501180218779316000e+01	2.029613512138991283e+01
2.021212248579098869e+01	1.506969797719564497e+01	2.031814828312677790e+01
2.027479711884498315e+01	1.511983768106395942e+01	2.034016144486364297e+01
2.032772502991333496e+01	1.516217999394820559e+01	2.036217460660050804e+01
2.037085929120352645e+01	1.519668737096737310e+01	2.038418776833737667e+01
2.040415769322774509e+01	1.522332606324089888e+01	2.040620093007424174e+01
2.042758277558111857e+01	1.524206612886119494e+01	2.042821409181110681e+01
2.044110185542687930e+01	1.525288139908594331e+01	2.045022725354797188e+01
2.044468705366978512e+01	1.525585644752781533e+01	2.047224041528483696e+01
2.043831531880003993e+01	1.525775565000293454e+01	2.049425357702170203e+01
2.042196844839116210e+01	1.526252820767406426e+01	2.051626673875856710e+01
2.039563310823637110e+01	1.526991231191982301e+01	2.053827990049543217e+01
2.035930084910925331e+01	1.527948992500865977e+01	2.056029306223229725e+01
2.031296812113555816e+01	1.529069603927868393e+01	2.058230622396916232e+01
2.025663628576419484e+01	1.530283398593149613e+01	2.060431938570602739e+01
2.019031162532664680e+01	1.531509204263894119e+01	2.062633254744289601e+01
2.011400535017530444e+01	1.532656340813910667e+01	2.064834570917976109e+01
2.002773360339212516e+01	1.533626883403599273e+01	2.067035887091662616e+01
1.993151746306068972e+01	1.534317908808667674e+01	2.069237203265349123e+01
1.982538294209543039e+01	1.534623905047618031e+01	2.071438519439035630e+01
1.970936098562339822e+01	1.534439086955702258e+01	2.073639835612722138e+01
1.958348746591492429e+01	1.533659651345298691e+01	2.075841151786408645e+01
1.944780317486082311e+01	1.532185832554977445e+01	2.078042467960095152e+01
1.930235381399507233e+01	1.529923693324920109e+01	2.080243784133781659e+01
1.914718998206296519e+01	1.526786775612726998e+01	2.082445100307468167e+01
1.898236716013609993e+01	1.522697324841164779e+01	2.084646416481155029e+01
1.880794569427687435e+01	1.517587279885868412e+01	2.086847732654841536e+01
1.862399077575588180e+01	1.511398926665064835e+01	2.089049048828528043e+01
1.843057241882771180e+01	1.504085249680679404e+01	2.091250365002214551e+01
1.822776543607102440e+01	1.495609989520809613e+01	2.093451681175901058e+01
1.801564941130047970e+01	1.485947404282200779e+01	2.095652997349587565e+01
1.779430867005924810e+01	1.475081865500554557e+01	2.097854313523274072e+01
1.756383224770188889e+01	1.463007211214466707e+01	2.100055629696960580e+01
1.732431385507887711e+01	1.449725986569035818e+01	2.102256945870647087e+01
1.707585184183501781e+01	1.435248538835216792e+01	2.104458262044333594e+01
1.681854915733532252e+01	1.419592049061634675e+01	2.106659578218020457e+01
1.655251330923335473e+01	1.402779538219590805e+01	2.108860894391706964e+01
1.627785631969741686e+01	1.384838870470781380e+01	2.111062210565393471e+01
1.599469467931257327e+01	1.365801794626932342e+01	2.113263526739079978e+01
1.570314929867625509e+01	1.345703004574668604e+01	2.115464842912766485e+01
1.540334545770727814e+01	1.324579258357016087e+01	2.117666159086452993e+01
1.509541275268894545e+01	1.302468759660268027e+01	2.119867475260139500e+01
1.477948504106814909e+01	1.279410344623905438e+01	2.122068791433826007e+01
1.445570038403353585e+01	1.255442950187339513e+01	2.124270107607512514e+01
1.412420098689696246e+01	1.230605157554035500e+01	2.126471423781199022e+01
1.378513313730358014e+01	1.204934813794812598e+01	2.128672739954885529e+01
1.343864714129703053e+01	1.178468723339879531e+01	2.130874056128572391e+01
1.308489725726764874e+01	1.151242434935548253e+01	2.133075372302258899e+01
1.272404162781158377e+01	1.123290110763199401e+01	2.135276688475945406e+01
1.235624220953176255e+01	1.094644450476396003e+01	2.137478004649631913e+01
1.198166470081076973e+01	1.065336657848419044e+01	2.139679320823318420e+01
1.160047846758794066e+01	1.035396455014527817e+01	2.141880636997004927e+01
1.121285646717362816e+01	1.004852151469353849e+01	2.144081953170691435e+01
1.081897517013471877e+01	9.737307043808272056e+00	2.146283269344377942e+01
1.041901448028650456e+01	9.420578068792817561e+00	2.148484585518064449e+01
1.001315765282697612e+01	9.098580287117208343e+00	2.150685901691750956e+01
9.601591210650608943e+00	8.771548981520627564e+00	2.152887217865437819e+01
9.184504858880078615e+00	8.439710318040770431e+00	2.155088534039124326e+01
8.762091397653977154e+00	8.103282454581581362e+00	2.157289850212810833e+01
8.334546633211802558e+00	7.762476693812438100e+00	2.159491166386497341e+01
7.902069287316146884e+00	7.417498325832195150e+00	2.161692482560183848e+01
7.464860905054285567e+00	7.068547856690685194e+00	2.163893798733870355e+01
7.023125761061778327e+00	6.715821663397348651e+00	2.166095114907556862e+01
6.577070764211657483e+00	6.359513255333186343e+00	2.168296431081243369e+01
6.126905360813602819e+00	5.999812966372456202e+00	2.170497747254929877e+01
5.672841436368321055e+00	5.636909378180869012e+00	2.172699063428616384e+01
5.215093215923110925e+00	5.270989774903004133e+00	2.174900379602303246e+01
4.753877163075855172e+00	4.902240364388783966e+00	2.177101695775989754e+01
4.289411877673918738e+00	4.530846642530541146e+00	2.179303011949676261e+01
3.821917992257747976e+00	4.156993860808420926e+00	2.181504328123362768e+01
3.351618067297086778e+00	3.780867188293667081e+00	2.183705644297049275e+01
2.878736485269986822e+00	3.402651890682790281e+00	2.185906960470735783e+01
2.403499343634925900e+00	3.022533513958837403e+00	2.188108276644422290e+01
1.926134346747071513e+00	2.640697987396134927e+00	2.190309592818108797e+01
1.446870696770353515e+00	2.257331706816155137e+00	2.192510908991795304e+01
9.659389836375962268e-01	1.872621573818550988e+00	2.194712225165481811e+01
4.835710741115356592e-01	1.486755023424608524e+00	2.196913541339168319e+01
1.885197279847353958e-14	1.099920035303576071e+00	2.199114857512855181e+01
