displacement 	force 	time
0.000000000000000000e+00	0.000000000000000000e+00	0.000000000000000000e+00
2.161589940656242233e-07	2.161589860452703102e-07	6.006006006006005954e-02
3.436466599424269603e-06	3.436374949986238059e-06	1.201201201201201191e-01
1.712710815657479850e-05	1.712436984228547676e-05	1.801801801801801717e-01
5.424549173703893228e-05	5.424179228872122021e-05	2.402402402402402382e-01
1.322498689677889202e-04	1.322478771520700495e-04	3.003003003003003046e-01
2.726804426120394385e-04	2.726757825655872023e-04	3.603603603603603434e-01
5.011593665692476570e-04	5.011325899330066865e-04	4.204204204204204376e-01
8.473907458751140081e-04	8.472993039285411140e-04	4.804804804804804763e-01
1.344819268884562538e-03	1.344580884194039984e-03	5.405405405405405705e-01
2.029409653014529850e-03	2.028865726982904353e-03	6.006006006006006093e-01
2.940068253019660453e-03	2.938944422802590439e-03	6.606606606606606480e-01
4.117162423099095421e-03	4.114967600498000908e-03	7.207207207207206867e-01
5.602393799480638592e-03	5.598315096540640474e-03	7.807807807807807254e-01
7.438778641069436308e-03	7.431575096759149464e-03	8.408408408408408752e-01
9.669562870059690562e-03	9.657386160059412347e-03	9.009009009009009139e-01
1.233820654370103992e-02	1.231840031180779851e-02	9.609609609609609526e-01
1.548702638474910333e-02	1.545584931342437046e-02	1.021021021021021102e+00
1.915649837089021881e-02	1.910880728318175084e-02	1.081081081081081141e+00
2.338525773474147210e-02	2.331419069620517190e-02	1.141141141141141180e+00
2.820975124186071367e-02	2.810638850933981983e-02	1.201201201201201219e+00
3.366313423089007523e-02	3.351603045861923508e-02	1.261261261261261257e+00
3.977508915091914482e-02	3.956983224529762866e-02	1.321321321321321296e+00
4.657056457620459278e-02	4.628934129937169184e-02	1.381381381381381335e+00
5.406970828852928485e-02	5.369086808174706321e-02	1.441441441441441373e+00
6.228778820663321419e-02	6.178541770411338785e-02	1.501501501501501412e+00
7.123432573963464631e-02	7.057784196140066968e-02	1.561561561561561451e+00
8.091294191110165457e-02	8.006664387366514701e-02	1.621621621621621712e+00
9.132053020626035300e-02	9.024344567537749551e-02	1.681681681681681750e+00
1.024470944589989663e-01	1.010928668069247804e-01	1.741741741741741789e+00
1.142757488518677117e-01	1.125925239146100404e-01	1.801801801801801828e+00
1.267825269596720150e-01	1.247130639852330608e-01	1.861861861861861867e+00
1.399357962804072819e-01	1.374175842335700892e-01	1.921921921921921905e+00
1.536963222222040570e-01	1.506620378985320807e-01	1.981981981981981944e+00
1.680172857199184189e-01	1.643956216717108176e-01	2.042042042042042205e+00
1.828442832181066402e-01	1.785607757513671401e-01	2.102102102102102243e+00
1.981153273324401665e-01	1.930931849736212957e-01	2.162162162162162282e+00
2.137610850311097432e-01	2.079223891586353123e-01	2.222222222222222321e+00
2.297044092341391508e-01	2.229716052205545085e-01	2.282282282282282360e+00
2.458611236318624937e-01	2.381586274494064404e-01	2.342342342342342398e+00
2.621405620544815518e-01	2.533965966129212988e-01	2.402402402402402437e+00
2.784455684720658630e-01	2.685939999565320480e-01	2.462462462462462476e+00
2.946727618827695849e-01	2.836549689128284313e-01	2.522522522522522515e+00
3.107128210388159228e-01	2.984798906993068046e-01	2.582582582582582553e+00
3.264506978449852603e-01	3.129655451647725406e-01	2.642642642642642592e+00
3.417673445605294846e-01	3.270066533406986165e-01	2.702702702702702631e+00
3.565397952005162074e-01	3.404959564416125128e-01	2.762762762762762669e+00
3.706412375382420743e-01	3.533242605613045040e-01	2.822822822822822708e+00
3.839419354052624467e-01	3.653810329506216314e-01	2.882882882882882747e+00
3.963092049089699254e-01	3.765544205096514885e-01	2.942942942942942786e+00
4.076095455372826803e-01	3.867325325779996104e-01	3.003003003003002824e+00
4.177091086667872877e-01	3.958037257689345778e-01	3.063063063063062863e+00
4.264737733347717663e-01	4.036566270711117732e-01	3.123123123123122902e+00
4.337701495758564119e-01	4.101803162218494170e-01	3.183183183183182940e+00
4.394658427077087759e-01	4.152643757386785262e-01	3.243243243243243423e+00
4.434316902881418887e-01	4.187999375595952145e-01	3.303303303303303462e+00
4.455422208724471034e-01	4.206798649275703683e-01	3.363363363363363501e+00
4.456758456094367937e-01	4.207031862570992931e-01	3.423423423423423539e+00
4.437164519115452399e-01	4.181911158345898993e-01	3.483483483483483578e+00
4.395558157871813920e-01	4.128893701695630081e-01	3.543543543543543617e+00
4.330962895314831584e-01	4.046774456240350148e-01	3.603603603603603656e+00
4.242510510641800403e-01	3.934880620008223140e-01	3.663663663663663694e+00
4.129443955825344847e-01	3.792817436503892470e-01	3.723723723723723733e+00
3.991127093042077800e-01	3.620477941273722022e-01	3.783783783783783772e+00
3.827055910858144228e-01	3.418095848774653778e-01	3.843843843843843811e+00
3.636859363445871240e-01	3.186234052005032513e-01	3.903903903903903849e+00
3.420299807902941192e-01	2.925781832590356180e-01	3.963963963963963888e+00
3.177276888396550758e-01	2.637943907329864945e-01	4.024024024024024371e+00
2.907830082383221493e-01	2.324200589342915457e-01	4.084084084084084409e+00
2.612138616502489019e-01	1.986303451695849154e-01	4.144144144144144448e+00
2.290516921258956562e-01	1.626236829785039362e-01	4.204204204204204487e+00
1.943417133486045612e-01	1.246200398877699428e-01	4.264264264264264526e+00
1.571420983517463066e-01	8.485273203837692679e-02	4.324324324324324564e+00
1.175236653899518480e-01	4.356603627054914801e-02	4.384384384384384603e+00
7.556979427875445965e-02	9.766727811730746209e-04	4.444444444444444642e+00
3.137597421739733716e-02	-4.285670125956021759e-02	4.504504504504504681e+00
-1.495024552636096959e-02	-8.773275374354658207e-02	4.564564564564564719e+00
-6.328982073308817013e-02	-1.334335938528988796e-01	4.624624624624624758e+00
-1.135122720413925812e-01	-1.797497781949706774e-01	4.684684684684684797e+00
-1.654758756453377500e-01	-2.264783939425271675e-01	4.744744744744744835e+00
-2.190289899118427752e-01	-2.734011006463863969e-01	4.804804804804804874e+00
-2.740093271483327042e-01	-3.203018178600316457e-01	4.864864864864864913e+00
-3.302459277816350847e-01	-3.669768007830450651e-01	4.924924924924924952e+00
-3.875595175107191537e-01	-4.132332462817502328e-01	4.984984984984984990e+00
-4.457626400764136410e-01	-4.588895126760906273e-01	5.045045045045045029e+00
-5.046598870251386426e-01	-5.037768633690736797e-01	5.105105105105105068e+00
-5.640483865219229065e-01	-5.477398320614258465e-01	5.165165165165165106e+00
-6.237196191078818730e-01	-5.906367430299493959e-01	5.225225225225225145e+00
-6.834595446026506815e-01	-6.323397929938580075e-01	5.285285285285285184e+00
-7.430487742932192496e-01	-6.727347398071937823e-01	5.345345345345345223e+00
-8.022626201851534855e-01	-7.117201721181360963e-01	5.405405405405405261e+00
-8.608719646626901145e-01	-7.492071705208838139e-01	5.465465465465465300e+00
-9.186447787302406409e-01	-7.851179708586495387e-01	5.525525525525525339e+00
-9.753461710294555331e-01	-8.193859078297864862e-01	5.585585585585585378e+00
-1.030738613399004189e+00	-8.519546193820686231e-01	5.645645645645645416e+00
-1.084582044765042497e+00	-8.827759244018863471e-01	5.705705705705705455e+00
-1.136634808580169853e+00	-9.118093557602737764e-01	5.765765765765765494e+00
-1.186655154374450793e+00	-9.390200186547311700e-01	5.825825825825825532e+00
-1.234401275438586243e+00	-9.643785135694683541e-01	5.885885885885885571e+00
-1.279631550542240426e+00	-9.878602567923953082e-01	5.945945945945945610e+00
-1.322105037381229531e+00	-1.009442644104830089e+00	6.006006006006005649e+00
-1.361582033938981695e+00	-1.029105011239713985e+00	6.066066066066065687e+00
-1.397826030895737315e+00	-1.046826060871233421e+00	6.126126126126125726e+00
-1.430603819260758414e+00	-1.062583663748049023e+00	6.186186186186185765e+00
-1.459685603670549225e+00	-1.076354640419504571e+00	6.246246246246245803e+00
-1.484846179657409726e+00	-1.088111785410715404e+00	6.306306306306305842e+00
-1.505864857305301507e+00	-1.097824022094989749e+00	6.366366366366365881e+00
-1.522528003797375185e+00	-1.105453602153592119e+00	6.426426426426426808e+00
-1.534629546136235145e+00	-1.110955353785473276e+00	6.486486486486486847e+00
-1.541970971143939995e+00	-1.114276681707269789e+00	6.546546546546546885e+00
-1.544361973114904529e+00	-1.115390631709359814e+00	6.606606606606606924e+00
-1.541623275626656353e+00	-1.112654052460328113e+00	6.666666666666666963e+00
-1.533591595051399414e+00	-1.104840638630234739e+00	6.726726726726727001e+00
-1.520124842646815244e+00	-1.091738506488553639e+00	6.786786786786787040e+00
-1.501104111314675249e+00	-1.073225335367338662e+00	6.846846846846847079e+00
-1.476434432293496357e+00	-1.049200979142537182e+00	6.906906906906907118e+00
-1.446045562617064517e+00	-1.019586852606744865e+00	6.966966966966967156e+00
-1.409893940558769376e+00	-9.843278708703243618e-01	7.027027027027027195e+00
-1.367962861119414120e+00	-9.433926344125427299e-01	7.087087087087087234e+00
-1.320262881213919881e+00	-8.967738784227171633e-01	7.147147147147147273e+00
-1.266832500944913953e+00	-8.444891483846636016e-01	7.207207207207207311e+00
-1.207739209258432922e+00	-7.865823573632624299e-01	7.267267267267267350e+00
-1.143079641849165773e+00	-7.231240307316670890e-01	7.327327327327327389e+00
-1.072979466148993311e+00	-6.542114406799711679e-01	7.387387387387387427e+00
-9.975937271324741840e-01	-5.799692205344069151e-01	7.447447447447447466e+00
-9.171068623722804514e-01	-5.005500984438994161e-01	7.507507507507507505e+00
-8.317323074714593201e-01	-4.161351586915260081e-01	7.567567567567567544e+00
-7.417124781153519031e-01	-3.269338440728862816e-01	7.627627627627627582e+00
-6.473181906207581271e-01	-2.331841079990278065e-01	7.687687687687687621e+00
-5.488479547456996954e-01	-1.351525762107046447e-01	7.747747747747747660e+00
-4.466273573252521611e-01	-3.313434327299387416e-02	7.807807807807807698e+00
-3.410077145067353377e-01	7.050892465144210919e-02	7.867867867867867737e+00
-2.323567819283405833e-01	1.702177240011750470e-01	7.927927927927927776e+00
-1.210418253804940447e-01	2.652416987705548679e-01	7.987987987987987815e+00
-7.425735419087857447e-03	3.553236281384460349e-01	8.048048048048048742e+00
1.081252340047660632e-01	4.576504546866800305e-01	8.108108108108108780e+00
2.252049765240925205e-01	5.591192722767334145e-01	8.168168168168168819e+00
3.433897749398679977e-01	6.584619630059362905e-01	8.228228228228228858e+00
4.622525659565962508e-01	7.553444588975021246e-01	8.288288288288288896e+00
5.813633679256807740e-01	8.494744567133180047e-01	8.348348348348348935e+00
7.002896529749959020e-01	9.405989704557793374e-01	8.408408408408408974e+00
8.185976629754123657e-01	1.028502418535279128e+00	8.468468468468469013e+00
9.358549816806458477e-01	1.113003128970524891e+00	8.528528528528529051e+00
1.051630777521749938e+00	1.193952720621179520e+00	8.588588588588589090e+00
1.165496042900157514e+00	1.271231802673152833e+00	8.648648648648649129e+00
1.277023990816654297e+00	1.344747452841680513e+00	8.708708708708709167e+00
1.385792623463451001e+00	1.414428006381312164e+00	8.768768768768769206e+00
1.491385090856072182e+00	1.480222033544116966e+00	8.828828828828829245e+00
1.593389922905126932e+00	1.542096141800113340e+00	8.888888888888889284e+00
1.691400909717188927e+00	1.600030036745056616e+00	8.948948948948949322e+00
1.785018800302948794e+00	1.654014141267956761e+00	9.009009009009009361e+00
1.873852788089163779e+00	1.704045723535810630e+00	9.069069069069069400e+00
1.957520525362331343e+00	1.750128838091823402e+00	9.129129129129129439e+00
2.035648646099528225e+00	1.792271033589769802e+00	9.189189189189189477e+00
2.107872620906919625e+00	1.830480467814768586e+00	9.249249249249249516e+00
2.173839020909369868e+00	1.864763391375833468e+00	9.309309309309309555e+00
2.233206628458479948e+00	1.895121728623735180e+00	9.369369369369369593e+00
2.285646437132587749e+00	1.921553077651000585e+00	9.429429429429429632e+00
2.330842455148024683e+00	1.944048268985382855e+00	9.489489489489489671e+00
2.368491950604034724e+00	1.962588725215316021e+00	9.549549549549549710e+00
2.398307522279683468e+00	1.977145067878287588e+00	9.609609609609609748e+00
2.420018800873407372e+00	1.987674485912150901e+00	9.669669669669669787e+00
2.433372450360770767e+00	1.994120732790086947e+00	9.729729729729729826e+00
2.438132488853130386e+00	1.996402053336405302e+00	9.789789789789789864e+00
2.434084724035566083e+00	1.986984937971196130e+00	9.849849849849849903e+00
2.421063312732992578e+00	1.956945853693515591e+00	9.909909909909909942e+00
2.398979173096481787e+00	1.906594397687838782e+00	9.969969969969969981e+00
2.367823096084283652e+00	1.836808676168398380e+00	1.003003003003003002e+01
2.327662499853885958e+00	1.748972926028647734e+00	1.009009009009009006e+01
2.278636492060222896e+00	1.644890635630773978e+00	1.015015015015015010e+01
2.220950790004886599e+00	1.526706839024820184e+00	1.021021021021021014e+01
2.154870863710861784e+00	1.396807028313698185e+00	1.027027027027027017e+01
2.080711632057786087e+00	1.257684116413743558e+00	1.033033033033033021e+01
1.998831064649261302e+00	1.111865667759009746e+00	1.039039039039039025e+01
1.909622976386061488e+00	9.618100895648229454e-01	1.045045045045045029e+01
1.813504611705365699e+00	8.098129779515510496e-01	1.051051051051051033e+01
1.710911295802366894e+00	6.579710701353631563e-01	1.057057057057057037e+01
1.602291118970667894e+00	5.081292597827630209e-01	1.063063063063063041e+01
1.488096476011922853e+00	3.618577060668319301e-01	1.069069069069069045e+01
1.368778477815862260e+00	2.204478042694630047e-01	1.075075075075075048e+01
1.244785066837798437e+00	8.491594240029270990e-02	1.081081081081081052e+01
1.116556451713519804e+00	-4.434492751326773313e-02	1.087087087087087056e+01
9.845251913019748002e-01	-1.693139329770234069e-01	1.093093093093093060e+01
8.491218456337942255e-01	-2.900313822889202808e-01	1.099099099099099064e+01
7.107763255660528579e-01	-4.060391838148694199e-01	1.105105105105105068e+01
5.699163446651808185e-01	-5.170038914808471331e-01	1.111111111111111072e+01
4.269664408912502429e-01	-6.226933049093479333e-01	1.117117117117117076e+01
2.823472743554452657e-01	-7.229660338279033649e-01	1.123123123123123079e+01
1.364750661167121459e-01	-8.177602263002359262e-01	1.129129129129129083e+01
-1.023864982009362393e-02	-9.066380083071667872e-01	1.135135135135135087e+01
-1.573916483451714976e-01	-9.843898122609483492e-01	1.141141141141141091e+01
-3.046008363798450302e-01	-1.056766935920734785e+00	1.147147147147147095e+01
-4.514913261163922553e-01	-1.123982730190784762e+00	1.153153153153153099e+01
-5.976925539377077046e-01	-1.186269506225629211e+00	1.159159159159159103e+01
-7.428370726064135177e-01	-1.243870975964379344e+00	1.165165165165165106e+01
-8.865605178110068652e-01	-1.297041501194034385e+00	1.171171171171171110e+01
-1.028501935606842999e+00	-1.346037873070485835e+00	1.177177177177177114e+01
-1.168303686778262795e+00	-1.391115363913105751e+00	1.183183183183183118e+01
-1.305609822117142604e+00	-1.432522188742455072e+00	1.189189189189189122e+01
-1.440065932649175595e+00	-1.470498586516945316e+00	1.195195195195195126e+01
-1.571319321591239326e+00	-1.505276160780546713e+00	1.201201201201201130e+01
-1.699019963598150884e+00	-1.537074983936710604e+00	1.207207207207207134e+01
-1.822819946493509979e+00	-1.566102880734297598e+00	1.213213213213213137e+01
-1.942373178883102014e+00	-1.592554023767297045e+00	1.219219219219219141e+01
-2.057335396181836362e+00	-1.616608858196252108e+00	1.225225225225225145e+01
-2.167364485521791284e+00	-1.638434217020397821e+00	1.231231231231231149e+01
-2.272121959922840162e+00	-1.658183870981408070e+00	1.237237237237237153e+01
-2.371272609648833019e+00	-1.675998269388637718e+00	1.243243243243243157e+01
-2.464485626813084806e+00	-1.692004802714447864e+00	1.249249249249249161e+01
-2.551434718650280598e+00	-1.706317838137010323e+00	1.255255255255255165e+01
-2.631798107516472918e+00	-1.719038719540308291e+00	1.261261261261261168e+01
-2.705259643959051719e+00	-1.730256191711474489e+00	1.267267267267267172e+01
-2.771510590039803379e+00	-1.740048283637629423e+00	1.273273273273273176e+01
-2.830248588636092855e+00	-1.748481490515507275e+00	1.279279279279279180e+01
-2.881181038991754484e+00	-1.755610717972181156e+00	1.285285285285285362e+01
-2.924025234785328831e+00	-1.761479304943487589e+00	1.291291291291291365e+01
-2.958508364130074675e+00	-1.766119023674026289e+00	1.297297297297297369e+01
-2.984367509573959243e+00	-1.769550079717159941e+00	1.303303303303303373e+01
-3.001350535487584459e+00	-1.771781164518904994e+00	1.309309309309309377e+01
-3.009221002948196055e+00	-1.772809213993399302e+00	1.315315315315315381e+01
-3.007756438822434930e+00	-1.770824257781845157e+00	1.321321321321321385e+01
-2.996756762551643583e+00	-1.760330797578678164e+00	1.327327327327327389e+01
-2.976063103356163531e+00	-1.740527258542510225e+00	1.333333333333333393e+01
-2.945561829870848580e+00	-1.711319495079100195e+00	1.339339339339339396e+01
-2.905186215075751033e+00	-1.672622239641044395e+00	1.345345345345345400e+01
-2.854916916977932040e+00	-1.624388442014715661e+00	1.351351351351351404e+01
-2.794783546069520064e+00	-1.566611163181673483e+00	1.357357357357357408e+01
-2.724864773553600461e+00	-1.499323815615168032e+00	1.363363363363363412e+01
-2.645288278852817143e+00	-1.422600461653333204e+00	1.369369369369369416e+01
-2.556231256794521567e+00	-1.336556961199790283e+00	1.375375375375375420e+01
-2.457920310699794442e+00	-1.241352352638678047e+00	1.381381381381381424e+01
-2.350631338009100180e+00	-1.137188943337797742e+00	1.387387387387387427e+01
-2.234688578185445529e+00	-1.024312661616266107e+00	1.393393393393393431e+01
-2.110464814496388453e+00	-9.030140941615875105e-01	1.399399399399399435e+01
-1.978379034330483011e+00	-7.736289868907018086e-01	1.405405405405405439e+01
-1.838895930723840166e+00	-6.365382758694938525e-01	1.411411411411411443e+01
-1.692525210236396571e+00	-4.921682267942801836e-01	1.417417417417417447e+01
-1.539818909941898850e+00	-3.409907673521785365e-01	1.423423423423423451e+01
-1.381370066218086556e+00	-1.835231269079626859e-01	1.429429429429429455e+01
-1.217810536821315015e+00	-2.032962159094824431e-02	1.435435435435435458e+01
-1.049806291316688567e+00	1.394931988169725301e-01	1.441441441441441462e+01
-8.780261630110202109e-01	2.857274969893325856e-01	1.447447447447447466e+01
-7.031091452332851599e-01	4.186124565781438323e-01	1.453453453453453470e+01
-5.256607312653176489e-01	5.387164665566149813e-01	1.459459459459459474e+01
-3.462565148238095913e-01	6.467576627754824115e-01	1.465465465465465478e+01
-1.654440243817774658e-01	7.435618699277161125e-01	1.471471471471471482e+01
1.625561607675894693e-02	8.354201976812090091e-01	1.477477477477477485e+01
1.982968200910666390e-01	9.741673783457965863e-01	1.483483483483483489e+01
3.800064763000918222e-01	1.106278630019493781e+00	1.489489489489489493e+01
5.606962775020198908e-01	1.231619306478879849e+00	1.495495495495495497e+01
7.396915197660194341e-01	1.350129786051320835e+00	1.501501501501501501e+01
9.163313521777866066e-01	1.461816709018349592e+00	1.507507507507507505e+01
1.089968813473444875e+00	1.566742882801567482e+00	1.513513513513513509e+01
1.259972633103223938e+00	1.665009860519290674e+00	1.519519519519519513e+01
1.425727738922456300e+00	1.756752093649533553e+00	1.525525525525525516e+01
1.586635277149696321e+00	1.842133340802361685e+00	1.531531531531531520e+01
1.742112322277876491e+00	1.921334281961487367e+00	1.537537537537537524e+01
1.891592740051547539e+00	1.994547674319645525e+00	1.543543543543543528e+01
2.034528081376647535e+00	2.061967977621934622e+00	1.549549549549549532e+01
2.170387601201081207e+00	2.123790929781301351e+00	1.555555555555555536e+01
2.298658430308775813e+00	2.180211278590718393e+00	1.561561561561561540e+01
2.418845542241264912e+00	2.231414802781893414e+00	1.567567567567567544e+01
2.530472356862292660e+00	2.277578182006348761e+00	1.573573573573573547e+01
2.633082263964716230e+00	2.318862667247171494e+00	1.579579579579579551e+01
2.726238678721959907e+00	2.355413716040642758e+00	1.585585585585585555e+01
2.809525043291951629e+00	2.387360988813267859e+00	1.591591591591591559e+01
2.882546000343125137e+00	2.414814903318161843e+00	1.597597597597597563e+01
2.944926991211883394e+00	2.437865765105402538e+00	1.603603603603603744e+01
2.996316291063536585e+00	2.456581808784266130e+00	1.609609609609609748e+01
3.036386651793937297e+00	2.471006176468612647e+00	1.615615615615615752e+01
3.064835302029468966e+00	2.481156917776875304e+00	1.621621621621621756e+01
3.081383947127050771e+00	2.487026989832067603e+00	1.627627627627627760e+01
3.085779892385965173e+00	2.488257892636034807e+00	1.633633633633633764e+01
3.077806291006556449e+00	2.467200408859786531e+00	1.639639639639639768e+01
3.057335095062874597e+00	2.413628890133626470e+00	1.645645645645645772e+01
3.024365897500770117e+00	2.328878661060965083e+00	1.651651651651651775e+01
2.979023294211687656e+00	2.215329660390801259e+00	1.657657657657657779e+01
2.921549286432471249e+00	2.076256052359052973e+00	1.663663663663663783e+01
2.852291819003665463e+00	1.915617110123523092e+00	1.669669669669669787e+01
2.771688935748897631e+00	1.737778798232782140e+00	1.675675675675675791e+01
2.680256725461552580e+00	1.547307535064500916e+00	1.681681681681681795e+01
2.578571781552437603e+00	1.348697544974346130e+00	1.687687687687687799e+01
2.467251977627053172e+00	1.146174875880596300e+00	1.693693693693693803e+01
2.346947533835298749e+00	9.435768029772413357e-01	1.699699699699699806e+01
2.218325315141866927e+00	7.442141069661101227e-01	1.705705705705705810e+01
2.082054324166409565e+00	5.508345710082314106e-01	1.711711711711711814e+01
1.938800550645451981e+00	3.656090626731867688e-01	1.717717717717717818e+01
1.789217535764709321e+00	1.901512790675836673e-01	1.723723723723723822e+01
1.633940507351601790e+00	2.562475189554069138e-02	1.729729729729729826e+01
1.473584295192368110e+00	-1.298760284358331241e-01	1.735735735735735830e+01
1.308748731320053205e+00	-2.783628861798772003e-01	1.741741741741741833e+01
1.140025554472055891e+00	-4.194155069047517670e-01	1.747747747747747837e+01
9.679976541093594511e-01	-5.526775457480371800e-01	1.753753753753753841e+01
7.932376458641190453e-01	-6.779655475937149678e-01	1.759759759759759845e+01
6.163069709721574752e-01	-7.952313238188315481e-01	1.765765765765765849e+01
4.377558029971974074e-01	-9.045546259203837147e-01	1.771771771771771853e+01
2.581226874453720899e-01	-1.006110701037048250e+00	1.777777777777777857e+01
7.793497299192969630e-02	-1.100148250330751587e+00	1.783783783783783861e+01
-1.022918192610983990e-01	-1.181604359903146495e+00	1.789789789789789864e+01
-2.820699281885514775e-01	-1.252335165420525698e+00	1.795795795795795868e+01
-4.609355168429116745e-01	-1.316836619087303761e+00	1.801801801801801872e+01
-6.384325805417099264e-01	-1.375549442401697853e+00	1.807807807807807876e+01
-8.141117010410893196e-01	-1.428907485925573928e+00	1.813813813813813880e+01
-9.875307936757500293e-01	-1.477330134559438735e+00	1.819819819819819884e+01
-1.158252863560220947e+00	-1.521217166198248982e+00	1.825825825825825888e+01
-1.325845189828282589e+00	-1.560947348848319871e+00	1.831831831831831892e+01
-1.489880049226894210e+00	-1.596876321445855451e+00	1.837837837837837895e+01
-1.649935178408957981e+00	-1.629334309348283716e+00	1.843843843843843899e+01
-1.805592236406873496e+00	-1.658626778199815632e+00	1.849849849849849903e+01
-1.956436618454413079e+00	-1.685034375011939867e+00	1.855855855855855907e+01
-2.102058269609754504e+00	-1.708813589919420117e+00	1.861861861861861911e+01
-2.242052790582282906e+00	-1.730197292874765758e+00	1.867867867867867915e+01
-2.376021096133175803e+00	-1.749396666570681491e+00	1.873873873873873919e+01
-2.503569560476416100e+00	-1.766602041199894613e+00	1.879879879879879923e+01
-2.624310108336430414e+00	-1.781983012825718582e+00	1.885885885885885926e+01
-2.737862146665479557e+00	-1.795691051437176222e+00	1.891891891891891930e+01
-2.843852755392886511e+00	-1.807860168304887827e+00	1.897897897897897934e+01
-2.941918089320767926e+00	-1.818608894479409877e+00	1.903903903903903938e+01
-3.031703909530981900e+00	-1.828040970507523122e+00	1.909909909909909942e+01
-3.112865583385129753e+00	-1.836245346432230585e+00	1.915915915915915946e+01
-3.185068824288093126e+00	-1.843296658715851688e+00	1.921921921921921950e+01
-3.247992723225088696e+00	-1.849258479645552677e+00	1.927927927927927954e+01
-3.301328276868449763e+00	-1.854182510846591692e+00	1.933933933933933957e+01
-3.344781919893118793e+00	-1.858109022488946493e+00	1.939939939939939961e+01
-3.378075902910079975e+00	-1.861067000165311569e+00	1.945945945945945965e+01
-3.400948292466355660e+00	-1.863074144891099015e+00	1.951951951951951969e+01
-3.413152971045009920e+00	-1.864136873104439207e+00	1.957957957957957973e+01
-3.414460926064926127e+00	-1.863721615979929691e+00	1.963963963963963977e+01
-3.404669603315857884e+00	-1.854361980781507491e+00	1.969969969969969981e+01
-3.383621635220406709e+00	-1.834266641462175551e+00	1.975975975975975985e+01
-3.351215324134552365e+00	-1.803306568950991506e+00	1.981981981981981988e+01
-3.307405571122981058e+00	-1.761412440824936532e+00	1.987987987987987992e+01
-3.252205416073470357e+00	-1.708561309441258613e+00	1.993993993993993996e+01
-3.185686055467815248e+00	-1.644776809011832430e+00	2.000000000000000000e+01
-3.107976817540880621e+00	-1.570129310805318923e+00	2.006006006006006004e+01
-3.019265544884769170e+00	-1.484737496393320422e+00	2.012012012012012008e+01
-2.919798450554005775e+00	-1.388769373733574231e+00	2.018018018018018012e+01
-2.809879680685086090e+00	-1.282442351124789548e+00	2.024024024024024015e+01
-2.689870523272282377e+00	-1.166023824428568556e+00	2.030030030030030019e+01
-2.560188579874168369e+00	-1.039832341223798196e+00	2.036036036036036023e+01
-2.421305696824500586e+00	-9.042380687197347777e-01	2.042042042042042027e+01
-2.273747615157811097e+00	-7.596627638761023205e-01	2.048048048048048031e+01
-2.118091763608023648e+00	-6.065801804196691016e-01	2.054054054054054035e+01
-1.954966452325400006e+00	-4.455170676724941603e-01	2.060060060060060039e+01
-1.785045800178258091e+00	-2.770518168707939988e-01	2.066066066066066043e+01
-1.609048986095636957e+00	-1.017586032632465942e-01	2.072072072072072046e+01
-1.427738653659311296e+00	7.654698289307451664e-02	2.078078078078078050e+01
-1.241898447369828462e+00	2.408826465120475213e-01	2.084084084084084054e+01
-1.052285485940283927e+00	3.891350360568786582e-01	2.090090090090090058e+01
-8.596157594438341709e-01	5.220297391089100403e-01	2.096096096096096062e+01
-6.645654471082435011e-01	6.405314750707324922e-01	2.102102102102102066e+01
-4.677762457861869838e-01	7.457258767928837129e-01	2.108108108108108070e+01
-2.698562719077669536e-01	8.387574504982961976e-01	2.114114114114114074e+01
-7.138480998507204522e-02	9.207723676271767355e-01	2.120120120120120077e+01
1.270718522478528900e-01	1.041629177771491888e+00	2.126126126126126081e+01
3.248167178562505475e-01	1.181646007559536748e+00	2.132132132132132085e+01
5.210647176390960089e-01	1.313686906393627174e+00	2.138138138138138089e+01
7.150470497518769397e-01	1.437774231629576072e+00	2.144144144144144093e+01
9.060152904970870669e-01	1.553995259768041093e+00	2.150150150150150097e+01
1.093241435601194800e+00	1.662499925965225112e+00	2.156156156156156101e+01
1.276017647668552524e+00	1.763481265200443016e+00	2.162162162162162105e+01
1.453657018953321778e+00	1.857166035455501074e+00	2.168168168168168108e+01
1.625494552398218051e+00	1.943797335165740714e+00	2.174174174174174112e+01
1.790887211870317852e+00	2.023631846018198122e+00	2.180180180180180116e+01
1.949213985531394577e+00	2.096935599713184661e+00	2.186186186186186120e+01
2.099875705612058052e+00	2.163972595829188883e+00	2.192192192192192124e+01
2.242295762580609697e+00	2.225002065085706082e+00	2.198198198198198128e+01
2.375920883957328478e+00	2.280269230599042185e+00	2.204204204204204132e+01
2.500221147332841731e+00	2.330005034033050926e+00	2.210210210210210136e+01
2.614690054738866287e+00	2.374425829842040869e+00	2.216216216216216139e+01
2.718845438397330394e+00	2.413727326385893601e+00	2.222222222222222143e+01
2.812228771425077767e+00	2.448085102355101572e+00	2.228228228228228147e+01
2.894407552761316005e+00	2.477650245759263736e+00	2.234234234234234151e+01
2.964975917621871737e+00	2.502547602051866438e+00	2.240240240240240155e+01
3.023554637499190179e+00	2.522875774130283411e+00	2.246246246246246159e+01
3.069791125679066202e+00	2.538707112968867641e+00	2.252252252252252163e+01
3.103360952789915306e+00	2.550085221345284925e+00	2.258258258258258167e+01
3.123969655445834714e+00	2.557022222919089316e+00	2.264264264264264170e+01
3.131352849215799594e+00	2.559703809345919456e+00	2.270270270270270174e+01
3.125281156079680045e+00	2.543069406961750989e+00	2.276276276276276178e+01
3.105611406691378473e+00	2.490592878564180435e+00	2.282282282282282182e+01
3.072340766307713356e+00	2.403387914038709106e+00	2.288288288288288186e+01
3.025607418516700342e+00	2.284124745806396017e+00	2.294294294294294190e+01
2.965681877560355950e+00	2.136544190420778033e+00	2.300300300300300194e+01
2.892953638746716738e+00	1.965198036920613012e+00	2.306306306306306197e+01
2.807913142967831011e+00	1.775116061975116954e+00	2.312312312312312201e+01
2.711137929968784110e+00	1.571546857551629373e+00	2.318318318318318205e+01
2.603270590227511505e+00	1.359617977657762600e+00	2.324324324324324209e+01
2.484999381512446259e+00	1.144127353094765986e+00	2.330330330330330213e+01
2.357046648086363660e+00	9.293734664799431222e-01	2.336336336336336217e+01
2.220149428127616176e+00	7.190155513281332178e-01	2.342342342342342221e+01
2.075046323640997059e+00	5.160383063153534122e-01	2.348348348348348225e+01
1.922470081201828274e+00	3.227383157982608997e-01	2.354354354354354228e+01
1.763136898025789989e+00	1.407747550866443598e-01	2.360360360360360232e+01
1.597741631722580546e+00	-2.906664994458289450e-02	2.366366366366366236e+01
1.426956880513765791e+00	-1.901538971536252676e-01	2.372372372372372240e+01
1.251441637369541837e+00	-3.433169425417696430e-01	2.378378378378378244e+01
1.071845698604415364e+00	-4.880690680660664804e-01	2.384384384384384248e+01
8.888078987111893703e-01	-6.241067931822195103e-01	2.390390390390390252e+01
7.029544653460664261e-01	-7.513191029888939276e-01	2.396396396396396256e+01
5.148986100473771366e-01	-8.697379269637057764e-01	2.402402402402402259e+01
3.252405215209234202e-01	-9.795279839414010592e-01	2.408408408408408263e+01
1.345668750207966724e-01	-1.080953955006549894e+00	2.414414414414414267e+01
-5.654873598262064732e-02	-1.171120607229131583e+00	2.420420420420420271e+01
-2.475579444745065194e-01	-1.246979828055310824e+00	2.426426426426426275e+01
-4.379446298643948632e-01	-1.315901349756193772e+00	2.432432432432432279e+01
-6.272040292397377259e-01	-1.378393309265191213e+00	2.438438438438438283e+01
-8.148396157457687972e-01	-1.434956988629645380e+00	2.444444444444444287e+01
-1.000363873824487548e+00	-1.486077054280058984e+00	2.450450450450450290e+01
-1.183295867429729809e+00	-1.532215339778321805e+00	2.456456456456456294e+01
-1.363160304795300704e+00	-1.573809180535248542e+00	2.462462462462462298e+01
-1.539488574167886537e+00	-1.611267715034465642e+00	2.468468468468468302e+01
-1.711818602387602084e+00	-1.644969773438384131e+00	2.474474474474474306e+01
-1.879693228080810519e+00	-1.675264801052951391e+00	2.480480480480480310e+01
-2.042660205922959271e+00	-1.702472904976426893e+00	2.486486486486486314e+01
-2.200273664958130926e+00	-1.726885281524007665e+00	2.492492492492492318e+01
-2.352094300567688201e+00	-1.748765404303694204e+00	2.498498498498498321e+01
-2.497689011642886925e+00	-1.768351523276392001e+00	2.504504504504504325e+01
-2.636630933215904360e+00	-1.785856877939802301e+00	2.510510510510510329e+01
-2.768500684288564440e+00	-1.801471554098024175e+00	2.516516516516516333e+01
-2.892887624316880846e+00	-1.815364396146066150e+00	2.522522522522522337e+01
-3.009390408225457225e+00	-1.827685135256452043e+00	2.528528528528528341e+01
-3.117617751878970722e+00	-1.838565909623103511e+00	2.534534534534534345e+01
-3.217188432082174199e+00	-1.848121264461341617e+00	2.540540540540540349e+01
-3.307732309326315789e+00	-1.856449209381533905e+00	2.546546546546546352e+01
-3.388892782916780089e+00	-1.863634787862334719e+00	2.552552552552552356e+01
-3.460326266725255007e+00	-1.869749229354631614e+00	2.558558558558558360e+01
-3.521705053880832104e+00	-1.874851754835829443e+00	2.564564564564564719e+01
-3.572717447840625837e+00	-1.878989684496125800e+00	2.570570570570570723e+01
-3.613067762389796211e+00	-1.882198437738512364e+00	2.576576576576576727e+01
-3.642476516516471197e+00	-1.884501628099179316e+00	2.582582582582582731e+01
-3.660684434716615865e+00	-1.885912788118436767e+00	2.588588588588588735e+01
-3.667452449912735890e+00	-1.886434486902042629e+00	2.594594594594594739e+01
-3.662562968680500131e+00	-1.881706559889751329e+00	2.600600600600600742e+01
-3.645836615955465820e+00	-1.865748442933053086e+00	2.606606606606606746e+01
-3.617151845200940574e+00	-1.838365807359733317e+00	2.612612612612612750e+01
-3.576447575252088118e+00	-1.799475865799220919e+00	2.618618618618618754e+01
-3.523724673141582997e+00	-1.749044748821434236e+00	2.624624624624624758e+01
-3.459046503532367201e+00	-1.687088212197187298e+00	2.630630630630630762e+01
-3.382538616005907439e+00	-1.613671712355454702e+00	2.636636636636636766e+01
-3.294389028212663995e+00	-1.528911167308979469e+00	2.642642642642642770e+01
-3.194847960064895354e+00	-1.432974697266549136e+00	2.648648648648648773e+01
-3.084227644309794236e+00	-1.326082832231695541e+00	2.654654654654654777e+01
-2.962901056297118529e+00	-1.208508806165695226e+00	2.660660660660660781e+01
-2.831301774126069315e+00	-1.080579628329364050e+00	2.666666666666666785e+01
-2.689921105763315445e+00	-9.426769365496224795e-01	2.672672672672672789e+01
-2.539307445483597991e+00	-7.952370752393208564e-01	2.678678678678678793e+01
-2.380064442973288230e+00	-6.387510727976410951e-01	2.684684684684684797e+01
-2.212849902649124179e+00	-4.737660275432664103e-01	2.690690690690690801e+01
-2.038371307890095796e+00	-3.008841826745611847e-01	2.696696696696696804e+01
-1.857383080248507179e+00	-1.207621770879414858e-01	2.702702702702702808e+01
-1.670685790624639955e+00	6.354170136285128279e-02	2.708708708708708812e+01
-1.479106594229842475e+00	2.339366280386815100e-01	2.714714714714714816e+01
-1.283446780268506560e+00	3.871787691168032119e-01	2.720720720720720820e+01
-1.084462946639969338e+00	5.241065364608429311e-01	2.726726726726726824e+01
-8.828713635124691983e-01	6.457832907868726879e-01	2.732732732732732828e+01
-6.793485150599835043e-01	7.534036999116874300e-01	2.738738738738738832e+01
-4.745369221116417235e-01	8.482153901256497264e-01	2.744744744744744835e+01
-2.690483067266236095e-01	9.314731799583574334e-01	2.750750750750750839e+01
-6.346646349951878818e-02	1.004389016706115356e+00	2.756756756756756843e+01
1.416306672505875941e-01	1.126539648872093125e+00	2.762762762762762847e+01
3.455081245326657724e-01	1.266361258662263900e+00	2.768768768768768851e+01
5.473432464909251394e-01	1.397695710892946641e+00	2.774774774774774855e+01
7.463338375558635773e-01	1.520631460423090164e+00	2.780780780780780859e+01
9.417000072798307198e-01	1.635326306528466667e+00	2.786786786786786863e+01
1.132684542885963319e+00	1.741992152864622279e+00	2.792792792792792866e+01
1.318554147688225209e+00	1.840871169817462460e+00	2.798798798798798870e+01
1.498599542762897752e+00	1.932233842734741414e+00	2.804804804804804874e+01
1.672135418441969223e+00	2.016370203473256240e+00	2.810810810810810878e+01
1.838500320107059771e+00	2.093577083402422989e+00	2.816816816816816882e+01
1.997057534410572988e+00	2.164150828838243612e+00	2.822822822822822886e+01
2.147195400408159482e+00	2.228377780869205793e+00	2.828828828828828890e+01
2.288327309703201529e+00	2.286534260365833848e+00	2.834834834834834894e+01
2.419891959774990386e+00	2.338884248264756938e+00	2.840840840840840897e+01
2.541353554216532640e+00	2.385671459832840124e+00	2.846846846846846901e+01
2.652202104558279316e+00	2.427120259554208737e+00	2.852852852852852905e+01
2.751955082888463355e+00	2.463429351834846681e+00	2.858858858858858909e+01
2.840157491607528062e+00	2.494771392431211154e+00	2.864864864864864913e+01
2.916381863428124888e+00	2.521292988450229977e+00	2.870870870870870917e+01
2.980228549750583156e+00	2.543114161043724231e+00	2.876876876876876921e+01
3.031327882042195832e+00	2.560324328192155274e+00	2.882882882882882924e+01
3.069340374073282529e+00	2.572982094487567206e+00	2.888888888888888928e+01
3.093957509099067860e+00	2.581114127839510886e+00	2.894894894894894932e+01
3.104902832943450708e+00	2.584713439163038640e+00	2.900900900900900936e+01
3.101934284528649943e+00	2.575172949766662445e+00	2.906906906906906940e+01
3.084882024271746292e+00	2.529271662856427128e+00	2.912912912912912944e+01
3.053716292530967547e+00	2.446722472762915324e+00	2.918918918918918948e+01
3.008557186124558136e+00	2.330115125979463464e+00	2.924924924924924952e+01
2.949666018332290029e+00	2.183248137722443971e+00	2.930930930930930955e+01
2.877430101835315668e+00	2.010812032379994729e+00	2.936936936936936959e+01
2.792348153170662428e+00	1.818103826032824832e+00	2.942942942942942963e+01
2.695011034980093090e+00	1.610662728882704897e+00	2.948948948948948967e+01
2.586078981899862406e+00	1.393945459554009059e+00	2.954954954954954971e+01
2.466267371399648134e+00	1.173097154471895553e+00	2.960960960960960975e+01
2.336324496883814827e+00	9.527095667952775182e-01	2.966966966966966979e+01
2.197016098831983566e+00	7.367166045027768728e-01	2.972972972972972983e+01
2.049113377729658847e+00	5.283170330761163269e-01	2.978978978978978986e+01
1.893378819801053492e+00	3.299766085882132605e-01	2.984984984984984990e+01
1.730559694928343939e+00	1.434591089000427921e-01	2.990990990990990994e+01
1.561380975837447505e+00	-3.032151654651669276e-02	2.996996996996996998e+01
1.386543801231551853e+00	-1.949865457049219375e-01	3.003003003003003002e+01
1.206735354566280671e+00	-3.513992864392573856e-01	3.009009009009009006e+01
1.022633466469931030e+00	-4.990271641699989824e-01	3.015015015015015010e+01
8.349038847295768839e-01	-6.375562459194462628e-01	3.021021021021021014e+01
6.441997078916725794e-01	-7.668767420928638279e-01	3.027027027027027017e+01
4.511600640325878486e-01	-8.870471784352115252e-01	3.033033033033033021e+01
2.564094080795933372e-01	-9.982551104178359891e-01	3.039039039039039025e+01
6.055901698902765862e-02	-1.100784311334500831e+00	3.045045045045045029e+01
-1.357956667617720714e-01	-1.187530804795637218e+00	3.051051051051051033e+01
-3.320949078661736831e-01	-1.263935213955837522e+00	3.057057057057057037e+01
-5.278022073828170235e-01	-1.333193776964461952e+00	3.063063063063063041e+01
-7.223907501060599090e-01	-1.395847048722443029e+00	3.069069069069069045e+01
-9.153435463337432632e-01	-1.452425805452368879e+00	3.075075075075075048e+01
-1.106152392777875804e+00	-1.503440711193113399e+00	3.081081081081081052e+01
-1.294315587093079589e+00	-1.549378290538070191e+00	3.087087087087087056e+01
-1.479338415166281839e+00	-1.590697823302128278e+00	3.093093093093093060e+01
-1.660733974489461362e+00	-1.627826044637928682e+00	3.099099099099099064e+01
-1.838021064247937542e+00	-1.661157998769067889e+00	3.105105105105105068e+01
-2.010723792043707991e+00	-1.691056975010328811e+00	3.111111111111111072e+01
-2.178372781806633629e+00	-1.717854414823071441e+00	3.117117117117117076e+01
-2.340505775277514022e+00	-1.741850498456344098e+00	3.123123123123123079e+01
-2.496666865930126100e+00	-1.763317134949667020e+00	3.129129129129129083e+01
-2.646406494100226325e+00	-1.782498360072801047e+00	3.135135135135135087e+01
-2.789282677169413027e+00	-1.799612164241337853e+00	3.141141141141141091e+01
-2.924862296143255769e+00	-1.814852333352895419e+00	3.147147147147147095e+01
-3.052721507702792270e+00	-1.828391292039164506e+00	3.153153153153153099e+01
-3.172446267045083701e+00	-1.840381506945913515e+00	3.159159159159159103e+01
-3.283632332372739437e+00	-1.850955491798530472e+00	3.165165165165165106e+01
-3.385887293845562418e+00	-1.860228414173555000e+00	3.171171171171171110e+01
-3.478831382762832547e+00	-1.868300040781088356e+00	3.177177177177177114e+01
-3.562098759323456321e+00	-1.875255643325260735e+00	3.183183183183183118e+01
-3.635339069240227872e+00	-1.881167542852623553e+00	3.189189189189189122e+01
-3.698217443739831634e+00	-1.886095109752150778e+00	3.195195195195195126e+01
-3.750414499562841453e+00	-1.890084763755238040e+00	3.201201201201201485e+01
-3.791628297334409314e+00	-1.893171373687370318e+00	3.207207207207207489e+01
-3.821577499371668019e+00	-1.895380135877104744e+00	3.213213213213213493e+01
-3.840000013528695355e+00	-1.896724705831674074e+00	3.219219219219219497e+01
-3.846654455757576585e+00	-1.897200568215545280e+00	3.225225225225225500e+01
-3.841322666613337322e+00	-1.892095259949702513e+00	3.231231231231231504e+01
-3.823826913476080502e+00	-1.875406686930630062e+00	3.237237237237237508e+01
-3.794049714215254721e+00	-1.846986694209070468e+00	3.243243243243243512e+01
-3.751936280676973379e+00	-1.806756909361327157e+00	3.249249249249249516e+01
-3.697496061006354306e+00	-1.754689551333785458e+00	3.255255255255255520e+01
-3.630803074276176101e+00	-1.690807935152372155e+00	3.261261261261261524e+01
-3.551995586913219149e+00	-1.615186513023844750e+00	3.267267267267267528e+01
-3.461276378877331972e+00	-1.527951939008794557e+00	3.273273273273273531e+01
-3.358912375611167178e+00	-1.429284620056480160e+00	3.279279279279279535e+01
-3.245234366848437357e+00	-1.319418840580138141e+00	3.285285285285285539e+01
-3.120635705110639257e+00	-1.198643173970561637e+00	3.291291291291291543e+01
-2.985571865106576794e+00	-1.067301665245740327e+00	3.297297297297297547e+01
-2.840557503366858860e+00	-9.257945586410832872e-01	3.303303303303303551e+01
-2.686166031815521382e+00	-7.745783260917944446e-01	3.309309309309309555e+01
-2.523027230890406258e+00	-6.141658138941934464e-01	3.315315315315315559e+01
-2.351826451846473542e+00	-4.451276538154073648e-01	3.321321321321321562e+01
-2.173299063881758642e+00	-2.680909397844129516e-01	3.327327327327327566e+01
-1.988228759110217236e+00	-8.373878887139410421e-02	3.333333333333333570e+01
-1.797445499403842684e+00	1.018398679658258921e-01	3.339339339339339574e+01
-1.601796084277654186e+00	2.708005616118812631e-01	3.345345345345345578e+01
-1.402091946200732187e+00	4.222709790207167524e-01	3.351351351351351582e+01
-1.199099517230290957e+00	5.571958236830385491e-01	3.357357357357357586e+01
-9.935435843974194103e-01	6.767351399953818181e-01	3.363363363363363590e+01
-7.861088968600471460e-01	7.821554753567719898e-01	3.369369369369369593e+01
-5.774469616220612167e-01	8.747688134839034513e-01	3.375375375375375597e+01
-3.681771713511760580e-01	9.558732099109322755e-01	3.381381381381381601e+01
-1.588927344600052916e-01	1.026716779744053731e+00	3.387387387387387605e+01
4.983584686774171491e-02	1.110416249067617267e+00	3.393393393393393609e+01
2.573578880102298516e-01	1.253478107348133808e+00	3.399399399399399613e+01
4.628441623905322766e-01	1.387757271922548163e+00	3.405405405405405617e+01
6.654652987299449762e-01	1.513350545077040588e+00	3.411411411411411621e+01
8.644159755971125847e-01	1.630425264742791480e+00	3.417417417417417624e+01
1.058914902921487267e+00	1.739209524596986745e+00	3.423423423423423628e+01
1.248205931988340733e+00	1.839964867053524689e+00	3.429429429429429632e+01
1.431558476500464527e+00	1.932976841263111423e+00	3.435435435435435636e+01
1.608267512037044211e+00	2.018553300900989722e+00	3.441441441441441640e+01
1.777653413723383702e+00	2.097007725344649298e+00	3.447447447447447644e+01
1.939062336569090217e+00	2.168655662648109050e+00	3.453453453453453648e+01
2.091866920890678383e+00	2.233801392030414501e+00	3.459459459459459651e+01
2.235466338376356887e+00	2.292735579646680399e+00	3.465465465465465655e+01
2.369286299532936901e+00	2.345735236327191942e+00	3.471471471471471659e+01
2.492779725857169559e+00	2.393057662178191602e+00	3.477477477477477663e+01
2.605426249887218493e+00	2.434938285727679119e+00	3.483483483483483667e+01
2.706733822318505123e+00	2.471587558310255339e+00	3.489489489489489671e+01
2.796239574360463997e+00	2.503187567510265055e+00	3.495495495495495675e+01
2.873509817736544125e+00	2.529892037161796559e+00	3.501501501501501679e+01
2.938140044684208085e+00	2.551826327348679868e+00	3.507507507507507682e+01
2.989755783216617946e+00	2.569086100014310148e+00	3.513513513513513686e+01
3.028014816848573432e+00	2.581733705038171234e+00	3.519519519519519690e+01
3.052606963660635664e+00	2.589798410780551396e+00	3.525525525525525694e+01
3.063255210681024909e+00	2.593274723076961941e+00	3.531531531531531698e+01
3.059718142764489723e+00	2.582814387205051521e+00	3.537537537537537702e+01
3.041830667532403609e+00	2.534581962749189010e+00	3.543543543543543706e+01
3.009573505170649810e+00	2.449050202951170707e+00	3.549549549549549710e+01
2.963080327741004716e+00	2.328966306912827466e+00	3.555555555555555713e+01
2.902628837409405360e+00	2.178313418859342043e+00	3.561561561561561717e+01
2.828624699526215203e+00	2.001976881911870176e+00	3.567567567567567721e+01
2.741585730215061467e+00	1.805435825414847706e+00	3.573573573573573725e+01
2.642123381526871206e+00	1.594400656433407670e+00	3.579579579579579729e+01
2.530917511988068913e+00	1.374456229960327125e+00	3.585585585585585733e+01
2.408702542312784800e+00	1.150846641068520304e+00	3.591591591591591737e+01
2.276245536457970786e+00	9.282241378266627985e-01	3.597597597597597741e+01
2.134329140734886554e+00	7.105451817831363037e-01	3.603603603603603744e+01
1.983740284260564923e+00	5.010023843777176022e-01	3.609609609609609748e+01
1.825255983011207617e+00	3.020310268629369244e-01	3.615615615615615752e+01
1.659636592403439526e+00	1.153466540702224041e-01	3.621621621621621756e+01
1.487619062670523684e+00	-5.856365145635257508e-02	3.627627627627627760e+01
1.309917061598312005e+00	-2.236966757851640009e-01	3.633633633633633764e+01
1.127231657013878730e+00	-3.802922567930291375e-01	3.639639639639639768e+01
9.402538324847333762e-01	-5.278469510283897437e-01	3.645645645645645772e+01
7.496622521838594011e-01	-6.660859895382413853e-01	3.651651651651651775e+01
5.561219469418178241e-01	-7.949254167139468974e-01	3.657657657657657779e+01
3.602839652703430651e-01	-9.144561846283301154e-01	3.663663663663663783e+01
1.627845231415400717e-01	-1.024895176000515162e+00	3.669669669669669787e+01
-3.575432449227992915e-02	-1.124735213482230378e+00	3.675675675675675791e+01
-2.347342057514566205e-01	-1.207990285130400965e+00	3.681681681681681795e+01
-4.335930406931661762e-01	-1.283504533875278408e+00	3.687687687687687799e+01
-6.317836379783758893e-01	-1.351853022686231753e+00	3.693693693693693803e+01
-8.287685542352331014e-01	-1.413592376041708842e+00	3.699699699699699806e+01
-1.024020864826193478e+00	-1.469265610923631726e+00	3.705705705705705810e+01
-1.217021981811562625e+00	-1.519393295843384895e+00	3.711711711711711814e+01
-1.407260094122023242e+00	-1.564470608729878309e+00	3.717717717717717818e+01
-1.594231188592998283e+00	-1.604962411225244079e+00	3.723723723723723822e+01
-1.777438927427940740e+00	-1.641299707522105855e+00	3.729729729729729826e+01
-1.956392700997418022e+00	-1.673880594017848500e+00	3.735735735735735830e+01
-2.130607677716162662e+00	-1.703070211132735601e+00	3.741741741741741833e+01
-2.299606417107648682e+00	-1.729200326509453101e+00	3.747747747747747837e+01
-2.462918575952793176e+00	-1.752571277509050507e+00	3.753753753753753841e+01
-2.620080425259949219e+00	-1.773454331608367740e+00	3.759759759759759845e+01
-2.770635022529968516e+00	-1.792092043567351078e+00	3.765765765765765849e+01
-2.914134105690107113e+00	-1.808700860487976403e+00	3.771771771771771853e+01
-3.050138571487703842e+00	-1.823472749921015934e+00	3.777777777777777857e+01
-3.178219194067721354e+00	-1.836578496002760019e+00	3.783783783783783861e+01
-3.297956799027457198e+00	-1.848168137573839243e+00	3.789789789789789864e+01
-3.408942660534743929e+00	-1.858371468938459392e+00	3.795795795795795868e+01
-3.510781238834998597e+00	-1.867302047537342524e+00	3.801801801801801872e+01
-3.603089802471717285e+00	-1.875057170564011333e+00	3.807807807807807876e+01
-3.685500953965286097e+00	-1.881720384302481452e+00	3.813813813813813880e+01
-3.757663016959633673e+00	-1.887361916373935244e+00	3.819819819819819884e+01
-3.819240036222233847e+00	-1.892038675736719799e+00	3.825825825825825888e+01
-3.869912140620530128e+00	-1.895794537279488212e+00	3.831831831831831892e+01
-3.909379625751855603e+00	-1.898663428037233647e+00	3.837837837837837895e+01
-3.937362511336366389e+00	-1.900668219643041335e+00	3.843843843843843899e+01
-3.953601114470375322e+00	-1.901824540083620008e+00	3.849849849849849903e+01
-3.957857413636617583e+00	-1.901975175930254558e+00	3.855855855855855907e+01
-3.949918880531810395e+00	-1.894405517251684268e+00	3.861861861861861911e+01
-3.929619863485430908e+00	-1.875042972831117538e+00	3.867867867867867915e+01
-3.896857230684316775e+00	-1.843771275923698605e+00	3.873873873873873919e+01
-3.851592106530818960e+00	-1.800524271341061189e+00	3.879879879879879923e+01
-3.793851205078194067e+00	-1.745287421051685328e+00	3.885885885885885926e+01
-3.723726698026359028e+00	-1.678097957729572043e+00	3.891891891891891930e+01
-3.641376174300456459e+00	-1.599045028161407700e+00	3.897897897897897934e+01
-3.547022724646828884e+00	-1.508271518922656096e+00	3.903903903903903938e+01
-3.440954685386549805e+00	-1.405974799421649157e+00	3.909909909909909942e+01
-3.323524783872091160e+00	-1.292406847323817054e+00	3.915915915915915946e+01
-3.195149529573086067e+00	-1.167875025232092856e+00	3.921921921921921950e+01
-3.056307274953300013e+00	-1.032743330059332720e+00	3.927927927927927954e+01
-2.907536486741374215e+00	-8.874327233175947072e-01	3.933933933933933957e+01
-2.749434909266100124e+00	-7.324210834855042762e-01	3.939939939939939961e+01
-2.582657305604107556e+00	-5.682441758051324232e-01	3.945945945945945965e+01
-2.407913096152773047e+00	-3.954959707676236613e-01	3.951951951951951969e+01
-2.225961563954820033e+00	-2.148274691715498785e-01	3.957957957957957973e+01
-2.037611466881437128e+00	-2.694667925337567924e-02	3.963963963963963977e+01
-1.843714068978947296e+00	1.558690453258563813e-01	3.969969969969969981e+01
-1.645120065440893287e+00	3.204689613390740432e-01	3.975975975975975985e+01
-1.442636789538883413e+00	4.675985167267110998e-01	3.981981981981981988e+01
-1.237026734992009880e+00	5.983043633885020141e-01	3.987987987987987992e+01
-1.029011082842261393e+00	7.138194067306250501e-01	3.993993993993993996e+01
-8.192718171777904068e-01	8.154585364763567989e-01	4.000000000000000000e+01
-6.084584031980341257e-01	9.045634275327497642e-01	4.006006006006006004e+01
-3.971889987515539455e-01	9.824449513722608440e-01	4.012012012012012008e+01
-1.860566098328774176e-01	1.050353856692183507e+00	4.018018018018018012e+01
2.436852548208919694e-02	1.120558123789110461e+00	4.024024024024024015e+01
2.334580305088139185e-01	1.264115278170331536e+00	4.030030030030030019e+01
4.403851386488233932e-01	1.398734854157077878e+00	4.036036036036036023e+01
6.443089379744990630e-01	1.524529588435951766e+00	4.042042042042042027e+01
8.444135583006798784e-01	1.641682121029661268e+00	4.048048048048048031e+01
1.039908192871727755e+00	1.750434600727982071e+00	4.054054054054054035e+01
1.230027973783744732e+00	1.851063710363828552e+00	4.060060060060060039e+01
1.414034510305056447e+00	1.943867263818870983e+00	4.066066066066066043e+01
1.591215890798026278e+00	2.029163568349151792e+00	4.072072072072072046e+01
1.760886566578399259e+00	2.107276384698671290e+00	4.078078078078078050e+01
1.922387526635719768e+00	2.178529813444683327e+00	4.084084084084084054e+01
2.075087084259066739e+00	2.243236339287826286e+00	4.090090090090090058e+01
2.218380972598422041e+00	2.301692697470405946e+00	4.096096096096096062e+01
2.351692344664670031e+00	2.354179873776392817e+00	4.102102102102102066e+01
2.474472272399043327e+00	2.400959560333574938e+00	4.108108108108108070e+01
2.586199705514410141e+00	2.442268873040901678e+00	4.114114114114114074e+01
2.686382253930096109e+00	2.478320379454098443e+00	4.120120120120120077e+01
2.774557697432058490e+00	2.509297010009376550e+00	4.126126126126126081e+01
2.850293998409766605e+00	2.535351999017124491e+00	4.132132132132132085e+01
2.913189301856201396e+00	2.556608884661911940e+00	4.138138138138138089e+01
2.962872288980850755e+00	2.573160999860915954e+00	4.144144144144144093e+01
2.999004679088071779e+00	2.585067741074366765e+00	4.150150150150150097e+01
3.021281317964972679e+00	2.592354088862069528e+00	4.156156156156156101e+01
3.029430970042418902e+00	2.595003784454298579e+00	4.162162162162162105e+01
3.023221405609950896e+00	2.578073053800708170e+00	4.168168168168168108e+01
3.002512644413928289e+00	2.522346145663372674e+00	4.174174174174174112e+01
2.967317278026458727e+00	2.429391199410647406e+00	4.180180180180180116e+01
2.917800819964319281e+00	2.302256742932681455e+00	4.186186186186186120e+01
2.854272013238931205e+00	2.145190094145153381e+00	4.192192192192192124e+01
2.777166294304282967e+00	1.963299291068593133e+00	4.198198198198198128e+01
2.687027377161658848e+00	1.762204667948025438e+00	4.204204204204204132e+01
2.584490949906069091e+00	1.547707274501342711e+00	4.210210210210210136e+01
2.470257233535736674e+00	1.325402097108178134e+00	4.216216216216216139e+01
2.345075735800204342e+00	1.100491113279869371e+00	4.222222222222222143e+01
2.209728017005283540e+00	8.775433047747470683e-01	4.228228228228228147e+01
2.065006407614709882e+00	6.603927179814049753e-01	4.234234234234234151e+01
1.911704328903061079e+00	4.521000445907533138e-01	4.240240240240240155e+01
1.750604710538242070e+00	2.549538193615188408e-01	4.246246246246246159e+01
1.582470769890935269e+00	7.055336094461475693e-02	4.252252252252252163e+01
1.408041651446957143e+00	-1.016124183400197861e-01	4.258258258258258167e+01
1.228034920418985543e+00	-2.654868355580916051e-01	4.264264264264264170e+01
1.043157597398740810e+00	-4.205933870390883289e-01	4.270270270270270174e+01
8.541059884733885887e-01	-5.664800588671031756e-01	4.276276276276276178e+01
6.615633341597116912e-01	-7.029161471950106099e-01	4.282282282282282182e+01
4.661992290781178938e-01	-8.298737326480365439e-01	4.288288288288288186e+01
2.686685503071154502e-01	-9.474785045397662309e-01	4.294294294294294190e+01
6.961148948011103288e-02	-1.055982011069379611e+00	4.300300300300300194e+01
-1.303479556968409336e-01	-1.149104547557625589e+00	4.306306306306306197e+01
-3.306200934691719828e-01	-1.230630395623495632e+00	4.312312312312312201e+01
-5.306416100508670741e-01	-1.304505839005963619e+00	4.318318318318318205e+01
-7.298613940863019067e-01	-1.371297416132763569e+00	4.324324324324324209e+01
-9.277374851267130573e-01	-1.431566344297968474e+00	4.330330330330330213e+01
-1.123737566438635316e+00	-1.485860203023330328e+00	4.336336336336336217e+01
-1.317339166446377163e+00	-1.534700828310881393e+00	4.342342342342342221e+01
-1.508026710993914277e+00	-1.578581391719884541e+00	4.348348348348348225e+01
-1.695291236232313370e+00	-1.617964776840578489e+00	4.354354354354354228e+01
-1.878631798317228263e+00	-1.653279055314713419e+00	4.360360360360360232e+01
-2.057554391962932883e+00	-1.684917861872908817e+00	4.366366366366366236e+01
-2.231570862418684520e+00	-1.713241494101002349e+00	4.372372372372372240e+01
-2.400199411272975425e+00	-1.738577288589679082e+00	4.378378378378378244e+01
-2.562966289571985357e+00	-1.761220253888291287e+00	4.384384384384384248e+01
-2.719405283775760296e+00	-1.781436091924014198e+00	4.390390390390390252e+01
-2.869057692644937152e+00	-1.799463033119460986e+00	4.396396396396396256e+01
-3.011472623919334346e+00	-1.815512328283506172e+00	4.402402402402402259e+01
-3.146209134335942625e+00	-1.829771470900176444e+00	4.408408408408408263e+01
-3.272836524683236714e+00	-1.842405618503648146e+00	4.414414414414414267e+01
-3.390935521422961951e+00	-1.853560793498740145e+00	4.420420420420420271e+01
-3.500098439512917992e+00	-1.863364209385827142e+00	4.426426426426426275e+01
-3.599929400995987461e+00	-1.871924503750389324e+00	4.432432432432432279e+01
-3.690047350356164380e+00	-1.879335628088970589e+00	4.438438438438438283e+01
-3.770085486827513321e+00	-1.885677005348631141e+00	4.444444444444444287e+01
-3.839693934316958046e+00	-1.891015180386514505e+00	4.450450450450450290e+01
-3.898540533605979963e+00	-1.895404509255775638e+00	4.456456456456456294e+01
-3.946310842350618131e+00	-1.898887159205578934e+00	4.462462462462462298e+01
-3.982708140077384495e+00	-1.901493111590056184e+00	4.468468468468468302e+01
-4.007456146366956240e+00	-1.903241641607317236e+00	4.474474474474474306e+01
-4.020301311426284663e+00	-1.904141918765915209e+00	4.480480480480480310e+01
-4.021011629916700691e+00	-1.903241383270461551e+00	4.486486486486486314e+01
-4.009384875969867146e+00	-1.892147920666614969e+00	4.492492492492492318e+01
-3.985273572878006210e+00	-1.869146166877219573e+00	4.498498498498498321e+01
-3.948594120782142891e+00	-1.834128249871093574e+00	4.504504504504504325e+01
-3.899328533050754775e+00	-1.787044302718473476e+00	4.510510510510510329e+01
-3.837524945677442290e+00	-1.727896460154357161e+00	4.516516516516516333e+01
-3.763297340445557637e+00	-1.656738851928120759e+00	4.522522522522522337e+01
-3.676825859057920809e+00	-1.573678572346596916e+00	4.528528528528528341e+01
-3.578356617672513895e+00	-1.478877329176849331e+00	4.534534534534534345e+01
-3.468201439941049014e+00	-1.372551594499126004e+00	4.540540540540540349e+01
-3.346736625562835243e+00	-1.254972988888164442e+00	4.546546546546546352e+01
-3.214402504346843159e+00	-1.126469484871517768e+00	4.552552552552552356e+01
-3.071700709559391562e+00	-9.874262968963901654e-01	4.558558558558558360e+01
-2.919193759682699785e+00	-8.382859208122735994e-01	4.564564564564564364e+01
-2.757502652744656224e+00	-6.795483768060449625e-01	4.570570570570570368e+01
-2.587306107093563234e+00	-5.117726151163183301e-01	4.576576576576576372e+01
-2.409335014069847958e+00	-3.355754483135534039e-01	4.582582582582582376e+01
-2.224370961685038672e+00	-1.516312283972434949e-01	4.588588588588588379e+01
-2.033244698978150744e+00	3.819756257332608540e-02	4.594594594594594383e+01
-1.836820256661912065e+00	2.152885884781856329e-01	4.600600600600600387e+01
-1.635940422930930005e+00	3.742410305800915049e-01	4.606606606606606391e+01
-1.431401832904754201e+00	5.159370330671128047e-01	4.612612612612612395e+01
-1.223957376485684811e+00	6.415191287576762491e-01	4.618618618618618399e+01
-1.014317836440487675e+00	7.522679228269690821e-01	4.624624624624624403e+01
-8.031586775366034159e-01	8.495319671723854382e-01	4.630630630630630407e+01
-5.911212301244564982e-01	9.346591674287910712e-01	4.636636636636636410e+01
-3.788189815428245621e-01	1.008955672568239814e+00	4.642642642642642414e+01
-1.668402214317591947e-01	1.073657542813125865e+00	4.648648648648648418e+01
4.424788371466042980e-02	1.149753562403506235e+00	4.654654654654654422e+01
2.537985488225210640e-01	1.292064034379936555e+00	4.660660660660660426e+01
4.609721326231528415e-01	1.425368404967118696e+00	4.666666666666666430e+01
6.649257210457453215e-01	1.549800678598849402e+00	4.672672672672672434e+01
8.648420506717785505e-01	1.665561707570382799e+00	4.678678678678678438e+01
1.059929492100202264e+00	1.772909875806035762e+00	4.684684684684684441e+01
1.249423058160488598e+00	1.872132676530907203e+00	4.690690690690690445e+01
1.432584746197475445e+00	1.963537895950899781e+00	4.696696696696696449e+01
1.608703537756621449e+00	2.047452131900327377e+00	4.702702702702702453e+01
1.777095247101394326e+00	2.124204167421280598e+00	4.708708708708708457e+01
1.937102855032747151e+00	2.194121646252027880e+00	4.714714714714714461e+01
2.088097196286260004e+00	2.257518248293858054e+00	4.720720720720720465e+01
2.229477009212498917e+00	2.314691078001370084e+00	4.726726726726726469e+01
2.360668935789295819e+00	2.365920664324067335e+00	4.732732732732732472e+01
2.481128183770883400e+00	2.411466186436800108e+00	4.738738738738738476e+01
2.590338170648587290e+00	2.451562180134764013e+00	4.744744744744744480e+01
2.687811815215787270e+00	2.486416962626898819e+00	4.750750750750750484e+01
2.773092723800322901e+00	2.516208550625608886e+00	4.756756756756756488e+01
2.845755190264490864e+00	2.541084660346758728e+00	4.762762762762762492e+01
2.905404196005047179e+00	2.561162707509679670e+00	4.768768768768768496e+01
2.951675940985666990e+00	2.576529057073906337e+00	4.774774774774774500e+01
2.984240390447647329e+00	2.587235261976087664e+00	4.780780780780780503e+01
3.002801165629595648e+00	2.593297804573826859e+00	4.786786786786786507e+01
3.007096436602660017e+00	2.594126885495919410e+00	4.792792792792792511e+01
2.996910681064011150e+00	2.566495412885613892e+00	4.798798798798798515e+01
2.972143927233140470e+00	2.500126496972358670e+00	4.804804804804804519e+01
2.932852941363498278e+00	2.397064677753052209e+00	4.810810810810810523e+01
2.879246632346122770e+00	2.260746567990823852e+00	4.816816816816816527e+01
2.811673291450236700e+00	2.095728439967636358e+00	4.822822822822822530e+01
2.730603310703299424e+00	1.907328750502923942e+00	4.828828828828828534e+01
2.636613491102758111e+00	1.701310611356463998e+00	4.834834834834834538e+01
2.530361783330677294e+00	1.483461176100215662e+00	4.840840840840840542e+01
2.412569322521713300e+00	1.259343826518622977e+00	4.846846846846846546e+01
2.284002065815866622e+00	1.034019355555727104e+00	4.852852852852852550e+01
2.145448717129125438e+00	8.118777313893703607e-01	4.858858858858858554e+01
1.997708793241634417e+00	5.965550549413214387e-01	4.864864864864864558e+01
1.841578085854173708e+00	3.908970499283090927e-01	4.870870870870870561e+01
1.677838350656203126e+00	1.969887669695102594e-01	4.876876876876876565e+01
1.507250757001953323e+00	1.630098085479779815e-02	4.882882882882882569e+01
1.330551180276099421e+00	-1.537029430614376135e-01	4.888888888888888573e+01
1.148457936082931674e+00	-3.153379628167385929e-01	4.894894894894894577e+01
9.616794348813084703e-01	-4.679928678341767068e-01	4.900900900900900581e+01
7.709125971703318925e-01	-6.112901195152891098e-01	4.906906906906906585e+01
5.768408176409796084e-01	-7.450647048825993490e-01	4.912912912912912589e+01
3.801334027525755110e-01	-8.693353395783736115e-01	4.918918918918918592e+01
1.814449450515062678e-01	-9.842768379402286882e-01	4.924924924924924596e+01
-1.858488897587960362e-02	-1.089554505160210018e+00	4.930930930930930600e+01
-2.193380525931054037e-01	-1.176765742091704148e+00	4.936936936936936604e+01
-4.202340167567637508e-01	-1.255980163699072616e+00	4.942942942942942608e+01
-6.207096127163234112e-01	-1.327686613390586912e+00	4.948948948948948612e+01
-8.202121159093986869e-01	-1.392456972455112796e+00	4.954954954954954616e+01
-1.018199913613424767e+00	-1.450853859218055542e+00	4.960960960960960620e+01
-1.214140766764764567e+00	-1.503419456414122557e+00	4.966966966966966623e+01
-1.407509739793663117e+00	-1.550671469459224072e+00	4.972972972972972627e+01
-1.597790029879431639e+00	-1.593098180385277951e+00	4.978978978978978631e+01
-1.784473201832808442e+00	-1.631153292919296893e+00	4.984984984984984635e+01
-1.967056984830328314e+00	-1.665256732892960390e+00	4.990990990990990639e+01
-2.145045180096478266e+00	-1.695794492256856856e+00	4.996996996996996643e+01
-2.317949234983495366e+00	-1.723117819466922551e+00	5.003003003003002647e+01
-2.485288014196713746e+00	-1.747544931322539297e+00	5.009009009009008651e+01
-2.646587154303236655e+00	-1.769363532715659382e+00	5.015015015015014654e+01
-2.801379246101291631e+00	-1.788831220511005071e+00	5.021021021021020658e+01
-2.949205729058478553e+00	-1.806177966598766060e+00	5.027027027027026662e+01
-3.089617345589572128e+00	-1.821607953807081515e+00	5.033033033033032666e+01
-3.222174717937821509e+00	-1.835302952226054884e+00	5.039039039039038670e+01
-3.346448483698005738e+00	-1.847422697179226025e+00	5.045045045045044674e+01
-3.462019945703545432e+00	-1.858105779125613033e+00	5.051051051051050678e+01
-3.568483602885117012e+00	-1.867473636656380664e+00	5.057057057057056682e+01
-3.665446990717161402e+00	-1.875630652140056087e+00	5.063063063063062685e+01
-3.752533007677742560e+00	-1.882666908401214423e+00	5.069069069069068689e+01
-3.829380089178033852e+00	-1.888658407101348802e+00	5.075075075075074693e+01
-3.895642207562321602e+00	-1.893667068738869252e+00	5.081081081081080697e+01
-3.950989912984887553e+00	-1.897741657751652822e+00	5.087087087087086701e+01
-3.995114357403993566e+00	-1.900921115879661505e+00	5.093093093093092705e+01
-4.027725889462113962e+00	-1.903232598866490433e+00	5.099099099099098709e+01
-4.048555439444625925e+00	-1.904692177883482440e+00	5.105105105105104712e+01
-4.057355765261471348e+00	-1.905304945903846470e+00	5.111111111111110716e+01
-4.053903371443564829e+00	-1.901553995774502681e+00	5.117117117117116720e+01
-4.038011982345990347e+00	-1.886435182819278911e+00	5.123123123123122724e+01
-4.009555520131605100e+00	-1.859298517637954173e+00	5.129129129129129439e+01
-3.968473974850656116e+00	-1.820056517759451209e+00	5.135135135135135442e+01
-3.914772319337884277e+00	-1.768710987643630883e+00	5.141141141141141446e+01
-3.848521806294912917e+00	-1.705273088970721052e+00	5.147147147147147450e+01
-3.769860435005884636e+00	-1.629816185355740910e+00	5.153153153153153454e+01
-3.678992603324862110e+00	-1.542467156500812786e+00	5.159159159159159458e+01
-3.576188921455920600e+00	-1.443407088638584579e+00	5.165165165165165462e+01
-3.461785149468235900e+00	-1.332872875503207988e+00	5.171171171171171466e+01
-3.336181925272228010e+00	-1.211157395794326685e+00	5.177177177177177470e+01
-3.199843058898907522e+00	-1.078609873443697742e+00	5.183183183183183473e+01
-3.053295152677744984e+00	-9.356371035754440513e-01	5.189189189189189477e+01
-2.897123705858657416e+00	-7.827039064184373451e-01	5.195195195195195481e+01
-2.731972308866960297e+00	-6.203331357644239485e-01	5.201201201201201485e+01
-2.558541111721853500e+00	-4.491059380289342262e-01	5.207207207207207489e+01
-2.377582727938589713e+00	-2.696620417065013764e-01	5.213213213213213493e+01
-2.189899966324676761e+00	-8.269911631883077041e-02	5.219219219219219497e+01
-1.996340806584769645e+00	1.048757939343207546e-01	5.225225225225225500e+01
-1.797771989652380498e+00	2.756467897210150841e-01	5.231231231231231504e+01
-1.595020967232899212e+00	4.284181779219489172e-01	5.237237237237237508e+01
-1.388871084303156644e+00	5.642694651175950149e-01	5.243243243243243512e+01
-1.180061817703276450e+00	6.844117247262585524e-01	5.249249249249249516e+01
-9.692927943207128028e-01	7.901646365637008396e-01	5.255255255255255520e+01
-7.572290979799345401e-01	8.828923226603482277e-01	5.261261261261261524e+01
-5.445031294071004391e-01	9.639367473243355411e-01	5.267267267267267528e+01
-3.317211070753924296e-01	1.034588658617811685e+00	5.273273273273273531e+01
-1.194648802022713896e-01	1.096057213658507834e+00	5.279279279279279535e+01
9.169911754746977450e-02	1.191347122173895601e+00	5.285285285285285539e+01
3.010714653293934395e-01	1.331336882816830824e+00	5.291291291291291543e+01
5.077975943775299150e-01	1.462307659792936532e+00	5.297297297297297547e+01
7.110383218097886537e-01	1.584417217329649796e+00	5.303303303303303551e+01
9.099803820480714123e-01	1.697887856262863648e+00	5.309309309309309555e+01
1.103836636595265208e+00	1.802992249349088638e+00	5.315315315315315559e+01
1.291847085741682388e+00	1.900026516037152113e+00	5.321321321321321562e+01
1.473278970152293477e+00	1.989307636845847993e+00	5.327327327327327566e+01
1.647426743385358883e+00	2.071167891345423229e+00	5.333333333333333570e+01
1.813611914287900362e+00	2.145938470868488768e+00	5.339339339339339574e+01
1.971183729240042704e+00	2.213946341700764986e+00	5.345345345345345578e+01
2.119519564252030364e+00	2.275502290403085048e+00	5.351351351351351582e+01
2.258024928958590749e+00	2.330900516462879324e+00	5.357357357357357586e+01
2.386133560710783641e+00	2.380418096695335883e+00	5.363363363363363590e+01
2.503308152357296201e+00	2.424307663884901043e+00	5.369369369369369593e+01
2.609039789500078754e+00	2.462798201084737126e+00	5.375375375375375597e+01
2.702850022805457275e+00	2.496089818088930823e+00	5.381381381381381601e+01
2.784291279802829422e+00	2.524352161465572397e+00	5.387387387387387605e+01
2.852946864884664979e+00	2.547724414556752581e+00	5.393393393393393609e+01
2.908430962670705888e+00	2.566315292769052459e+00	5.399399399399399613e+01
2.950390090418143263e+00	2.580200975350789960e+00	5.405405405405405617e+01
2.978504817837436480e+00	2.589422350320798927e+00	5.411411411411411621e+01
2.992489765368950838e+00	2.593984695293181986e+00	5.417417417417417624e+01
2.992095107607164461e+00	2.589060044406650274e+00	5.423423423423423628e+01
2.977133961142030660e+00	2.548607018306824568e+00	5.429429429429429632e+01
2.947557568006842654e+00	2.469824302167919150e+00	5.435435435435435636e+01
2.903474285365962082e+00	2.355252036505989466e+00	5.441441441441441640e+01
2.845141542683370606e+00	2.208741476862886355e+00	5.447447447447447644e+01
2.772951608775608978e+00	2.035161655109978263e+00	5.453453453453453648e+01
2.687412955330057418e+00	1.840027836252071891e+00	5.459459459459459651e+01
2.589134413990810124e+00	1.629181496513244953e+00	5.465465465465465655e+01
2.478799134910212754e+00	1.408377402556908908e+00	5.471471471471471659e+01
2.357146543100370639e+00	1.183054485101693309e+00	5.477477477477477663e+01
2.224955097492119283e+00	9.580823622587626431e-01	5.483483483483483667e+01
2.083020683544563045e+00	7.376170684830370972e-01	5.489489489489489671e+01
1.932145043625657976e+00	5.250399836694041866e-01	5.495495495495495675e+01
1.773122730053481311e+00	3.229426224578571536e-01	5.501501501501501679e+01
1.606731384505490912e+00	1.331712799080950471e-01	5.507507507507507682e+01
1.433726103717190226e+00	-4.347667193839736127e-02	5.513513513513513686e+01
1.254837684341921555e+00	-2.108797869711168671e-01	5.519519519519519690e+01
1.070783191142214541e+00	-3.696699532684670775e-01	5.525525525525525694e+01
8.822698171563545522e-01	-5.193040466250082865e-01	5.531531531531531698e+01
6.899920681342647244e-01	-6.594730933618441204e-01	5.537537537537537702e+01
4.946309537807915824e-01	-7.900836518411795684e-01	5.543543543543543706e+01
2.968528854551143459e-01	-9.112149992001393750e-01	5.549549549549549710e+01
9.730940265016679858e-02	-1.023081829528499798e+00	5.555555555555555713e+01
-1.033635816395424289e-01	-1.120738031128476475e+00	5.561561561561561717e+01
-3.045621256431077506e-01	-1.205306722401245478e+00	5.567567567567567721e+01
-5.057118016110216940e-01	-1.281972186279383807e+00	5.573573573573573725e+01
-7.062517224021451767e-01	-1.351307540311227573e+00	5.579579579579579729e+01
-9.056307419084512755e-01	-1.413883181225860319e+00	5.585585585585585733e+01
-1.103307441136367029e+00	-1.470259930038606777e+00	5.591591591591591737e+01
-1.298750932987687179e+00	-1.520974514568850244e+00	5.597597597597597741e+01
-1.491437870043302638e+00	-1.566535719963317419e+00	5.603603603603603744e+01
-1.680851686106118015e+00	-1.607422388372251376e+00	5.609609609609609748e+01
-1.866483898203284308e+00	-1.644078942535839083e+00	5.615615615615615752e+01
-2.047833531637110571e+00	-1.676914404902867473e+00	5.621621621621621756e+01
-2.224405664683686279e+00	-1.706303840975032404e+00	5.627627627627627760e+01
-2.395711720297082792e+00	-1.732588594754102651e+00	5.633633633633633764e+01
-2.561271223024528254e+00	-1.756076735127910737e+00	5.639639639639639768e+01
-2.720611424344550500e+00	-1.777045749616431136e+00	5.645645645645645772e+01
-2.873267144060885236e+00	-1.795744838460731740e+00	5.651651651651651775e+01
-3.018780983877078938e+00	-1.812395302423050802e+00	5.657657657657657779e+01
-3.156705389879673973e+00	-1.827193642437164423e+00	5.663663663663663783e+01
-3.286603082391903907e+00	-1.840313089651875345e+00	5.669669669669669787e+01
-3.408048122716522688e+00	-1.851906966282122369e+00	5.675675675675675791e+01
-3.520626124149177194e+00	-1.862109141435849269e+00	5.681681681681681795e+01
-3.623934450317838785e+00	-1.871034253001879311e+00	5.687687687687687799e+01
-3.717585153658068187e+00	-1.878781616540017296e+00	5.693693693693693803e+01
-3.801204532422879367e+00	-1.885435500328437097e+00	5.699699699699699806e+01
-3.874435706558167158e+00	-1.891066936198545045e+00	5.705705705705705810e+01
-3.936939412503047908e+00	-1.895734462009217136e+00	5.711711711711711814e+01
-3.988394003189859482e+00	-1.899484121646801249e+00	5.717717717717717818e+01
-4.028495466262704383e+00	-1.902349476762115188e+00	5.723723723723723822e+01
-4.056960394908406542e+00	-1.904353402890279323e+00	5.729729729729729826e+01
-4.073527846029912247e+00	-1.905508562651846205e+00	5.735735735735735830e+01
-4.077958471259578666e+00	-1.905603725148846017e+00	5.741741741741741833e+01
-4.070039426550464690e+00	-1.897949285722602131e+00	5.747747747747747837e+01
-4.049604256734347985e+00	-1.878508973227634327e+00	5.753753753753753841e+01
-4.016551208277100216e+00	-1.846947376955451192e+00	5.759759759759759845e+01
-3.970843577219310472e+00	-1.803279653319258991e+00	5.765765765765765849e+01
-3.912510691919702577e+00	-1.747478366077409584e+00	5.771771771771771853e+01
-3.841648634106753946e+00	-1.679583378485426604e+00	5.777777777777777857e+01
-3.758420162657133190e+00	-1.599687451354028678e+00	5.783783783783783861e+01
-3.663054413167103007e+00	-1.507937624609683835e+00	5.789789789789789864e+01
-3.555846661656806518e+00	-1.404536240654476797e+00	5.795795795795795868e+01
-3.437157600549801462e+00	-1.289741045520651053e+00	5.801801801801801872e+01
-3.307412456390300015e+00	-1.163865914492015818e+00	5.807807807807807876e+01
-3.167099326309648077e+00	-1.027282115606691804e+00	5.813813813813813880e+01
-3.016767026903221627e+00	-8.804187054789727185e-01	5.819819819819819884e+01
-2.857024429601814575e+00	-7.237624818191772391e-01	5.825825825825825888e+01
-2.688537952156567101e+00	-5.578588058083047141e-01	5.831831831831831892e+01
-2.512029586111926616e+00	-3.833121811724025663e-01	5.837837837837837895e+01
-2.328271572152998736e+00	-2.007849134402435454e-01	5.843843843843843899e+01
-2.138085932577014514e+00	-1.098585498044925973e-02	5.849849849849849903e+01
-1.942336432653774647e+00	1.713792803137008103e-01	5.855855855855855907e+01
-1.741880614596878596e+00	3.353644090492687302e-01	5.861861861861861911e+01
-1.537530730810177770e+00	4.817455732479518082e-01	5.867867867867867915e+01
-1.330054461198478588e+00	6.116136903534629132e-01	5.873873873873873919e+01
-1.120177189888357905e+00	7.262385001307385402e-01	5.879879879879879923e+01
-9.085857988949562758e-01	8.269647949758758276e-01	5.885885885885885926e+01
-6.959341936773476567e-01	9.151594443926653888e-01	5.891891891891891930e+01
-4.828450998621162671e-01	9.921506578449913460e-01	5.897897897897897934e+01
-2.699164353438076036e-01	1.059204344963801114e+00	5.903903903903903938e+01
-5.772302363719244989e-02	1.117497708233051945e+00	5.909909909909909942e+01
1.531574004589755789e-01	1.237459066402361918e+00	5.915915915915915946e+01
3.619581672870699762e-01	1.374643197478619516e+00	5.921921921921921950e+01
5.678214943308554918e-01	1.502831495592329203e+00	5.927927927927927954e+01
7.699142330274861834e-01	1.622206765679664375e+00	5.933933933933933957e+01
9.674301232491280267e-01	1.733003295527445253e+00	5.939939939939939961e+01
1.159589764285695157e+00	1.835504865717934697e+00	5.945945945945945965e+01
1.345640272812928195e+00	1.930021818894958274e+00	5.951951951951951969e+01
1.524855978501707954e+00	2.016883155550751816e+00	5.957957957957957973e+01
1.696538960906122995e+00	2.096418942741056668e+00	5.963963963963963977e+01
1.860019045346717581e+00	2.168956990762925141e+00	5.969969969969969981e+01
2.014653827531241781e+00	2.234821646568909248e+00	5.975975975975975985e+01
2.159828838025979802e+00	2.294322341730267389e+00	5.981981981981981988e+01
2.294957971971170796e+00	2.347750743280111685e+00	5.987987987987987992e+01
2.419484056935869098e+00	2.395375541299575861e+00	5.993993993993993996e+01
2.532878896082740638e+00	2.437441519072293783e+00	6.000000000000000000e+01
