displacement 	force 	time
0.000000000000000000e+00	0.000000000000000000e+00	0.000000000000000000e+00
2.557611037490226453e-07	1.713599395118322688e-07	6.006006006006005954e-02
1.653059980673557622e-06	1.107550187049633621e-06	1.201201201201201191e-01
6.494902662194372018e-06	4.351584783566981348e-06	1.801801801801801717e-01
1.858081564229806140e-05	1.244914647837017478e-05	2.402402402402402382e-01
4.304619215165786047e-05	2.884094871872720339e-05	3.003003003003003046e-01
8.647608834113005541e-05	5.793897901089000238e-05	3.603603603603603434e-01
1.569582909666041200e-04	1.051620539207314125e-04	4.204204204204204376e-01
2.636171632573852111e-04	1.766234944544051741e-04	4.804804804804804763e-01
4.168852580026718296e-04	2.793131023594959341e-04	5.405405405405405705e-01
6.278761577974980267e-04	4.206769565419351598e-04	6.006006006006006093e-01
9.087918966492784193e-04	6.088903673419570435e-04	6.606606606606606480e-01
1.272586537593592719e-03	8.526324270002586967e-04	7.207207207207206867e-01
1.732721109381101399e-03	1.160921754824831851e-03	7.807807807807807254e-01
2.303144492912404494e-03	1.543103591443494320e-03	8.408408408408408752e-01
2.998169909468315075e-03	2.008766782879216686e-03	9.009009009009009139e-01
3.832151050763463532e-03	2.567526492923924864e-03	9.609609609609609526e-01
4.819430550428930281e-03	3.228989404688295279e-03	1.021021021021021102e+00
5.974140425078960058e-03	4.002618943480809426e-03	1.081081081081081141e+00
7.309993709634181151e-03	4.897594875350149042e-03	1.141141141141141180e+00
8.840270382292370402e-03	5.922803579277972734e-03	1.201201201201201219e+00
1.057735473558479855e-02	7.086524192668715479e-03	1.261261261261261257e+00
1.253286322392400606e-02	8.396514904243432623e-03	1.321321321321321296e+00
1.471718245154595046e-02	9.859697822640237780e-03	1.381381381381381335e+00
1.713958571024032373e-02	1.148223784746342339e-02	1.441441441441441373e+00
1.980782036572574165e-02	1.326925793178895113e-02	1.501501501501501412e+00
2.272824170349977899e-02	1.522493087555710709e-02	1.561561561561561451e+00
2.590533844470999797e-02	1.735214990977866287e-02	1.621621621621621712e+00
2.934192343035983697e-02	1.965266014611468867e-02	1.681681681681681750e+00
3.303869820784691852e-02	2.212675428002719435e-02	1.741741741741741789e+00
3.699441260106380025e-02	2.477338404089464777e-02	1.801801801801801828e+00
4.120550432481603215e-02	2.758990755963022443e-02	1.861861861861861867e+00
4.566623892097106813e-02	3.057218773466990197e-02	1.921921921921921905e+00
5.036853652699892908e-02	3.371447590097903513e-02	1.981981981981981944e+00
5.530179123349282522e-02	3.700928601873228196e-02	2.042042042042042205e+00
6.045266162461013226e-02	4.044724703544739369e-02	2.102102102102102243e+00
6.580570770715712947e-02	4.401757359093128735e-02	2.162162162162162282e+00
7.134296932530312385e-02	4.770776458182538621e-02	2.222222222222222321e+00
7.704381679720352649e-02	5.150350519230822988e-02	2.282282282282282360e+00
8.288533861695601690e-02	5.538899133485176984e-02	2.342342342342342398e+00
8.884208761492194684e-02	5.934672936089535611e-02	2.402402402402402437e+00
9.488618066625770231e-02	6.335763480269135384e-02	2.462462462462462476e+00
1.009875853922916344e-01	6.740129505807658516e-02	2.522522522522522515e+00
1.071138980926215761e-01	7.145578671552389738e-02	2.582582582582582553e+00
1.132305957405823071e-01	7.549790007118260815e-02	2.642642642642642592e+00
1.193012612516654997e-01	7.950333840144005459e-02	2.702702702702702631e+00
1.252874332231260768e-01	8.344660879218397664e-02	2.762762762762762669e+00
1.311489888595120945e-01	8.730131406120687776e-02	2.822822822822822708e+00
1.368442623012649517e-01	9.104025784485533790e-02	2.882882882882882747e+00
1.423300498043064688e-01	9.463547140602011909e-02	2.942942942942942786e+00
1.475622171529358262e-01	9.805856643673860340e-02	3.003003003003002824e+00
1.524956926566801985e-01	1.012807800558720578e-01	3.063063063063062863e+00
1.570845958798686715e-01	1.042730682217146015e-01	3.123123123123122902e+00
1.612826607322883354e-01	1.070062302162789053e-01	3.183183183183182940e+00
1.650433213127012744e-01	1.094510734165007049e-01	3.243243243243243423e+00
1.683199842331345175e-01	1.115785172432651601e-01	3.303303303303303462e+00
1.710664172493633617e-01	1.133596360420608823e-01	3.363363363363363501e+00
1.732368337012697990e-01	1.147658604479197542e-01	3.423423423423423539e+00
1.747862469634122728e-01	1.157688278756571487e-01	3.483483483483483578e+00
1.756708120738538215e-01	1.163401845691927894e-01	3.543543543543543617e+00
1.758479645481471898e-01	1.164519580976978719e-01	3.603603603603603656e+00
1.752768289014224878e-01	1.160625249009737403e-01	3.663663663663663694e+00
1.739185318391003598e-01	1.151358986054146771e-01	3.723723723723723733e+00
1.717365424841636734e-01	1.136479107578705905e-01	3.783783783783783772e+00
1.686968702921773644e-01	1.115761576688749923e-01	3.843843843843843811e+00
1.647684213019240673e-01	1.089005373024458101e-01	3.903903903903903849e+00
1.599232620124407256e-01	1.056034274587003968e-01	3.963963963963963888e+00
1.541368971921187048e-01	1.016698454637467025e-01	4.024024024024024371e+00
1.473881638432845143e-01	9.708737250350593651e-02	4.084084084084084409e+00
1.396600546865473524e-01	9.184656779229513623e-02	4.144144144144144448e+00
1.309397774734963882e-01	8.594111447347552168e-02	4.204204204204204487e+00
1.212187416290883418e-01	7.936741749802359025e-02	4.264264264264264526e+00
1.104926198580068464e-01	7.212481170720837220e-02	4.324324324324324564e+00
9.876199970034735265e-02	6.421558370064209265e-02	4.384384384384384603e+00
8.603210692190019215e-02	5.564493150711458114e-02	4.444444444444444642e+00
7.231325797623683327e-02	4.642078335904573777e-02	4.504504504504504681e+00
5.762072138217069761e-02	3.655385698727072613e-02	4.564564564564564719e+00
4.197492126759801156e-02	2.605739907307660572e-02	4.624624624624624758e+00
2.540156625381329025e-02	1.494713900348932506e-02	4.684684684684684797e+00
7.931603241177925465e-03	3.241953901848564253e-03	4.744744744744744835e+00
-1.039868984564054806e-02	-9.035624001804708205e-03	4.804804804804804874e+00
-2.954742766749287805e-02	-2.185643214901282494e-02	4.864864864864864913e+00
-4.946756654854353452e-02	-3.517437977534298293e-02	4.924924924924924952e+00
-7.010682287780045652e-02	-4.893953444145430348e-02	4.984984984984984990e+00
-9.140789058427400970e-02	-6.309649019516486157e-02	5.045045045045045029e+00
-1.133084309141386831e-01	-7.758449096976598180e-02	5.105105105105105068e+00
-1.357415850367131027e-01	-9.233834398607332350e-02	5.165165165165165106e+00
-1.586360366628674912e-01	-1.072889725530574156e-01	5.225225225225225145e+00
-1.819162094882967318e-01	-1.223642656870108231e-01	5.285285285285285184e+00
-2.055027375659718991e-01	-1.374902366921416375e-01	5.345345345345345223e+00
-2.293122277562736899e-01	-1.525915816051752472e-01	5.405405405405405261e+00
-2.532581109775640105e-01	-1.675933260972380101e-01	5.465465465465465300e+00
-2.772506047273039509e-01	-1.824213995868530502e-01	5.525525525525525339e+00
-3.011979000192721578e-01	-1.970045119575904724e-01	5.585585585585585378e+00
-3.250056185293218602e-01	-2.112742943264656059e-01	5.645645645645645416e+00
-3.485773343310649142e-01	-2.251661661295167316e-01	5.705705705705705455e+00
-3.718154042539228432e-01	-2.386204944450425747e-01	5.765765765765765494e+00
-3.946208571456131242e-01	-2.515825799232045967e-01	5.825825825825825532e+00
-4.168937746072018391e-01	-2.640030707748272087e-01	5.885885885885885571e+00
-4.385339936177686804e-01	-2.758382675570121845e-01	5.945945945945945610e+00
-4.594411321801318282e-01	-2.870498201468998367e-01	6.006006006006005649e+00
-4.795149658518061409e-01	-2.976046165495662144e-01	6.066066066066065687e+00
-4.986559680359164970e-01	-3.074743150491134891e-01	6.126126126126125726e+00
-5.167651502687846676e-01	-3.166352462836536374e-01	6.186186186186185765e+00
-5.337451213546394735e-01	-3.250670673292765933e-01	6.246246246246245803e+00
-5.494996334897550572e-01	-3.327530708004564075e-01	6.306306306306305842e+00
-5.639345279728136262e-01	-3.396783698054630651e-01	6.366366366366365881e+00
-5.769574852550677369e-01	-3.458303040501893855e-01	6.426426426426426808e+00
-5.884788510302355613e-01	-3.511965679406587881e-01	6.486486486486486847e+00
-5.984115080023119093e-01	-3.557654693936571078e-01	6.546546546546546885e+00
-6.066715532012290080e-01	-3.595243235287794437e-01	6.606606606606606924e+00
-6.131782999598504036e-01	-3.624595754309719586e-01	6.666666666666666963e+00
-6.178549968379969393e-01	-3.645551619628454310e-01	6.726726726726727001e+00
-6.206288160934091414e-01	-3.657926110657275798e-01	6.786786786786787040e+00
-6.214315017855024381e-01	-3.661453967995837999e-01	6.846846846846847079e+00
-6.201996612655877872e-01	-3.651754149546316830e-01	6.906906906906907118e+00
-6.168764597554351470e-01	-3.625605190045712578e-01	6.966966966966967156e+00
-6.114130256441611122e-01	-3.582738578591162515e-01	7.027027027027027195e+00
-6.037689410560401759e-01	-3.523015265230091120e-01	7.087087087087087234e+00
-5.939125238722134936e-01	-3.446432975193923220e-01	7.147147147147147273e+00
-5.818210827029314247e-01	-3.353122491900862312e-01	7.207207207207207311e+00
-5.674810921439759070e-01	-3.243339508953124728e-01	7.267267267267267350e+00
-5.508882827450192199e-01	-3.117452346340071623e-01	7.327327327327327389e+00
-5.320476438589027968e-01	-2.975926865279535094e-01	7.387387387387387427e+00
-5.109737556162521344e-01	-2.819311758089023678e-01	7.447447447447447466e+00
-4.876907292250733938e-01	-2.648218481808966018e-01	7.507507507507507505e+00
-4.622319091376935751e-01	-2.463301358026777910e-01	7.567567567567567544e+00
-4.346396746667813282e-01	-2.265237190633177522e-01	7.627627627627627582e+00
-4.049657362611198130e-01	-2.054708684345664671e-01	7.687687687687687621e+00
-3.732707595175777104e-01	-1.832386597554810370e-01	7.747747747747747660e+00
-3.396238760088652331e-01	-1.598913432998951556e-01	7.807807807807807698e+00
-3.041041303703613807e-01	-1.354890744999658336e-01	7.867867867867867737e+00
-2.667988505399936927e-01	-1.100869015153126546e-01	7.927927927927927776e+00
-2.278042962641265157e-01	-8.373428164122705131e-02	7.987987987987987815e+00
-1.872246345554856861e-01	-5.647375520698287577e-02	8.048048048048048742e+00
-1.451724123705742109e-01	-2.834104210440823585e-02	8.108108108108108780e+00
-1.017683738580144048e-01	6.349510965145265407e-04	8.168168168168168819e+00
-5.714110426279994659e-02	3.039176667455305639e-02	8.228228228228228858e+00
-1.142713465737154113e-02	6.072617458223967396e-02	8.288288288288288896e+00
3.523001494902608388e-02	9.138855258565264927e-02	8.348348348348348935e+00
8.268088246552522669e-02	1.221172969086110199e-01	8.408408408408408974e+00
1.307708500035565657e-01	1.526476572567903589e-01	8.468468468468469013e+00
1.793413391059770490e-01	1.827212380473741127e-01	8.528528528528529051e+00
2.282311926347220243e-01	2.120946710437913441e-01	8.588588588588589090e+00
2.772774951864124815e-01	2.405479721255995296e-01	8.648648648648649129e+00
3.263160582454306957e-01	2.678906881635399473e-01	8.708708708708709167e+00
3.751824859489171216e-01	2.939658878098785899e-01	8.768768768768769206e+00
4.237133150461198650e-01	3.186517932579558399e-01	8.828828828828829245e+00
4.717465197091119111e-01	3.418642950372367539e-01	8.888888888888889284e+00
5.191218337511420700e-01	3.635534833845509017e-01	8.948948948948949322e+00
5.656813655823377252e-01	3.836998675669174852e-01	9.009009009009009361e+00
6.112698291487203006e-01	4.023110737294812722e-01	9.069069069069069400e+00
6.557348148438923996e-01	4.194172340036479985e-01	9.129129129129129439e+00
6.989270330922396912e-01	4.350661300910143026e-01	9.189189189189189477e+00
7.407004125413025886e-01	4.493195364102133271e-01	9.249249249249249516e+00
7.809122227326340537e-01	4.622465451094883715e-01	9.309309309309309555e+00
8.194228113683780235e-01	4.739221354266573982e-01	9.369369369369369593e+00
8.560957620651359345e-01	4.844234900985679992e-01	9.429429429429429632e+00
8.907987874803747763e-01	4.938275432146253530e-01	9.489489489489489671e+00
9.234030420531146310e-01	5.022086309392140846e-01	9.549549549549549710e+00
9.537830057348412049e-01	5.096370107564914820e-01	9.609609609609609748e+00
9.818172895733786598e-01	5.161780360953397429e-01	9.669669669669669787e+00
1.007388485400490863e+00	5.218910366005864443e-01	9.729729729729729826e+00
1.030383222070954341e+00	5.268290212737689604e-01	9.789789789789789864e+00
1.050692531887669867e+00	5.310382150126027323e-01	9.849849849849849903e+00
1.068211994641335760e+00	5.345577701157869788e-01	9.909909909909909942e+00
1.082841885079299793e+00	5.374197297501233095e-01	9.969969969969969981e+00
1.094487656370991768e+00	5.396488114817838966e-01	1.003003003003003002e+01
1.103060229998568120e+00	5.412623126491153958e-01	1.009009009009009006e+01
1.108475894340590795e+00	5.422698224165760639e-01	1.015015015015015010e+01
1.110656957401291667e+00	5.426730121991012457e-01	1.021021021021021014e+01
1.109532381348411256e+00	5.416224335522956679e-01	1.027027027027027017e+01
1.105041262083922504e+00	5.375698929562676698e-01	1.033033033033033021e+01
1.097137276342644352e+00	5.304785929071366146e-01	1.039039039039039025e+01
1.085790278516932661e+00	5.203876087590184607e-01	1.045045045045045029e+01
1.070986245822597827e+00	5.073761137219060524e-01	1.051051051051051033e+01
1.052727121646646946e+00	4.915589798480978767e-01	1.057057057057057037e+01
1.031030779007247933e+00	4.730811391619136330e-01	1.063063063063063041e+01
1.005930012661982786e+00	4.521097335262818095e-01	1.069069069069069045e+01
9.774724922422423079e-01	4.288274387033800816e-01	1.075075075075075048e+01
9.457209875513439279e-01	4.034253466426978019e-01	1.081081081081081052e+01
9.107522967394851010e-01	3.760953212758704201e-01	1.087087087087087056e+01
8.726562659781685882e-01	3.470232129575029356e-01	1.093093093093093060e+01
8.315349395235143160e-01	3.163836946217020163e-01	1.099099099099099064e+01
7.875033549831389479e-01	2.843351726400301649e-01	1.105105105105105068e+01
7.406883791090921321e-01	2.510169533331850777e-01	1.111111111111111072e+01
6.912276708413509496e-01	2.165467121083521074e-01	1.117117117117117076e+01
6.392695228418391329e-01	1.810190052360725887e-01	1.123123123123123079e+01
5.849726439792705124e-01	1.445045487617820368e-01	1.129129129129129083e+01
5.285058172053139769e-01	1.070503198796556310e-01	1.135135135135135087e+01
4.700478414451589315e-01	6.867988814601200254e-02	1.141141141141141091e+01
4.097871314270071785e-01	2.939440655230508848e-02	1.147147147147147095e+01
3.479215133490476952e-01	-1.082196561099151022e-02	1.153153153153153099e+01
2.846580963484909299e-01	-5.180036547823642368e-02	1.159159159159159103e+01
2.202127673370089800e-01	-9.305915202720722867e-02	1.165165165165165106e+01
1.548079095058333410e-01	-1.340764095184743543e-01	1.171171171171171110e+01
8.867039249829100633e-02	-1.743389815599885040e-01	1.177177177177177114e+01
2.202958321139859843e-02	-2.133696820837826524e-01	1.183183183183183118e+01
-4.488464562735651475e-02	-2.507510397829585957e-01	1.189189189189189122e+01
-1.118437408012728784e-01	-2.861420506965748345e-01	1.195195195195195126e+01
-1.786217803590743614e-01	-3.192905532968403626e-01	1.201201201201201130e+01
-2.449971159556527944e-01	-3.500320628889760366e-01	1.207207207207207134e+01
-3.107526974864281422e-01	-3.782861064962501074e-01	1.213213213213213137e+01
-3.756774281251955561e-01	-4.040465722114664482e-01	1.219219219219219141e+01
-4.395655612301710979e-01	-4.273681974245655546e-01	1.225225225225225145e+01
-5.022176119729047095e-01	-4.483528627459188454e-01	1.231231231231231149e+01
-5.634404546180621365e-01	-4.671354488438216879e-01	1.237237237237237153e+01
-6.230468516988962868e-01	-4.838724378246761493e-01	1.243243243243243157e+01
-6.808552173173587629e-01	-4.987301877460983968e-01	1.249249249249249161e+01
-7.366898371880494789e-01	-5.118773059409058579e-01	1.255255255255255165e+01
-7.903805331618679597e-01	-5.234784413261089897e-01	1.261261261261261168e+01
-8.417625356495496147e-01	-5.336898936361561541e-01	1.267267267267267172e+01
-8.906763774776841336e-01	-5.426568157152936722e-01	1.273273273273273176e+01
-9.369678556862872654e-01	-5.505120982636659832e-01	1.279279279279279180e+01
-9.804879995280838534e-01	-5.573749297757919496e-01	1.285285285285285362e+01
-1.021093152036921969e+00	-5.633512861602589794e-01	1.291291291291291365e+01
-1.058644985818189665e+00	-5.685343223641562416e-01	1.297297297297297369e+01
-1.093010651508892428e+00	-5.730049149192354419e-01	1.303303303303303373e+01
-1.124063079529692422e+00	-5.768326072812418603e-01	1.309309309309309377e+01
-1.151681257701712147e+00	-5.800764629607259026e-01	1.315315315315315381e+01
-1.175750187453045825e+00	-5.827857828746388913e-01	1.321321321321321385e+01
-1.196161127665089641e+00	-5.850008643230497629e-01	1.327327327327327389e+01
-1.212812416021078477e+00	-5.867538061893879942e-01	1.333333333333333393e+01
-1.225609302279297985e+00	-5.880689020461734584e-01	1.339339339339339396e+01
-1.234464154790999357e+00	-5.889628349519135941e-01	1.345345345345345400e+01
-1.239297069544013308e+00	-5.894453043376017831e-01	1.351351351351351404e+01
-1.240036473948649576e+00	-5.893466331950248938e-01	1.357357357357357408e+01
-1.236620086772031613e+00	-5.862560025152763199e-01	1.363363363363363412e+01
-1.229003483580518363e+00	-5.794017109852356295e-01	1.369369369369369416e+01
-1.217162411308940984e+00	-5.688436510704588667e-01	1.375375375375375420e+01
-1.201093601371957087e+00	-5.547013407535361651e-01	1.381381381381381424e+01
-1.180814738444731615e+00	-5.371467476567168831e-01	1.387387387387387427e+01
-1.156363630366072481e+00	-5.163941662214841521e-01	1.393393393393393431e+01
-1.127797018640463778e+00	-4.926882131819628752e-01	1.399399399399399435e+01
-1.095191234115060697e+00	-4.662932442986617576e-01	1.405405405405405439e+01
-1.058639812044108952e+00	-4.374799819488106589e-01	1.411411411411411443e+01
-1.018253902182677528e+00	-4.065154468875867844e-01	1.417417417417417447e+01
-9.741601344621311220e-01	-3.736529452988221478e-01	1.423423423423423451e+01
-9.265006203682950581e-01	-3.391244470729958826e-01	1.429429429429429455e+01
-8.754314553992026404e-01	-3.031353056694762182e-01	1.435435435435435458e+01
-8.211223019849567262e-01	-2.658593890640006396e-01	1.441441441441441462e+01
-7.637557559904452065e-01	-2.274381724588586950e-01	1.447447447447447466e+01
-7.035257747485855750e-01	-1.879789611977266961e-01	1.453453453453453470e+01
-6.406378728788898469e-01	-1.475547325914043639e-01	1.459459459459459474e+01
-5.753094080075034089e-01	-1.062058231809627773e-01	1.465465465465465478e+01
-5.077685847254301832e-01	-6.394118394812783879e-02	1.471471471471471482e+01
-4.382534268917757658e-01	-2.074142552753215768e-02	1.477477477477477485e+01
-3.670124042775904094e-01	2.341499020819582874e-02	1.483483483483483489e+01
-2.943038708426233829e-01	6.819814691800091255e-02	1.489489489489489493e+01
-2.203945353544584096e-01	1.129708282462645735e-01	1.495495495495495497e+01
-1.455570131304488868e-01	1.570891023502328510e-01	1.501501501501501501e+01
-7.006715996292370296e-02	1.999433621982658338e-01	1.507507507507507505e+01
5.798679915033883026e-03	2.409942342783169544e-01	1.513513513513513509e+01
8.176582152175898566e-02	2.797995229389670380e-01	1.519519519519519513e+01
1.575634021823058284e-01	3.160303696272842577e-01	1.525525525525525516e+01
2.329258009472146562e-01	3.494750695160225851e-01	1.531531531531531520e+01
3.075938850493959431e-01	3.800341425855977007e-01	1.537537537537537524e+01
3.813159617319322736e-01	4.077054629849171663e-01	1.543543543543543528e+01
4.538480133800763539e-01	4.325659342640558735e-01	1.549549549549549532e+01
5.249541816158833640e-01	4.547523303293748431e-01	1.555555555555555536e+01
5.944064711512995203e-01	4.744407027990362735e-01	1.561561561561561540e+01
6.619850643977868154e-01	4.918311910384026153e-01	1.567567567567567544e+01
7.274777116599415727e-01	5.071333064559628845e-01	1.573573573573573547e+01
7.906794476817887718e-01	5.205555795526641827e-01	1.579579579579579551e+01
8.513928291869891085e-01	5.322985967031187426e-01	1.585585585585585555e+01
9.094274579294263638e-01	5.425498335887465329e-01	1.591591591591591559e+01
9.645995796478064044e-01	5.514813974113922379e-01	1.597597597597597563e+01
1.016733268696161208e+00	5.592463146749575564e-01	1.603603603603603744e+01
1.065659063986055699e+00	5.659810631684739635e-01	1.609609609609609748e+01
1.111214491561424156e+00	5.718055388273066697e-01	1.615615615615615752e+01
1.153244328481445757e+00	5.768234944847503431e-01	1.621621621621621756e+01
1.191600556904129471e+00	5.811239851813804203e-01	1.627627627627627760e+01
1.226142674695694712e+00	5.847828936453112192e-01	1.633633633633633764e+01
1.256737773372436084e+00	5.878632035872738415e-01	1.639639639639639768e+01
1.283261075792152095e+00	5.904177584176929505e-01	1.645645645645645772e+01
1.305595908898525170e+00	5.924887289624291009e-01	1.651651651651651775e+01
1.323634420125789690e+00	5.941099156775732082e-01	1.657657657657657779e+01
1.337278243317672421e+00	5.953065166453065382e-01	1.663663663663663783e+01
1.346437760001728767e+00	5.960958426222519035e-01	1.669669669669669787e+01
1.351032956698397403e+00	5.964847340352800176e-01	1.675675675675675791e+01
1.350991354262523814e+00	5.959953003584479436e-01	1.681681681681681795e+01
1.346260603557797086e+00	5.919086314690715778e-01	1.687687687687687799e+01
1.336802405070418365e+00	5.837912939485312425e-01	1.693693693693693803e+01
1.322604585016239565e+00	5.717361308205289872e-01	1.699699699699699806e+01
1.303678950788767610e+00	5.559015063430011727e-01	1.705705705705705810e+01
1.280059629327016113e+00	5.364992607421884552e-01	1.711711711711711814e+01
1.251803898522798164e+00	5.137852659478369111e-01	1.717717717717717818e+01
1.218991183928284761e+00	4.880442870123592458e-01	1.723723723723723822e+01
1.181720815337787167e+00	4.595750793162049486e-01	1.729729729729729826e+01
1.140111557029942935e+00	4.286775511983568210e-01	1.735735735735735830e+01
1.094301551363393799e+00	3.956401392762712854e-01	1.741741741741741833e+01
1.044445245721088433e+00	3.607319445707041772e-01	1.747747747747747837e+01
9.907139620077592967e-01	3.241947102642466771e-01	1.753753753753753841e+01
9.332958371183200930e-01	2.862342832221135835e-01	1.759759759759759845e+01
8.723928714888808944e-01	2.470208618734959505e-01	1.765765765765765849e+01
8.082205899904664204e-01	2.066860334242755781e-01	1.771771771771771853e+01
7.410070903826765365e-01	1.653225058851866547e-01	1.777777777777777857e+01
6.709926318900657494e-01	1.229849793018876897e-01	1.783783783783783861e+01
5.984298046304548091e-01	7.969167535227039689e-02	1.789789789789789864e+01
5.235832820807952981e-01	3.542664897082148379e-02	1.795795795795795868e+01
4.467285910915294034e-01	-9.851625695509111380e-03	1.801801801801801872e+01
3.681517734483645277e-01	-5.595031396387727118e-02	1.807807807807807876e+01
2.881490032690710024e-01	-1.022190157079658351e-01	1.813813813813813880e+01
2.070233146186660766e-01	-1.479551388323132322e-01	1.819819819819819884e+01
1.250819180214096382e-01	-1.924838384931464863e-01	1.825825825825825888e+01
4.263314162932376611e-02	-2.352010680060254155e-01	1.831831831831831892e+01
-4.001616245444396952e-02	-2.756057940102539794e-01	1.837837837837837895e+01
-1.225630219326979548e-01	-3.133212219910049279e-01	1.843843843843843899e+01
-2.047098773054709109e-01	-3.481023810517529515e-01	1.849849849849849903e+01
-2.861663909588919030e-01	-3.798293922522175681e-01	1.855855855855855907e+01
-3.666500263758022404e-01	-4.084930537048755972e-01	1.861861861861861911e+01
-4.458872917979523343e-01	-4.341765161578100551e-01	1.867867867867867915e+01
-5.236135757787911960e-01	-4.570275049191240280e-01	1.873873873873873919e+01
-5.995732040423200626e-01	-4.772389172596930296e-01	1.879879879879879923e+01
-6.735193729352461078e-01	-4.950295750104583004e-01	1.885885885885885926e+01
-7.452139632933999502e-01	-5.106290867635118191e-01	1.891891891891891930e+01
-8.144273667036781017e-01	-5.242644195125084616e-01	1.897897897897897934e+01
-8.809383536157644468e-01	-5.361517183749673343e-01	1.903903903903903938e+01
-9.445339191462363004e-01	-5.464937614887468431e-01	1.909909909909909942e+01
-1.005009075597772084e+00	-5.554746859465441444e-01	1.915915915915915946e+01
-1.062167104312565113e+00	-5.632590608622569661e-01	1.921921921921921950e+01
-1.115819267578329388e+00	-5.699919804198360085e-01	1.927927927927927954e+01
-1.165784786822169572e+00	-5.757999840588655660e-01	1.933933933933933957e+01
-1.211891642025346494e+00	-5.807922755174832474e-01	1.939939939939939961e+01
-1.253976507783886252e+00	-5.850621456337918858e-01	1.945945945945945965e+01
-1.291884580430055163e+00	-5.886884680661245151e-01	1.951951951951951969e+01
-1.325469719190982332e+00	-5.917371733968164182e-01	1.957957957957957973e+01
-1.354596014559271033e+00	-5.942626958431912465e-01	1.963963963963963977e+01
-1.379137319409329709e+00	-5.963090915511888301e-01	1.969969969969969981e+01
-1.398977068819681202e+00	-5.979110163915043463e-01	1.975975975975975985e+01
-1.414008813137790810e+00	-5.990944718218116360e-01	1.981981981981981988e+01
-1.424137575811913026e+00	-5.998775554849153924e-01	1.987987987987987992e+01
-1.429278930398842018e+00	-6.002706946774112318e-01	1.993993993993993996e+01
-1.429360562314541339e+00	-5.998315873186402802e-01	2.000000000000000000e+01
-1.424324783194275579e+00	-5.956972493054087936e-01	2.006006006006006004e+01
-1.414136392544592224e+00	-5.873879767949427011e-01	2.012012012012012008e+01
-1.398786329359401837e+00	-5.750061886598448746e-01	2.018018018018018012e+01
-1.378290222282358979e+00	-5.587210574905685512e-01	2.024024024024024015e+01
-1.352689910760278558e+00	-5.387612274291376790e-01	2.030030030030030019e+01
-1.322051179437165880e+00	-5.153987386044884822e-01	2.036036036036036023e+01
-1.286463397341973014e+00	-4.889350318023384379e-01	2.042042042042042027e+01
-1.246038611985124778e+00	-4.596855093780030654e-01	2.048048048048048031e+01
-1.200909199159948981e+00	-4.279644322055831673e-01	2.054054054054054035e+01
-1.151228761803062772e+00	-3.940734985295450410e-01	2.060060060060060039e+01
-1.097169213098172724e+00	-3.582909764764993232e-01	2.066066066066066043e+01
-1.038919747177862396e+00	-3.208631266919683700e-01	2.072072072072072046e+01
-9.766871697916791328e-01	-2.820002895013104527e-01	2.078078078078078050e+01
-9.106930995583659705e-01	-2.418728102885399078e-01	2.084084084084084054e+01
-8.411741858274720540e-01	-2.006092665951656195e-01	2.090090090090090058e+01
-7.683815324040972339e-01	-1.582977630253877832e-01	2.096096096096096062e+01
-6.925787424384387547e-01	-1.149856119257509218e-01	2.102102102102102066e+01
-6.140430607894360460e-01	-7.068132023437082023e-02	2.108108108108108070e+01
-5.330639696139233275e-01	-2.535695817498808541e-02	2.114114114114114074e+01
-4.499423444390641125e-01	2.102222865255745296e-02	2.120120120120120077e+01
-3.649912648392182324e-01	6.812425872081530331e-02	2.126126126126126081e+01
-2.785340741448391610e-01	1.152262944798322641e-01	2.132132132132132085e+01
-1.908998959979165966e-01	1.615937618371569573e-01	2.138138138138138089e+01
-1.024224114873061031e-01	2.065328086342828606e-01	2.144144144144144093e+01
-1.343548685790691040e-02	2.494337814692270117e-01	2.150150150150150097e+01
7.572909825588930444e-02	2.898078907086324429e-01	2.156156156156156101e+01
1.647441857298087009e-01	3.273019302678963349e-01	2.162162162162162105e+01
2.532888735143926651e-01	3.617018904632007814e-01	2.168168168168168108e+01
3.410500553583500905e-01	3.929242758405392388e-01	2.174174174174174112e+01
4.277234205698480785e-01	4.209964233410197210e-01	2.180180180180180116e+01
5.130139186537333584e-01	4.460328614956552418e-01	2.186186186186186120e+01
5.966359578902189487e-01	4.682107412762421261e-01	2.192192192192192124e+01
6.783135697997193514e-01	4.877468434003264797e-01	2.198198198198198128e+01
7.577803919965323542e-01	5.048785377803953756e-01	2.204204204204204132e+01
8.347790500984155759e-01	5.198477469981198640e-01	2.210210210210210136e+01
9.090615674956920023e-01	5.328907668953023480e-01	2.216216216216216139e+01
9.803886838852512442e-01	5.442307354672885067e-01	2.222222222222222143e+01
1.048530503774754541e+00	5.540719827700932854e-01	2.228228228228228147e+01
1.113266068614794380e+00	5.625984236261651894e-01	2.234234234234234151e+01
1.174383098772720402e+00	5.699734403749766587e-01	2.240240240240240155e+01
1.231678309544177008e+00	5.763400556831647092e-01	2.246246246246246159e+01
1.284957643960382034e+00	5.818220318882656450e-01	2.252252252252252163e+01
1.334036555975182337e+00	5.865258934365495946e-01	2.258258258258258167e+01
1.378740033799305431e+00	5.905410016884382607e-01	2.264264264264264170e+01
1.418903300270507817e+00	5.939437218558307752e-01	2.270270270270270174e+01
1.454371640822527789e+00	5.967964666639100635e-01	2.276276276276276178e+01
1.485001013598089781e+00	5.991515666415382357e-01	2.282282282282282182e+01
1.510658121302257628e+00	6.010500962140215009e-01	2.288288288288288186e+01
1.531221356427441282e+00	6.025249585057022017e-01	2.294294294294294190e+01
1.546580934654438799e+00	6.036001696901841518e-01	2.300300300300300194e+01
1.556639652068620983e+00	6.042923545865117596e-01	2.306306306306306197e+01
1.561312999413246416e+00	6.046104950235480224e-01	2.312312312312312201e+01
1.560528297196722702e+00	6.037469853353323312e-01	2.318318318318318205e+01
1.554231061329833574e+00	5.988506152417963913e-01	2.324324324324324209e+01
1.542391663207552055e+00	5.897134547214785139e-01	2.330330330330330213e+01
1.525008169079646203e+00	5.764561222474287039e-01	2.336336336336336217e+01
1.502105822411068825e+00	5.592677306315032570e-01	2.342342342342342221e+01
1.473736657036704756e+00	5.383941847064307451e-01	2.348348348348348225e+01
1.439978483974543089e+00	5.141235024821264599e-01	2.354354354354354228e+01
1.400933791627813951e+00	4.867699781845850615e-01	2.360360360360360232e+01
1.356728744038826484e+00	4.566585946790450712e-01	2.366366366366366236e+01
1.307511777753893156e+00	4.241102675238635489e-01	2.372372372372372240e+01
1.253452451013194358e+00	3.894294913428557603e-01	2.378378378378378244e+01
1.194740123995158498e+00	3.528942953064757027e-01	2.384384384384384248e+01
1.131582831050040650e+00	3.147487127604308155e-01	2.390390390390390252e+01
1.064206166120945207e+00	2.751977556848410611e-01	2.396396396396396256e+01
9.928523935592866723e-01	2.344045726494952964e-01	2.402402402402402259e+01
9.177784506199763159e-01	1.924903590939572584e-01	2.408408408408408263e+01
8.392567890717562706e-01	1.495333137791081957e-01	2.414414414414414267e+01
7.575739525357542137e-01	1.055709859056181837e-01	2.420420420420420271e+01
6.730293199640065005e-01	6.060056666502827705e-02	2.426426426426426275e+01
5.859362954500889620e-01	1.458205985108085301e-02	2.432432432432432279e+01
4.966201205357772541e-01	-3.248588546315123171e-02	2.438438438438438283e+01
4.054182940443514793e-01	-8.011079158345911500e-02	2.444444444444444287e+01
3.126778871342539845e-01	-1.275404127593403325e-01	2.450450450450450290e+01
2.187521044571714146e-01	-1.740296344203820511e-01	2.456456456456456294e+01
1.239975366634374632e-01	-2.188890009208333265e-01	2.462462462462462298e+01
2.877061099198786887e-02	-2.615274581311038404e-01	2.468468468468468302e+01
-6.657527055978212926e-02	-3.014820996175223144e-01	2.474474474474474306e+01
-1.616917154440180027e-01	-3.384324665451771685e-01	2.480480480480480310e+01
-2.562373437283581579e-01	-3.722009822193486639e-01	2.486486486486486314e+01
-3.498792420364883471e-01	-4.027385213546235132e-01	2.492492492492492318e+01
-4.422936296060584471e-01	-4.301028640261406188e-01	2.498498498498498321e+01
-5.331665994659213759e-01	-4.544343808714234600e-01	2.504504504504504325e+01
-6.221943375957493805e-01	-4.759299734533672388e-01	2.510510510510510329e+01
-7.090830008950851360e-01	-4.948204498793688511e-01	2.516516516516516333e+01
-7.935486875727051359e-01	-5.113517676873828854e-01	2.522522522522522337e+01
-8.753175750395739696e-01	-5.257710390413420365e-01	2.528528528528528341e+01
-9.541257913476568486e-01	-5.383156783126487044e-01	2.534534534534534345e+01
-1.029718590440833248e+00	-5.492078740193755415e-01	2.540540540540540349e+01
-1.101851183080123642e+00	-5.586498262923115243e-01	2.546546546546546352e+01
-1.170288446943501759e+00	-5.668224296347089686e-01	2.552552552552552356e+01
-1.234804409550581239e+00	-5.738867881909817115e-01	2.558558558558558360e+01
-1.295184757632131811e+00	-5.799799112709562721e-01	2.564564564564564719e+01
-1.351224769634563172e+00	-5.852214785374103556e-01	2.570570570570570723e+01
-1.402729998501959008e+00	-5.897129513896686159e-01	2.576576576576576727e+01
-1.449515881973718612e+00	-5.935416466530236690e-01	2.582582582582582731e+01
-1.491410240529313924e+00	-5.967797556207712351e-01	2.588588588588588735e+01
-1.528252713234526272e+00	-5.994873727472953551e-01	2.594594594594594739e+01
-1.559894417076443718e+00	-6.017135342524848607e-01	2.600600600600600742e+01
-1.586198666619228703e+00	-6.034974842953428897e-01	2.606606606606606746e+01
-1.607041593498911514e+00	-6.048698906648404261e-01	2.612612612612612750e+01
-1.622312050325493749e+00	-6.058526781659954175e-01	2.618618618618618754e+01
-1.631912446014774698e+00	-6.064609407995612544e-01	2.624624624624624758e+01
-1.635759114998018404e+00	-6.067026314411730903e-01	2.630630630630630762e+01
-1.633783454078231889e+00	-6.051898457033842993e-01	2.636636636636636766e+01
-1.625936326763149031e+00	-5.994304691844352107e-01	2.642642642642642770e+01
-1.612196657187261017e+00	-5.894306372088243817e-01	2.648648648648648773e+01
-1.592572120438426886e+00	-5.753290047976753474e-01	2.654654654654654777e+01
-1.567098772702678167e+00	-5.573306249405344248e-01	2.660660660660660781e+01
-1.535840507641252906e+00	-5.356943567839682618e-01	2.666666666666666785e+01
-1.498888094016416872e+00	-5.107178160771145281e-01	2.672672672672672789e+01
-1.456357981557732106e+00	-4.827213551238184741e-01	2.678678678678678793e+01
-1.408391050142192569e+00	-4.520324325709673130e-01	2.684684684684684797e+01
-1.355151364885974319e+00	-4.189714861727897310e-01	2.690690690690690801e+01
-1.296824738275976330e+00	-3.838398863625218094e-01	2.696696696696696804e+01
-1.233617721261064615e+00	-3.469105746917343081e-01	2.702702702702702808e+01
-1.165756160443141676e+00	-3.084211132035434288e-01	2.708708708708708812e+01
-1.093483870157976989e+00	-2.685692496242672034e-01	2.714714714714714816e+01
-1.017061846641173384e+00	-2.275107792225201930e-01	2.720720720720720820e+01
-9.367672774570220406e-01	-1.853587631568253680e-01	2.726726726726726824e+01
-8.528926402750648395e-01	-1.421841050798440809e-01	2.732732732732732828e+01
-7.657449658933958014e-01	-9.801689030426055660e-02	2.738738738738738832e+01
-6.756452055140282908e-01	-5.284814751785370940e-02	2.744744744744744835e+01
-5.829276967540464316e-01	-6.632309134482083750e-03	2.750750750750750839e+01
-4.879396928010484302e-01	4.058374038995490873e-02	2.756756756756756843e+01
-3.910402909835387630e-01	8.821870144950297310e-02	2.762762762762762847e+01
-2.925979224017717373e-01	1.355213855043680138e-01	2.768768768768768851e+01
-1.929871974605605889e-01	1.817561913177276334e-01	2.774774774774774855e+01
-9.258490283599246640e-02	2.262515711763280202e-01	2.780780780780780859e+01
8.232154391043217112e-03	2.684401448058039152e-01	2.786786786786786863e+01
1.090910322370228641e-01	3.078860447445233572e-01	2.792792792792792866e+01
2.096238045277807327e-01	3.442959960139103659e-01	2.798798798798798870e+01
3.094704707816266498e-01	3.775163974322690574e-01	2.804804804804804874e+01
4.082799483191713596e-01	4.075183730751675282e-01	2.810810810810810878e+01
5.057104743913066747e-01	4.343750421700356967e-01	2.816816816816816882e+01
6.014304431321254585e-01	4.582365943549425724e-01	2.822822822822822886e+01
6.951189876073435858e-01	4.793061227055653295e-01	2.828828828828828890e+01
7.864658519839499151e-01	4.978167168129151721e-01	2.834834834834834894e+01
8.751713555666129629e-01	5.140140195046145610e-01	2.840840840840840897e+01
9.609463808694315157e-01	5.281427149971343882e-01	2.846846846846846901e+01
1.043512297634835218e+00	5.404370055599375666e-01	2.852852852852852905e+01
1.122600916274507643e+00	5.511143713480862738e-01	2.858858858858858909e+01
1.197954470357989631e+00	5.603718343482380071e-01	2.864864864864864913e+01
1.269325772693578935e+00	5.683860868535600686e-01	2.870870870870870917e+01
1.336478703006063196e+00	5.753123259307626469e-01	2.876876876876876921e+01
1.399188634424878508e+00	5.812854891260001988e-01	2.882882882882882924e+01
1.457241838321757355e+00	5.864216773792679804e-01	2.888888888888888928e+01
1.510436108204204597e+00	5.908198477784465386e-01	2.894894894894894932e+01
1.558581019078229879e+00	5.945635801668006648e-01	2.900900900900900936e+01
1.601498509943815707e+00	5.977226361948206890e-01	2.906906906906906940e+01
1.639023774776743547e+00	6.003547572649302611e-01	2.912912912912912944e+01
1.671005738221678527e+00	6.025070340874250086e-01	2.918918918918918948e+01
1.697306149851391055e+00	6.042168609691905834e-01	2.924924924924924952e+01
1.717800901712884132e+00	6.055129609801939150e-01	2.930930930930930955e+01
1.732380333634695457e+00	6.064161542110860781e-01	2.936936936936936959e+01
1.740949855176486150e+00	6.069397221996193359e-01	2.942942942942942963e+01
1.743429418605528358e+00	6.070707903335651467e-01	2.948948948948948967e+01
1.739754857873645921e+00	6.045178244042678228e-01	2.954954954954954971e+01
1.729886623270309398e+00	5.976953513897788062e-01	2.960960960960960975e+01
1.713814539262117131e+00	5.866884361077687737e-01	2.966966966966966979e+01
1.691558243897237634e+00	5.716543108865576039e-01	2.972972972972972983e+01
1.663166681411002434e+00	5.528124365767455028e-01	2.978978978978978986e+01
1.628717275890100735e+00	5.304312676482267896e-01	2.984984984984984990e+01
1.588314973117810336e+00	5.048132142799544031e-01	2.990990990990990994e+01
1.542091073461510087e+00	4.762789894971766191e-01	2.996996996996996998e+01
1.490201950098202444e+00	4.451526102515856453e-01	3.003003003003003002e+01
1.432827709179870679e+00	4.117480111736308013e-01	3.009009009009009006e+01
1.370170848067498559e+00	3.763579004649845183e-01	3.015015015015015010e+01
1.302454796371024681e+00	3.392451241187875999e-01	3.021021021021021014e+01
1.229922828823885261e+00	3.006366873724515276e-01	3.027027027027027017e+01
1.152836990084973534e+00	2.607198932693773341e-01	3.033033033033033021e+01
1.071476557739614810e+00	2.196406282485131589e-01	3.039039039039039025e+01
9.861375278752656515e-01	1.775032253953967853e-01	3.045045045045045029e+01
8.971315630512690653e-01	1.343710026312260331e-01	3.051051051051051033e+01
8.047851247836554922e-01	9.026767513204490834e-02	3.057057057057057037e+01
7.094386467993363254e-01	4.517949695814564570e-02	3.063063063063063041e+01
6.114464061368284353e-01	-9.412470683902727023e-04	3.069069069069069045e+01
5.111753879213800644e-01	-4.797487286151080194e-02	3.075075075075075048e+01
4.090046845468467973e-01	-9.528738124713512225e-02	3.081081081081081052e+01
3.053219634373566804e-01	-1.421426330729841370e-01	3.087087087087087056e+01
2.005204285254286178e-01	-1.878288214589388938e-01	3.093093093093093060e+01
9.499511855517256409e-02	-2.317021136516700663e-01	3.099099099099099064e+01
-1.085925449757995341e-02	-2.732278224160102353e-01	3.105105105105105068e+01
-1.166522525604802990e-01	-3.120004196053903223e-01	3.111111111111111072e+01
-2.219993304576078907e-01	-3.477534677794151263e-01	3.117117117117117076e+01
-3.265235487946243076e-01	-3.803544096357351911e-01	3.123123123123123079e+01
-4.298575687238919141e-01	-4.097892119489320306e-01	3.129129129129129083e+01
-5.316439081235265762e-01	-4.361398149468600494e-01	3.135135135135135087e+01
-6.315355350189790773e-01	-4.595597666537241111e-01	3.141141141141141091e+01
-7.291964963738957195e-01	-4.802506972302810762e-01	3.147147147147147095e+01
-8.243020703754364575e-01	-4.984449286727509199e-01	3.153153153153153099e+01
-9.165388887563018505e-01	-5.143783671858308537e-01	3.159159159159159103e+01
-1.005604644708743667e+00	-5.282896809207278110e-01	3.165165165165165106e+01
-1.091208182462167997e+00	-5.404073530023016936e-01	3.171171171171171110e+01
-1.173069722822579264e+00	-5.509412147513943481e-01	3.177177177177177114e+01
-1.250920834413073779e+00	-5.600826991529479493e-01	3.183183183183183118e+01
-1.324504633953224264e+00	-5.680024290703149514e-01	3.189189189189189122e+01
-1.393576464474298504e+00	-5.748504209000809828e-01	3.195195195195195126e+01
-1.457904044101359986e+00	-5.807571485371884057e-01	3.201201201201201485e+01
-1.517267161994009017e+00	-5.858348102270626301e-01	3.207207207207207489e+01
-1.571458352534378822e+00	-5.901789958472067887e-01	3.213213213213213493e+01
-1.620283240715238327e+00	-5.938703757381450510e-01	3.219219219219219497e+01
-1.663560937489332758e+00	-5.969762348992923018e-01	3.225225225225225500e+01
-1.701124423627239368e+00	-5.995521267989808445e-01	3.231231231231231504e+01
-1.732821154596761115e+00	-6.016430911923613678e-01	3.237237237237237508e+01
-1.758514015782842721e+00	-6.032844691691316985e-01	3.243243243243243512e+01
-1.778081338136426437e+00	-6.045037317335030247e-01	3.249249249249249516e+01
-1.791416670614218720e+00	-6.053197313915722466e-01	3.255255255255255520e+01
-1.798429672346018027e+00	-6.057440747074864795e-01	3.261261261261261524e+01
-1.799046234970809177e+00	-6.054651352606814640e-01	3.267267267267267528e+01
-1.793211463808667805e+00	-6.016417683503184621e-01	3.273273273273273531e+01
-1.780897629007646588e+00	-5.936231159432427962e-01	3.279279279279279535e+01
-1.762107525366898964e+00	-5.815168142982322097e-01	3.285285285285285539e+01
-1.736874412771846288e+00	-5.654975894316488505e-01	3.291291291291291543e+01
-1.705261473820511409e+00	-5.457970088246514306e-01	3.297297297297297547e+01
-1.667361120439890154e+00	-5.226901974239268611e-01	3.303303303303303551e+01
-1.623293750211152409e+00	-4.964806227740326539e-01	3.309309309309309555e+01
-1.573206301481323122e+00	-4.674851222808914519e-01	3.315315315315315559e+01
-1.517271355311917702e+00	-4.360199967631565587e-01	3.321321321321321562e+01
-1.455685415227539359e+00	-4.023886773438067888e-01	3.327327327327327566e+01
-1.388667722976280938e+00	-3.668715955135404827e-01	3.333333333333333570e+01
-1.316458872131296864e+00	-3.297186011966995456e-01	3.339339339339339574e+01
-1.239319520264922092e+00	-2.911437581281695053e-01	3.345345345345345578e+01
-1.157529185000791161e+00	-2.513222814240662073e-01	3.351351351351351582e+01
-1.071385146842670721e+00	-2.103892212995530087e-01	3.357357357357357586e+01
-9.812014652542629944e-01	-1.684395736924215736e-01	3.363363363363363590e+01
-8.873077315267010601e-01	-1.255292916050484986e-01	3.369369369369369593e+01
-7.900485947192119607e-01	-8.167703150178816374e-02	3.375375375375375597e+01
-6.897832971394215473e-01	-3.686598868468432544e-02	3.381381381381381601e+01
-5.868844428275336034e-01	8.946955870414927126e-03	3.387387387387387605e+01
-4.817373653964275304e-01	5.556048479421805963e-02	3.393393393393393609e+01
-3.747390155557989710e-01	1.023130380323019062e-01	3.399399399399399613e+01
-2.662943708061998316e-01	1.484943153505727809e-01	3.405405405405405617e+01
-1.568134586168679900e-01	1.934246658093738136e-01	3.411411411411411621e+01
-4.670772408360207573e-02	2.364983267390304567e-01	3.417417417417417624e+01
6.361278946206409823e-02	2.772150489194207812e-01	3.423423423423423628e+01
1.737423392717059867e-01	3.152014009272505746e-01	3.429429429429429632e+01
2.832813028785993170e-01	3.502166972294949443e-01	3.435435435435435636e+01
3.918383482935042239e-01	3.821463607828627373e-01	3.441441441441441640e+01
4.990316475937350282e-01	4.109877125716760449e-01	3.447447447447447644e+01
6.044899551293095863e-01	4.368276906562720274e-01	3.453453453453453648e+01
7.078529011200649368e-01	4.598185753210650706e-01	3.459459459459459651e+01
8.087716738790521331e-01	4.801570820046799914e-01	3.465465465465465655e+01
9.069090544330239423e-01	4.980652133625678712e-01	3.471471471471471659e+01
1.001939726254552632e+00	5.137731781966723421e-01	3.477477477477477663e+01
1.093550254513748987e+00	5.275097914146549272e-01	3.483483483483483667e+01
1.181439295209591123e+00	5.394930323160103125e-01	3.489489489489489671e+01
1.265317707732623198e+00	5.499251012229641189e-01	3.495495495495495675e+01
1.344908771311502216e+00	5.589897309613964804e-01	3.501501501501501679e+01
1.419948490130615637e+00	5.668505174651496947e-01	3.507507507507507682e+01
1.490185775812739255e+00	5.736517435469465909e-01	3.513513513513513686e+01
1.555382406783509808e+00	5.795192726923042992e-01	3.519519519519519690e+01
1.615313285073289640e+00	5.845610148857368626e-01	3.525525525525525694e+01
1.669768658781593418e+00	5.888690258643968223e-01	3.531531531531531698e+01
1.718552590952630688e+00	5.925209805934699148e-01	3.537537537537537702e+01
1.761483174271933461e+00	5.955815573250732298e-01	3.543543543543543706e+01
1.798393396887228990e+00	5.981039051746737112e-01	3.549549549549549710e+01
1.829133068336038948e+00	6.001309376370802529e-01	3.555555555555555713e+01
1.853568203179445817e+00	6.016962092257500672e-01	3.561561561561561717e+01
1.871580676055175196e+00	6.028247035940454968e-01	3.567567567567567721e+01
1.883069438308966337e+00	6.035334857518183105e-01	3.573573573573573725e+01
1.887950619784088513e+00	6.038320752831275451e-01	3.579579579579579729e+01
1.886158311920818287e+00	6.026185978253536524e-01	3.585585585585585733e+01
1.877648627100935386e+00	5.973553123678054799e-01	3.591591591591591737e+01
1.862408252785709317e+00	5.880021180367368538e-01	3.597597597597597741e+01
1.840455399126038616e+00	5.746894103142056176e-01	3.603603603603603744e+01
1.811839010570851283e+00	5.576087343022897436e-01	3.609609609609609748e+01
1.776638118274910250e+00	5.370017270995318670e-01	3.615615615615615752e+01
1.734960593005065776e+00	5.131459777084204088e-01	3.621621621621621756e+01
1.686943088645955324e+00	4.863434399143448661e-01	3.627627627627627760e+01
1.632749479079077304e+00	4.569045845954126661e-01	3.633633633633633764e+01
1.572569029347666181e+00	4.251348165161045189e-01	3.639639639639639768e+01
1.506615104661690463e+00	3.913239026367475448e-01	3.645645645645645772e+01
1.435123968850994247e+00	3.557371346975364834e-01	3.651651651651651775e+01
1.358353371734858372e+00	3.186089932270100289e-01	3.657657657657657779e+01
1.276581257882542175e+00	2.801386205407786489e-01	3.663663663663663783e+01
1.190104517799355666e+00	2.404869775650126662e-01	3.669669669669669787e+01
1.099237476253691836e+00	1.997774417618175813e-01	3.675675675675675791e+01
1.004312327953999384e+00	1.580954996104418919e-01	3.681681681681681795e+01
9.056760780530985766e-01	1.154895583033134915e-01	3.687687687687687799e+01
8.036904436602019253e-01	7.197254047805451416e-02	3.693693693693693803e+01
6.987325822662588948e-01	2.752490880759817654e-02	3.699699699699699806e+01
5.911925183280485330e-01	-1.788221163462849761e-02	3.705705705705705810e+01
4.814725835889508976e-01	-6.394273771439573650e-02	3.711711711711711814e+01
3.699859960743663856e-01	-1.099907374813881705e-01	3.717717717717717818e+01
2.571535952291673088e-01	-1.553465159953826003e-01	3.723723723723723822e+01
1.434001018478940348e-01	-1.993680525535031778e-01	3.729729729729729826e+01
2.915160448882200134e-02	-2.414895570709719996e-01	3.735735735735735830e+01
-8.516860769731332548e-02	-2.812520621019656275e-01	3.741741741741741833e+01
-1.991411662193420529e-01	-3.183173422240869743e-01	3.747747747747747837e+01
-3.123537873502647000e-01	-3.524729304483380510e-01	3.753753753753753841e+01
-4.244030548378722734e-01	-3.836245599880750423e-01	3.759759759759759845e+01
-5.348950497092658241e-01	-4.117800332365048610e-01	3.765765765765765849e+01
-6.434466693736874410e-01	-4.370292316033903002e-01	3.771771771771771853e+01
-7.496864895419611541e-01	-4.595225859736069562e-01	3.777777777777777857e+01
-8.532550278573211022e-01	-4.794507179883171766e-01	3.783783783783783861e+01
-9.538050490535896486e-01	-4.970261399787682666e-01	3.789789789789789864e+01
-1.051001755675238458e+00	-5.124687157729973519e-01	3.795795795795795868e+01
-1.144522894996439000e+00	-5.259966299073979279e-01	3.801801801801801872e+01
-1.234058996746917325e+00	-5.378174658997214586e-01	3.807807807807807876e+01
-1.319313719879693592e+00	-5.481237832789883635e-01	3.813813813813813880e+01
-1.400004296919751479e+00	-5.570907434248733026e-01	3.819819819819819884e+01
-1.475861747968778781e+00	-5.648746412306773212e-01	3.825825825825825888e+01
-1.546630729343789090e+00	-5.716131776507891171e-01	3.831831831831831892e+01
-1.612069736053221680e+00	-5.774262263924738736e-01	3.837837837837837895e+01
-1.671952122748174840e+00	-5.824171535193266580e-01	3.843843843843843899e+01
-1.726066571338934041e+00	-5.866739702395393774e-01	3.849849849849849903e+01
-1.774217418729515883e+00	-5.902709014929269360e-01	3.855855855855855907e+01
-1.816224466434060991e+00	-5.932697151395092128e-01	3.861861861861861911e+01
-1.851923759720921270e+00	-5.957210393407322835e-01	3.867867867867867915e+01
-1.881169191964979781e+00	-5.976650769823488307e-01	3.873873873873873919e+01
-1.903831375967902417e+00	-5.991330250265848312e-01	3.879879879879879923e+01
-1.919797810445893038e+00	-6.001476415468829373e-01	3.885885885885885926e+01
-1.928974436845536822e+00	-6.007235875007546078e-01	3.891891891891891930e+01
-1.931285763354316343e+00	-6.008177043199295353e-01	3.897897897897897934e+01
-1.926675526564914476e+00	-5.981089113835396098e-01	3.903903903903903938e+01
-1.915114588103371984e+00	-5.913500593519513959e-01	3.909909909909909942e+01
-1.896605378224508698e+00	-5.806280625580045873e-01	3.915915915915915946e+01
-1.871182312989009500e+00	-5.660940593616751171e-01	3.921921921921921950e+01
-1.838911055973792896e+00	-5.479542741147941376e-01	3.927927927927927954e+01
-1.799887683485095424e+00	-5.264583959980302375e-01	3.933933933933933957e+01
-1.754237664523128348e+00	-5.018864121906831954e-01	3.939939939939939961e+01
-1.702114801419369661e+00	-4.745350165104466056e-01	3.945945945945945965e+01
-1.643699635607970277e+00	-4.447045680788923039e-01	3.951951951951951969e+01
-1.579198469377496084e+00	-4.126873949087134785e-01	3.957957957957957973e+01
-1.508841562779162926e+00	-3.787579825849307635e-01	3.963963963963963977e+01
-1.432883875575439836e+00	-3.431665030556254603e-01	3.969969969969969981e+01
-1.351598356981382976e+00	-3.061294593178642276e-01	3.975975975975975985e+01
-1.265279263533123366e+00	-2.678301774943267488e-01	3.981981981981981988e+01
-1.174242211952368331e+00	-2.284175067348939159e-01	3.987987987987987992e+01
-1.078818817007632269e+00	-1.880020134653610786e-01	3.993993993993993996e+01
-9.793573023619608353e-01	-1.466598764780997766e-01	4.000000000000000000e+01
-8.762211648573333678e-01	-1.044322102610316244e-01	4.006006006006006004e+01
-7.697893120326577687e-01	-6.132757036298637499e-02	4.012012012012012008e+01
-6.604553686194323259e-01	-1.732473340983385970e-02	4.018018018018018012e+01
-5.486253383170446307e-01	2.757461175234493175e-02	4.024024024024024015e+01
-4.347173680288330400e-01	7.296150285400705704e-02	4.030030030030030019e+01
-3.191597019559974102e-01	1.181858808864730132e-01	4.036036036036036023e+01
-2.023870392061139223e-01	1.626032561067361770e-01	4.042042042042042027e+01
-8.483752760507845547e-02	2.056132039099631548e-01	4.048048048048048031e+01
3.305055951088722854e-02	2.466931166744812387e-01	4.054054054054054035e+01
1.508415828447206286e-01	2.854246217786196027e-01	4.060060060060060039e+01
2.681050511226907851e-01	3.215039882432428331e-01	4.066066066066066043e+01
3.844178711893993516e-01	3.547465648336897148e-01	4.072072072072072046e+01
4.993657622327005163e-01	3.850751571417714847e-01	4.078078078078078050e+01
6.125447474829748273e-01	4.125064592872023650e-01	4.084084084084084054e+01
7.235623483246335086e-01	4.371346764226603510e-01	4.090090090090090058e+01
8.320379272812448157e-01	4.591062600111869840e-01	4.096096096096096062e+01
9.376032464032614255e-01	4.786037089353366025e-01	4.102102102102102066e+01
1.039902965572983895e+00	4.958293893381313100e-01	4.108108108108108070e+01
1.138594796759257788e+00	5.109939685253270802e-01	4.114114114114114074e+01
1.233349856472098827e+00	5.243018416917540891e-01	4.120120120120120077e+01
1.323853513048332653e+00	5.359500607524038118e-01	4.126126126126126081e+01
1.409804491390223902e+00	5.461212611641049763e-01	4.132132132132132085e+01
1.490914984399773768e+00	5.549812309423701739e-01	4.138138138138138089e+01
1.566912819665732703e+00	5.626783170732925221e-01	4.144144144144144093e+01
1.637540769607486180e+00	5.693434736625800907e-01	4.150150150150150097e+01
1.702555402794261985e+00	5.750913169450486695e-01	4.156156156156156101e+01
1.761731222744455705e+00	5.800196967446081819e-01	4.162162162162162105e+01
1.814858514070614381e+00	5.842121077060757894e-01	4.168168168168168108e+01
1.861743787351235691e+00	5.877389626778704024e-01	4.174174174174174112e+01
1.902210389375144306e+00	5.906587305017441114e-01	4.180180180180180116e+01
1.936099187001288913e+00	5.930189570466013471e-01	4.186186186186186120e+01
1.963269398075371930e+00	5.948571474024693106e-01	4.192192192192192124e+01
1.983597661417018543e+00	5.962018594920922565e-01	4.198198198198198128e+01
1.996979531591180912e+00	5.970730928142882199e-01	4.204204204204204132e+01
2.003329803110809326e+00	5.974826925519530763e-01	4.210210210210210136e+01
2.002582533678624710e+00	5.967872109912353284e-01	4.216216216216216139e+01
1.994694793235416208e+00	5.923928401549362066e-01	4.222222222222222143e+01
1.979654294137818793e+00	5.840697912939597503e-01	4.228228228228228147e+01
1.957481297244277219e+00	5.719305340480638211e-01	4.234234234234234151e+01
1.928227817333856953e+00	5.561450335956570346e-01	4.240240240240240155e+01
1.891977075313035606e+00	5.369312303807248776e-01	4.246246246246246159e+01
1.848842228216795780e+00	5.145426279313171092e-01	4.252252252252252163e+01
1.798966547864403687e+00	4.892583369363544543e-01	4.258258258258258167e+01
1.742521681158587743e+00	4.613684737391321455e-01	4.264264264264264170e+01
1.679705980427392609e+00	4.311618262340035646e-01	4.270270270270270174e+01
1.610743138679570752e+00	3.989159122050567330e-01	4.276276276276276178e+01
1.535880973504618829e+00	3.648885737872067936e-01	4.282282282282282182e+01
1.455389764128064201e+00	3.293114193625398811e-01	4.288288288288288186e+01
1.369561544782856410e+00	2.923856045794334113e-01	4.294294294294294190e+01
1.278707952880223209e+00	2.542788013005184977e-01	4.300300300300300194e+01
1.183159433206164790e+00	2.151244432185942801e-01	4.306306306306306197e+01
1.083264223224975842e+00	1.750216933583403911e-01	4.312312312312312201e+01
9.793872414868615150e-01	1.340364795031034617e-01	4.318318318318318205e+01
8.719089169803821981e-01	9.220300066281247875e-02	4.324324324324324209e+01
7.612242238518417414e-01	4.952565183843422175e-02	4.330330330330330213e+01
6.477417842861019626e-01	5.981409264823722878e-03	4.336336336336336217e+01
5.318828975638607570e-01	-3.836328804006624432e-02	4.342342342342342221e+01
4.140804827831853774e-01	-8.301067133768841311e-02	4.348348348348348225e+01
2.947762269585418871e-01	-1.273361571479046939e-01	4.354354354354354228e+01
1.744175953805977564e-01	-1.707322594789407455e-01	4.360360360360360232e+01
5.345438146496368781e-02	-2.126419124660187954e-01	4.366366366366366236e+01
-6.766429927366847397e-02	-2.525876855116079289e-01	4.372372372372372240e+01
-1.884928297595770130e-01	-2.901934301372385283e-01	4.378378378378378244e+01
-3.085910965806521467e-01	-3.251929898369904093e-01	4.384384384384384248e+01
-4.275271135745200013e-01	-3.574290276828996360e-01	4.390390390390390252e+01
-5.448780847192769006e-01	-3.868443331907802651e-01	4.396396396396396256e+01
-6.602321369865068457e-01	-4.134670309965586266e-01	4.402402402402402259e+01
-7.731891858315353971e-01	-4.373922574866982438e-01	4.408408408408408263e+01
-8.833615645043852993e-01	-4.587638576810407764e-01	4.414414414414414267e+01
-9.903746265472771482e-01	-4.777573990001078297e-01	4.420420420420420271e+01
-1.093867081574545708e+00	-4.945656037027289509e-01	4.426426426426426275e+01
-1.193491356229059885e+00	-5.093876983476339770e-01	4.432432432432432279e+01
-1.288914182029072153e+00	-5.224160069934713491e-01	4.438438438438438283e+01
-1.379817041685617252e+00	-5.338367777796476643e-01	4.444444444444444287e+01
-1.465895815681262482e+00	-5.438221851712760069e-01	4.450450450450450290e+01
-1.546861011493560145e+00	-5.525285078737552924e-01	4.456456456456456294e+01
-1.622439289954489716e+00	-5.600957431859359126e-01	4.462462462462462298e+01
-1.692373442626590396e+00	-5.666474764507358763e-01	4.468468468468468302e+01
-1.756422390677053524e+00	-5.722914477953282564e-01	4.474474474474474306e+01
-1.814361635422127694e+00	-5.771203673935204614e-01	4.480480480480480310e+01
-1.865984010408157090e+00	-5.812132151089018928e-01	4.486486486486486314e+01
-1.911100144284185287e+00	-5.846362163958210845e-01	4.492492492492492318e+01
-1.949538701258453521e+00	-5.874441272892052535e-01	4.498498498498498321e+01
-1.981146613479709551e+00	-5.896810755499412027e-01	4.504504504504504325e+01
-2.005789944263951075e+00	-5.913814537066460764e-01	4.510510510510510329e+01
-2.023354571479395680e+00	-5.925705328516803760e-01	4.516516516516516333e+01
-2.033745291324702720e+00	-5.932651566702221713e-01	4.522522522522522337e+01
-2.036887314719753928e+00	-5.934644416236631859e-01	4.528528528528528341e+01
-2.032726187188421463e+00	-5.912530446865995604e-01	4.534534534534534345e+01
-2.021235770082968841e+00	-5.851725917565254731e-01	4.540540540540540349e+01
-2.002421577558550769e+00	-5.752991067239625611e-01	4.546546546546546352e+01
-1.976321836993950587e+00	-5.617673191703191904e-01	4.552552552552552356e+01
-1.943007182114344422e+00	-5.447637019598401409e-01	4.558558558558558360e+01
-1.902579237367716170e+00	-5.245154645393865778e-01	4.564564564564564364e+01
-1.855170074293662763e+00	-5.012796378243745687e-01	4.570570570570570368e+01
-1.800941249669492761e+00	-4.753309630343295900e-01	4.576576576576576372e+01
-1.740082223770712977e+00	-4.469499803647803970e-01	4.582582582582582376e+01
-1.672808872776456957e+00	-4.164124010577120449e-01	4.588588588588588379e+01
-1.599362524056963997e+00	-3.839801115991404723e-01	4.594594594594594383e+01
-1.520008305432925200e+00	-3.498937891167021030e-01	4.600600600600600387e+01
-1.435033624955771803e+00	-3.143676249207536522e-01	4.606606606606606391e+01
-1.344746800689835542e+00	-2.775857999689604338e-01	4.612612612612612395e+01
-1.249476478988296613e+00	-2.397007189911157798e-01	4.618618618618618399e+01
-1.149569225058692412e+00	-2.008321842627856790e-01	4.624624624624624403e+01
-1.045389618445805802e+00	-1.610679180394831989e-01	4.630630630630630407e+01
-9.373183347523937892e-01	-1.204649679513759009e-01	4.636636636636636410e+01
-8.257511024630566077e-01	-7.905113285907977572e-02	4.642642642642642414e+01
-7.110979708092030060e-01	-3.682683668209271038e-02	4.648648648648648418e+01
-5.937819892184732495e-01	6.226979711369045808e-03	4.654654654654654422e+01
-4.742387597320916193e-01	4.994585865129213403e-02	4.660660660660660426e+01
-3.529145761509160928e-01	9.378033741383395849e-02	4.666666666666666430e+01
-2.302634709643059108e-01	1.371380154968758480e-01	4.672672672672672434e+01
-1.067437284691459681e-01	1.794507409723126723e-01	4.678678678678678438e+01
1.718474486407536514e-02	2.202056043140617481e-01	4.684684684684684441e+01
1.410635111587581758e-01	2.589705919721820293e-01	4.690690690690690445e+01
2.644383074113046961e-01	2.954109945724125441e-01	4.696696696696696449e+01
3.868612850459536290e-01	3.292953169177280648e-01	4.702702702702702453e+01
5.078930853963690151e-01	3.604932169825443844e-01	4.708708708708708457e+01
6.271042040209964252e-01	3.889640941091767612e-01	4.714714714714714461e+01
7.440766039378711172e-01	4.147468685450085291e-01	4.720720720720720465e+01
8.584044277972200376e-01	4.379393232575465311e-01	4.726726726726726469e+01
9.696948520509759417e-01	4.586815780623356709e-01	4.732732732732732472e+01
1.077568595344604585e+00	4.771417619827489909e-01	4.738738738738738476e+01
1.181660374832450344e+00	4.935028453070413046e-01	4.744744744744744480e+01
1.281619355605340571e+00	5.079530852966908094e-01	4.750750750750750484e+01
1.377109775095853195e+00	5.206731294467836779e-01	4.756756756756756488e+01
1.467811098247146617e+00	5.318381861711343195e-01	4.762762762762762492e+01
1.553418361979417739e+00	5.416099038875344940e-01	4.768768768768768496e+01
1.633642534529872625e+00	5.501349611170712750e-01	4.774774774774774500e+01
1.708211095326785278e+00	5.575450746935104451e-01	4.780780780780780503e+01
1.776868574822561220e+00	5.639563119864802188e-01	4.786786786786786507e+01
1.839376646837678209e+00	5.694698073262997040e-01	4.792792792792792511e+01
1.895514768011221873e+00	5.741726003756353336e-01	4.798798798798798515e+01
1.945080669765617776e+00	5.781386103895446160e-01	4.804804804804804519e+01
1.987890829823494077e+00	5.814296498681862380e-01	4.810810810810810523e+01
2.023780694626863053e+00	5.840963653562865066e-01	4.816816816816816527e+01
2.052605252189795948e+00	5.861791034262103794e-01	4.822822822822822530e+01
2.074239507800421656e+00	5.877087109125863629e-01	4.828828828828828534e+01
2.088578051368791932e+00	5.887070704188733794e-01	4.834834834834834538e+01
2.095537713404205249e+00	5.891872205927248807e-01	4.840840840840840542e+01
2.095055250068805552e+00	5.886280216321994052e-01	4.846846846846846546e+01
2.087091247782568715e+00	5.845943298705595925e-01	4.852852852852852550e+01
2.071637429137374919e+00	5.768149209233218722e-01	4.858858858858858554e+01
2.048718944197403413e+00	5.653925726953648034e-01	4.864864864864864558e+01
2.018393592877943732e+00	5.504821530654939732e-01	4.870870870870870561e+01
1.980750851618747754e+00	5.322825316483860147e-01	4.876876876876876565e+01
1.935911445037298284e+00	5.110271890417089624e-01	4.882882882882882569e+01
1.884025513608803548e+00	4.869715806551058179e-01	4.888888888888888573e+01
1.825273439949737453e+00	4.603851078060712254e-01	4.894894894894894577e+01
1.759862997550582175e+00	4.315379315962200590e-01	4.900900900900900581e+01
1.688027923180000167e+00	4.006913865914245032e-01	4.906906906906906585e+01
1.610027165372258207e+00	3.680908778135935644e-01	4.912912912912912589e+01
1.526143031672251071e+00	3.339596126517166974e-01	4.918918918918918592e+01
1.436679994061462518e+00	2.984942557590822831e-01	4.924924924924924596e+01
1.341963168369443071e+00	2.618622705712008725e-01	4.930930930930930600e+01
1.242337192395961853e+00	2.242007510879537036e-01	4.936936936936936604e+01
1.138164823588541985e+00	1.856162449470260267e-01	4.942942942942942608e+01
1.029825966297477136e+00	1.461855604845206935e-01	4.948948948948948612e+01
9.177164081014113073e-01	1.059570922053543196e-01	4.954954954954954616e+01
8.022467405966043907e-01	6.495262347826637195e-02	4.960960960960960620e+01
6.838411340561963980e-01	2.316934721646166095e-02	4.966966966966966623e+01
5.629367956923405636e-01	-1.939540442289531749e-02	4.972972972972972627e+01
4.399824481519625796e-01	-6.244289818367475264e-02	4.978978978978978631e+01
3.154362038240924870e-01	-1.054164709878448458e-01	4.984984984984984635e+01
1.897631879301528990e-01	-1.477553891680125908e-01	4.990990990990990639e+01
6.343135483841878808e-02	-1.889317955729846454e-01	4.996996996996996643e+01
-6.309064213923191999e-02	-2.284777628221885404e-01	5.003003003003002647e+01
-1.893368769322145151e-01	-2.660063631769109538e-01	5.009009009009008651e+01
-3.148459534876784094e-01	-3.012240364967972428e-01	5.015015015015014654e+01
-4.391641461488976494e-01	-3.339344297867517519e-01	5.021021021021020658e+01
-5.618466704079912999e-01	-3.640333942270159717e-01	5.027027027027026662e+01
-6.824589998608070474e-01	-3.915001818589933791e-01	5.033033033033032666e+01
-8.005786922588374876e-01	-4.163823100028149482e-01	5.039039039039038670e+01
-9.157960668225794132e-01	-4.387799664330251370e-01	5.045045045045044674e+01
-1.027715015606148974e+00	-4.588308997906415665e-01	5.051051051051050678e+01
-1.135953519212016039e+00	-4.766966354288972862e-01	5.057057057057056682e+01
-1.240144174680347433e+00	-4.925513748661721758e-01	5.063063063063062685e+01
-1.339934852646025520e+00	-5.065711413485389780e-01	5.069069069069068689e+01
-1.434989391448564966e+00	-5.189276033747983741e-01	5.075075075075074693e+01
-1.524987384696766313e+00	-5.297835027746781167e-01	5.081081081081080697e+01
-1.609624443540397465e+00	-5.392903935701736096e-01	5.087087087087086701e+01
-1.688613343520332988e+00	-5.475857666584514893e-01	5.093093093093092705e+01
-1.761684764515123236e+00	-5.547925694562847454e-01	5.099099099099098709e+01
-1.828586959940694978e+00	-5.610193071494692374e-01	5.105105105105104712e+01
-1.889086182405778080e+00	-5.663603048962001507e-01	5.111111111111110716e+01
-1.942967509367709456e+00	-5.708966633481438180e-01	5.117117117117116720e+01
-1.990035458984977135e+00	-5.746969765544042152e-01	5.123123123123122724e+01
-2.030113826126723975e+00	-5.778182739317423433e-01	5.129129129129129439e+01
-2.063046565429960566e+00	-5.803068025580959688e-01	5.135135135135135442e+01
-2.088698538585117337e+00	-5.821987782127345801e-01	5.141141141141141446e+01
-2.106954677492716144e+00	-5.835211084540365967e-01	5.147147147147147450e+01
-2.117721481042515119e+00	-5.842916651288220242e-01	5.153153153153153454e+01
-2.120926401552579943e+00	-5.845099752114110148e-01	5.159159159159159458e+01
-2.116519949696369363e+00	-5.823709203256004496e-01	5.165165165165165462e+01
-2.104480960050871818e+00	-5.765502684950657430e-01	5.171171171171171466e+01
-2.084820748743430929e+00	-5.671195524235486118e-01	5.177177177177177470e+01
-2.057583964866328330e+00	-5.542034688899696304e-01	5.183183183183183473e+01
-2.022848059962009781e+00	-5.379736447087469786e-01	5.189189189189189477e+01
-1.980722037209396991e+00	-5.186391717878119367e-01	5.195195195195195481e+01
-1.931346092387248747e+00	-4.964370291259886936e-01	5.201201201201201485e+01
-1.874890350160612229e+00	-4.716212405207306224e-01	5.207207207207207489e+01
-1.811553402044352001e+00	-4.444523822663847268e-01	5.213213213213213493e+01
-1.741561235614347947e+00	-4.151881767533437406e-01	5.219219219219219497e+01
-1.665165442582297928e+00	-3.840750755083979229e-01	5.225225225225225500e+01
-1.582642165774885035e+00	-3.513417194572576174e-01	5.231231231231231504e+01
-1.494291013625355102e+00	-3.171941123567365017e-01	5.237237237237237508e+01
-1.400433002782958791e+00	-2.818117773646988122e-01	5.243243243243243512e+01
-1.301409540127592024e+00	-2.453464366732521218e-01	5.249249249249249516e+01
-1.197580687475533923e+00	-2.079209208265315467e-01	5.255255255255255520e+01
-1.089325030233800229e+00	-1.696295302978111652e-01	5.261261261261261524e+01
-9.770370716168196301e-01	-1.305388946970146291e-01	5.267267267267267528e+01
-8.611273505120551341e-01	-9.068991711210683260e-02	5.273273273273273531e+01
-7.420204278610489368e-01	-5.009890372139453457e-02	5.279279279279279535e+01
-6.201544480280561933e-01	-8.761753958204991644e-03	5.285285285285285539e+01
-4.959788208794485009e-01	3.327146875793735026e-02	5.291291291291291543e+01
-3.699543590297774132e-01	7.558599606959466588e-02	5.297297297297297547e+01
-2.425502394094506409e-01	1.176433165933782193e-01	5.303303303303303551e+01
-1.142407583648837877e-01	1.589171376381360579e-01	5.309309309309309555e+01
1.449797999060611214e-02	1.989205840596166286e-01	5.315315315315315559e+01
1.431899115054325600e-01	2.372301019018234203e-01	5.321321321321321562e+01
2.713626196218339448e-01	2.735017032285633753e-01	5.327327327327327566e+01
3.985497647482507122e-01	3.074810883166719244e-01	5.333333333333333570e+01
5.242924613699762038e-01	3.390031420182538779e-01	5.339339339339339574e+01
6.481419781940420677e-01	3.679913741249608017e-01	5.345345345345345578e+01
7.696607453886910033e-01	3.944407462196112268e-01	5.351351351351351582e+01
8.884234037670097894e-01	4.184071252963462162e-01	5.357357357357357586e+01
1.004017896788203856e+00	4.399926343704477771e-01	5.363363363363363590e+01
1.116046414431973055e+00	4.593330958469942771e-01	5.369369369369369593e+01
1.224126395055492367e+00	4.765830548672209122e-01	5.375375375375375597e+01
1.327890298377308875e+00	4.919062487287224061e-01	5.381381381381381601e+01
1.426985774099081894e+00	5.054689816197588392e-01	5.387387387387387605e+01
1.521077703476386267e+00	5.174328432842613124e-01	5.393393393393393609e+01
1.609848104651139700e+00	5.279505671627212626e-01	5.399399399399399613e+01
1.692995632746354451e+00	5.371630904872133350e-01	5.405405405405405617e+01
1.770235849240349379e+00	5.451986755373866567e-01	5.411411411411411621e+01
1.841303798721486196e+00	5.521717104742797089e-01	5.417417417417417624e+01
1.905952425503095515e+00	5.581830324954673017e-01	5.423423423423423628e+01
1.963954745862512619e+00	5.633202501241061366e-01	5.429429429429429632e+01
2.015103625436434065e+00	5.676583989543279030e-01	5.435435435435435636e+01
2.059211628457227494e+00	5.712606014409682409e-01	5.441441441441441640e+01
2.096112012815225967e+00	5.741788865760296678e-01	5.447447447447447644e+01
2.125658860307814813e+00	5.764548858498842465e-01	5.453453453453453648e+01
2.147727493642147323e+00	5.781204344093668901e-01	5.459459459459459651e+01
2.162214819613044181e+00	5.791980171312350878e-01	5.465465465465465655e+01
2.169039662808736946e+00	5.797013969105602182e-01	5.471471471471471659e+01
2.168142490537849465e+00	5.790559560598839139e-01	5.477477477477477663e+01
2.159489838963486452e+00	5.750336676232311595e-01	5.483483483483483667e+01
2.143080238608289889e+00	5.674507296770443521e-01	5.489489489489489671e+01
2.118945639559427274e+00	5.564040455714857059e-01	5.495495495495495675e+01
2.087151194532415932e+00	5.420386479034002836e-01	5.501501501501501679e+01
2.047794872381573317e+00	5.245396701751383617e-01	5.507507507507507682e+01
2.001005413959950019e+00	5.041224503975761939e-01	5.513513513513513686e+01
1.946941547093784308e+00	4.810232024044798216e-01	5.519519519519519690e+01
1.885792919554451386e+00	4.554917310612723313e-01	5.525525525525525694e+01
1.817777064533884213e+00	4.277794109007301837e-01	5.531531531531531698e+01
1.743137882560943819e+00	3.981306746085238046e-01	5.537537537537537702e+01
1.662145290084108717e+00	3.667766016863413525e-01	5.543543543543543706e+01
1.575092564342434720e+00	3.339290173371452508e-01	5.549549549549549710e+01
1.482295868680923556e+00	2.997767808404342982e-01	5.555555555555555713e+01
1.384092623354798990e+00	2.644831362419415299e-01	5.561561561561561717e+01
1.280840034598712984e+00	2.281843899478682158e-01	5.567567567567567721e+01
1.172914090900663231e+00	1.909896814002432497e-01	5.573573573573573725e+01
1.060708052958169390e+00	1.529816383562133952e-01	5.579579579579579729e+01
9.446308187443178683e-01	1.142176206928023907e-01	5.585585585585585733e+01
8.251064917709748370e-01	7.473148547071584158e-02	5.591591591591591737e+01
7.025728871730133607e-01	3.453503631721852041e-02	5.597597597597597741e+01
5.774801177356703175e-01	-6.374766455032161716e-03	5.603603603603603744e+01
4.502901542124246315e-01	-4.783822496830939658e-02	5.609609609609609748e+01
3.214749783810486594e-01	-8.937496565558687711e-02	5.615615615615615752e+01
1.915131882090406468e-01	-1.304727940153640464e-01	5.621621621621621756e+01
6.088712380286474130e-02	-1.706406761292589835e-01	5.627627627627627760e+01
-6.991978953407070041e-02	-2.094333150133732002e-01	5.633633633633633764e+01
-2.004259852050812307e-01	-2.464712000604957765e-01	5.639639639639639768e+01
-3.301542301761560272e-01	-2.814533626532924049e-01	5.645645645645645772e+01
-4.586341090708019319e-01	-3.141638941219624948e-01	5.651651651651651775e+01
-5.854038153487808316e-01	-3.444692729621466887e-01	5.657657657657657779e+01
-7.100121997972277388e-01	-3.723156770332169963e-01	5.663663663663663783e+01
-8.320198575375544747e-01	-3.977140751458107526e-01	5.669669669669669787e+01
-9.510002122149616710e-01	-4.207287227904986104e-01	5.675675675675675791e+01
-1.066540901915066675e+00	-4.414640547910436696e-01	5.681681681681681795e+01
-1.178244319967928666e+00	-4.600526121202248575e-01	5.687687687687687799e+01
-1.285728167336056105e+00	-4.766430930183955250e-01	5.693693693693693803e+01
-1.388626265460337850e+00	-4.913916046183412489e-01	5.699699699699699806e+01
-1.486589004083431087e+00	-5.044544615023000000e-01	5.705705705705705810e+01
-1.579283779730970005e+00	-5.159829665736674897e-01	5.711711711711711814e+01
-1.666395449763347525e+00	-5.261197224432090369e-01	5.717717717717717818e+01
-1.747627306877256981e+00	-5.349956084315773408e-01	5.723723723723723822e+01
-1.822701334813689567e+00	-5.427297703047446742e-01	5.729729729729729826e+01
-1.891357159510887564e+00	-5.494289679601011001e-01	5.735735735735735830e+01
-1.953356838775718751e+00	-5.551858359172484603e-01	5.741741741741741833e+01
-2.008481950765815149e+00	-5.600807895421086036e-01	5.747747747747747837e+01
-2.056531730977647410e+00	-5.641832258098606889e-01	5.753753753753753841e+01
-2.097328219477409217e+00	-5.675505279034146477e-01	5.759759759759759845e+01
-2.130714845728876927e+00	-5.702294574434133567e-01	5.765765765765765849e+01
-2.156556808614503939e+00	-5.722567543863745776e-01	5.771771771771771853e+01
-2.174740989059958274e+00	-5.736596315440622984e-01	5.777777777777777857e+01
-2.185176671124663628e+00	-5.744561126723867206e-01	5.783783783783783861e+01
-2.187797217682923012e+00	-5.746065786870039327e-01	5.789789789789789864e+01
-2.182558339285006976e+00	-5.722616557774991009e-01	5.795795795795795868e+01
-2.169445863089502602e+00	-5.664168337336252801e-01	5.801801801801801872e+01
-2.148478802136091215e+00	-5.571427282512187995e-01	5.807807807807807876e+01
-2.119709988303592585e+00	-5.445582536354759418e-01	5.813813813813813880e+01
-2.083225766802694778e+00	-5.288252547725147412e-01	5.819819819819819884e+01
-2.039143048220026344e+00	-5.101367394558865564e-01	5.825825825825825888e+01
-1.987611071179755662e+00	-4.887129123410167697e-01	5.831831831831831892e+01
-1.928809159339417656e+00	-4.647898319223466301e-01	5.837837837837837895e+01
-1.862945602305835058e+00	-4.386095424769735907e-01	5.843843843843843899e+01
-1.790256306981319323e+00	-4.104121456310795280e-01	5.849849849849849903e+01
-1.711003402578496368e+00	-3.804283604010079700e-01	5.855855855855855907e+01
-1.625474079574748654e+00	-3.488735987727942245e-01	5.861861861861861911e+01
-1.533978832757788791e+00	-3.159434088911926564e-01	5.867867867867867915e+01
-1.436850243282726591e+00	-2.818103662089088135e-01	5.873873873873873919e+01
-1.334441646541911553e+00	-2.466221623554175901e-01	5.879879879879879923e+01
-1.227125568391434829e+00	-2.105007716744128621e-01	5.885885885885885926e+01
-1.115292732289711486e+00	-1.735430993903422370e-01	5.891891891891891930e+01
-9.993505650347638269e-01	-1.358212580031008254e-01	5.897897897897897934e+01
-8.797216418489391954e-01	-9.738424851443525099e-02	5.903903903903903938e+01
-7.568433694136922352e-01	-5.825989236585944753e-02	5.909909909909909942e+01
-6.311659057222294145e-01	-1.845624569987930688e-02	5.915915915915915946e+01
-5.031516109800716618e-01	2.200711941614324693e-02	5.921921921921921950e+01
-3.732732113077791847e-01	6.283274419905614250e-02	5.927927927927927954e+01
-2.420119084023402700e-01	1.035332008386822128e-01	5.933933933933933957e+01
-1.098545713510994948e-01	1.436245480562869103e-01	5.939939939939939961e+01
2.270945431411182033e-02	1.826526350158061973e-01	5.945945945945945965e+01
1.551912510293288472e-01	2.202129389450406816e-01	5.951951951951951969e+01
2.871047694827845720e-01	2.559686099348660870e-01	5.957957957957957973e+01
4.179691032145436691e-01	2.896574461146548818e-01	5.963963963963963977e+01
5.473113736983263866e-01	3.210999422161873174e-01	5.969969969969969981e+01
6.746682427778245561e-01	3.501935665805182563e-01	5.975975975975975985e+01
7.995873970386685459e-01	3.769038582025755479e-01	5.981981981981981988e+01
9.216291359360990754e-01	4.012555532321595009e-01	5.987987987987987992e+01
1.040367423661902491e+00	4.233200429951932131e-01	5.993993993993993996e+01
1.155390629416183312e+00	4.432036939038910828e-01	6.000000000000000000e+01
