displacement 	force 	time
0.000000000000000000e+00	0.000000000000000000e+00	0.000000000000000000e+00
2.557292983681335640e-07	2.557292507556004060e-07	6.006006006006005954e-02
1.652574893877448996e-06	1.652573314463225628e-06	1.201201201201201191e-01
6.491509686229685905e-06	6.491485756234036070e-06	1.801801801801801717e-01
1.856575962957032863e-05	1.856557540031383786e-05	2.402402402402402382e-01
4.299589117506011577e-05	4.299493732956737908e-05	3.003003003003003046e-01
8.633805149015374677e-05	8.633427492707992565e-05	3.603603603603603434e-01
1.566283965937335400e-04	1.566160874142245060e-04	4.204204204204204376e-01
2.629051080315246078e-04	2.628704600960026470e-04	4.804804804804804763e-01
4.154655487035801382e-04	4.153779625991561235e-04	5.405405405405405705e-01
6.252584600404835274e-04	6.250606113012141659e-04	6.006006006006006093e-01
9.042375337859115316e-04	9.038260737770332457e-04	6.606606606606606480e-01
1.265034904056057613e-03	1.264231585249779837e-03	7.207207207207206867e-01
1.720708820726547534e-03	1.719225590619099858e-03	7.807807807807807254e-01
2.284684308770639199e-03	2.282077597566493227e-03	8.408408408408408752e-01
2.970630462407150476e-03	2.966232446224979780e-03	9.009009009009009139e-01
3.792134467503058791e-03	3.784975778058660787e-03	9.609609609609609526e-01
4.762624352005685041e-03	4.751351055074619356e-03	1.021021021021021102e+00
5.895162586701916015e-03	5.877914407324685842e-03	1.081081081081081141e+00
7.202219397305524573e-03	7.176498854104630676e-03	1.141141141141141180e+00
8.695671703293699623e-03	8.658233179278478769e-03	1.201201201201201219e+00
1.038633558509328286e-02	1.033298884712769913e-02	1.261261261261261257e+00
1.228404785078862464e-02	1.220950547088361406e-02	1.321321321321321296e+00
1.439722954304829133e-02	1.429493310170828514e-02	1.381381381381381335e+00
1.673298048523044410e-02	1.659491760586857476e-02	1.441441441441441373e+00
1.929670388524185043e-02	1.911325028097018985e-02	1.501501501501501412e+00
2.209222701981223072e-02	2.185197979362336548e-02	1.561561561561561451e+00
2.512131655558147089e-02	2.481095693404395189e-02	1.621621621621621712e+00
2.838393146885850177e-02	2.798809510898416647e-02	1.681681681681681750e+00
3.187773241151713871e-02	3.137895446533300187e-02	1.741741741741741789e+00
3.559835925572558263e-02	3.497700174123544170e-02	1.801801801801801828e+00
3.953903701912633850e-02	3.877336537564193830e-02	1.861861861861861867e+00
4.369071906589647170e-02	4.275688563280663490e-02	1.921921921921921905e+00
4.804198151049090398e-02	4.691418922817273962e-02	1.981981981981981944e+00
5.257894642348238251e-02	5.122972800041165203e-02	2.042042042042042205e+00
5.728498383841085922e-02	5.568544598177233712e-02	2.102102102102102243e+00
6.214113982781047790e-02	6.026134724906940382e-02	2.162162162162162282e+00
6.712610027307458482e-02	6.493553559219142346e-02	2.222222222222222321e+00
7.221608975785004381e-02	6.968417148539425565e-02	2.282282282282282360e+00
7.738522401474118295e-02	7.448188987439080533e-02	2.342342342342342398e+00
8.260527269586628862e-02	7.930165501712801990e-02	2.402402402402402437e+00
8.784554110726873477e-02	8.411472566438177312e-02	2.462462462462462476e+00
9.307326956266637197e-02	8.889106639110266883e-02	2.522522522522522515e+00
9.825377637798288211e-02	9.359952606441467038e-02	2.582582582582582553e+00
1.033505757420610238e-01	9.820797193978396400e-02	2.642642642642642592e+00
1.083255744278921462e-01	1.026834986956051826e-01	2.702702702702702631e+00
1.131391357731388603e-01	1.069924480353957319e-01	2.762762762762762669e+00
1.177502667218067178e-01	1.111005878612380260e-01	2.822822822822822708e+00
1.221169046268879982e-01	1.149732792266092846e-01	2.882882882882882747e+00
1.261960653195259574e-01	1.185755712069963136e-01	2.942942942942942786e+00
1.299440795334531329e-01	1.218722463583702398e-01	3.003003003003002824e+00
1.333167405613217837e-01	1.248280492585128049e-01	3.063063063063062863e+00
1.362695752788853076e-01	1.274077143969716830e-01	3.123123123123122902e+00
1.387582739994448477e-01	1.295758188333420435e-01	3.183183183183182940e+00
1.407386810926012644e-01	1.312971463759894097e-01	3.243243243243243423e+00
1.421671522578340230e-01	1.325366742014310595e-01	3.303303303303303462e+00
1.430011238884497382e-01	1.332594548499633491e-01	3.363363363363363501e+00
1.431989510660907350e-01	1.334288215067304384e-01	3.423423423423423539e+00
1.427201764473726153e-01	1.329510747291260675e-01	3.483483483483483578e+00
1.415268501178049976e-01	1.317599970490174743e-01	3.543543543543543617e+00
1.395840554699100400e-01	1.298207862818928637e-01	3.603603603603603656e+00
1.368573453282673769e-01	1.270989447604741196e-01	3.663663663663663694e+00
1.333167785925138960e-01	1.235644255539805753e-01	3.723723723723723733e+00
1.289355624977407688e-01	1.191902725654142153e-01	3.783783783783783772e+00
1.236899672410150253e-01	1.139525497335912158e-01	3.843843843843843811e+00
1.175603067614916647e-01	1.078313165078623181e-01	3.903903903903903849e+00
1.105310395349311664e-01	1.008107433869538661e-01	3.963963963963963888e+00
1.025908632518580249e-01	9.287922293145566000e-02	4.024024024024024371e+00
9.373285276542071831e-02	8.402953317772059172e-02	4.084084084084084409e+00
8.395516043817717600e-02	7.425952884706088497e-02	4.144144144144144448e+00
7.326066574770673245e-02	6.357186794265889951e-02	4.204204204204204487e+00
6.165777742725384036e-02	5.197478445713289708e-02	4.264264264264264526e+00
4.915983653550981547e-02	3.948158113895684079e-02	4.324324324324324564e+00
3.578542232804714923e-02	2.611090258393486754e-02	4.384384384384384603e+00
2.155876979025722617e-02	1.188724070576190235e-02	4.444444444444444642e+00
6.509532991842264735e-03	-3.152944538213288145e-03	4.504504504504504681e+00
-9.326897145623989221e-03	-1.881225317729392707e-02	4.564564564564564719e+00
-2.591079167860435920e-02	-3.494883694669442820e-02	4.624624624624624758e+00
-4.319728630410361869e-02	-5.148765278922660948e-02	4.684684684684684797e+00
-6.113710211505787168e-02	-6.835200028786959925e-02	4.744744744744744835e+00
-7.967681140335527989e-02	-8.546440647375880273e-02	4.804804804804804874e+00
-9.875892257440196942e-02	-1.027472557657272551e-01	4.864864864864864913e+00
-1.183219791788377856e-01	-1.201234524681056293e-01	4.924924924924924952e+00
-1.383008584973367816e-01	-1.375172329140488536e-01	4.984984984984984990e+00
-1.586271822242029950e-01	-1.548547569183318651e-01	5.045045045045045029e+00
-1.792291798864192875e-01	-1.720645363382206083e-01	5.105105105105105068e+00
-2.000319239802282323e-01	-1.890777154600074839e-01	5.165165165165165106e+00
-2.209578168475229698e-01	-2.058288271331429609e-01	5.225225225225225145e+00
-2.419267207988609059e-01	-2.222560711874582151e-01	5.285285285285285184e+00
-2.628562655146219340e-01	-2.383013228948177298e-01	5.345345345345345223e+00
-2.836620459640037950e-01	-2.539102699581423650e-01	5.405405405405405261e+00
-3.042578346871065986e-01	-2.690325011846861347e-01	5.465465465465465300e+00
-3.245559786612458031e-01	-2.836214111304388164e-01	5.525525525525525339e+00
-3.444672686728097455e-01	-2.976342212373613294e-01	5.585585585585585378e+00
-3.639013697864778019e-01	-3.110316639905202352e-01	5.645645645645645416e+00
-3.827673847594482148e-01	-3.237776418839858339e-01	5.705705705705705455e+00
-4.009732284817955072e-01	-3.358395371241518768e-01	5.765765765765765494e+00
-4.184269624814034860e-01	-3.471868882279324220e-01	5.825825825825825532e+00
-4.350363924460196596e-01	-3.577919309587189733e-01	5.885885885885885571e+00
-4.507099341711775509e-01	-3.676289245804228445e-01	5.945945945945945610e+00
-4.653562437653768757e-01	-3.766738782917137263e-01	6.006006006006005649e+00
-4.788846783882989566e-01	-3.849036336492160371e-01	6.066066066066065687e+00
-4.912055761089536010e-01	-3.922957977299717514e-01	6.126126126126125726e+00
-5.022305464324962054e-01	-3.988281894815502993e-01	6.186186186186185765e+00
-5.118730449577441055e-01	-4.044782864434781633e-01	6.246246246246245803e+00
-5.200484083225880294e-01	-4.092230986800571291e-01	6.306306306306305842e+00
-5.266744864106552848e-01	-4.130380468248535664e-01	6.366366366366365881e+00
-5.316715319474100143e-01	-4.158972035098629783e-01	6.426426426426426808e+00
-5.349631038831761387e-01	-4.177719354549075392e-01	6.486486486486486847e+00
-5.364759042523807864e-01	-4.186312503712478206e-01	6.546546546546546885e+00
-5.361403336167085421e-01	-4.182634819676353533e-01	6.606606606606606924e+00
-5.338922990840268001e-01	-4.160692427279572558e-01	6.666666666666666963e+00
-5.296740755480815466e-01	-4.119509084194314386e-01	6.726726726726727001e+00
-5.234364435146445782e-01	-4.058584653123993857e-01	6.786786786786787040e+00
-5.151379487885522357e-01	-3.977485800067389610e-01	6.846846846846847079e+00
-5.047459497311062027e-01	-3.875855850258506097e-01	6.906906906906907118e+00
-4.922369154963899263e-01	-3.753418574353910020e-01	6.966966966966967156e+00
-4.775963381645924599e-01	-3.609979055196648190e-01	7.027027027027027195e+00
-4.608203559511676595e-01	-3.445439921653775106e-01	7.087087087087087234e+00
-4.419148727274099797e-01	-3.259796495846744580e-01	7.147147147147147273e+00
-4.208960167858110668e-01	-3.053143346961370019e-01	7.207207207207207311e+00
-3.977899626098521657e-01	-2.825675796908443949e-01	7.267267267267267350e+00
-3.726338591392560629e-01	-2.577702417491182785e-01	7.327327327327327389e+00
-3.454756511164832067e-01	-2.309646900123727420e-01	7.387387387387387427e+00
-3.163738229758773501e-01	-2.022048985702118440e-01	7.447447447447447466e+00
-2.853974242615360257e-01	-1.715568144740814149e-01	7.507507507507507505e+00
-2.526265149813411992e-01	-1.390991688343454769e-01	7.567567567567567544e+00
-2.181516996660536611e-01	-1.049232597115851706e-01	7.627627627627627582e+00
-1.820737295537257217e-01	-6.913275967716606130e-02	7.687687687687687621e+00
-1.445033118626715962e-01	-3.184366820155287020e-02	7.747747747747747660e+00
-1.055614553177825488e-01	6.740239731992048004e-03	7.807807807807807698e+00
-6.537734260486663396e-02	4.554428292603451833e-02	7.867867867867867737e+00
-2.408664509441071563e-02	8.383311805180283793e-02	7.927927927927927776e+00
1.817285059272611553e-02	1.214135789120517617e-01	7.987987987987987815e+00
6.126078001218417807e-02	1.581152569509007566e-01	8.048048048048048742e+00
1.050354971677239790e-01	1.937912243133046997e-01	8.108108108108108780e+00
1.493536863871867959e-01	2.283174393409650726e-01	8.168168168168168819e+00
1.940712234944575731e-01	2.615919975238876760e-01	8.228228228228228858e+00
2.390439648377462312e-01	2.935342482564476940e-01	8.288288288288288896e+00
2.841277818600837501e-01	3.240833544802295130e-01	8.348348348348348935e+00
3.291786057028253665e-01	3.531965514608269019e-01	8.408408408408408974e+00
3.740524939856326170e-01	3.808465765244042900e-01	8.468468468468469013e+00
4.186061461044574550e-01	4.070220741340431214e-01	8.528528528528529051e+00
4.626971738343987339e-01	4.317238179286728705e-01	8.588588588588589090e+00
5.061835890432881957e-01	4.549628334006420305e-01	8.648648648648649129e+00
5.489243614252814485e-01	4.767594066903068639e-01	8.708708708708709167e+00
5.907795920293901215e-01	4.971412436844654947e-01	8.768768768768769206e+00
6.316105860628543622e-01	5.161419561387534660e-01	8.828828828828829245e+00
6.712798728149553806e-01	5.337997636744072905e-01	8.888888888888889284e+00
7.096512377745424205e-01	5.501558725049947585e-01	8.948948948948949322e+00
7.465896358210816208e-01	5.652531543532887115e-01	9.009009009009009361e+00
7.819616045769344215e-01	5.791355489366043496e-01	9.069069069069069400e+00
8.156354636033534833e-01	5.918469564336337196e-01	9.129129129129129439e+00
8.474809830521889964e-01	6.034301121990992556e-01	9.189189189189189477e+00
8.773699124749861911e-01	6.139262120886658236e-01	9.249249249249249516e+00
9.051762363674198397e-01	6.233741214399928232e-01	9.309309309309309555e+00
9.307759901114555090e-01	6.318095775119304536e-01	9.369369369369369593e+00
9.540477473732815739e-01	6.392648984023547865e-01	9.429429429429429632e+00
9.748729311853867596e-01	6.457683927481009389e-01	9.489489489489489671e+00
9.931358305299499145e-01	6.513437238678826402e-01	9.549549549549549710e+00
1.008724026911322458e+00	6.560096280924013756e-01	9.609609609609609748e+00
1.021528762845368643e+00	6.597793930544959551e-01	9.669669669669669787e+00
1.031445179879789009e+00	6.626602366730836025e-01	9.729729729729729826e+00
1.038372743589737635e+00	6.646528404297624704e-01	9.789789789789789864e+00
1.042215419957211786e+00	6.657511056426607121e-01	9.849849849849849903e+00
1.042882253347880761e+00	6.658539603008958307e-01	9.909909909909909942e+00
1.040288491502344037e+00	6.634905138736310048e-01	9.969969969969969981e+00
1.034361641141666732e+00	6.580872797068935132e-01	1.003003003003003002e+01
1.025041576849001546e+00	6.495830653815668487e-01	1.009009009009009006e+01
1.012283031944331446e+00	6.379265309628513458e-01	1.015015015015015010e+01
9.960556195450378514e-01	6.230763998151970240e-01	1.021021021021021014e+01
9.763441484422822336e-01	6.050019846501917264e-01	1.027027027027027017e+01
9.531494525653426697e-01	5.836843897534339520e-01	1.033033033033033021e+01
9.264880952394640712e-01	5.591169439184365819e-01	1.039039039039039025e+01
8.963933141043997077e-01	5.313068488556474955e-01	1.045045045045045029e+01
8.629145135157213486e-01	5.002757203744363501e-01	1.051051051051051033e+01
8.261181601381754058e-01	4.660615253883327314e-01	1.057057057057057037e+01
7.860870429816467775e-01	4.287191172485085300e-01	1.063063063063063041e+01
7.429210963745382923e-01	3.883223128587550144e-01	1.069069069069069045e+01
6.967364092095398309e-01	3.449642406407166240e-01	1.075075075075075048e+01
6.476659508449872371e-01	2.987593208178353499e-01	1.081081081081081052e+01
5.958583184254456766e-01	2.498431852226931094e-01	1.087087087087087056e+01
5.414783345503239032e-01	1.983742469003736686e-01	1.093093093093093060e+01
4.847055547364294559e-01	1.445329431316748070e-01	1.099099099099099064e+01
4.257346419778623159e-01	8.852250211689394188e-02	1.105105105105105068e+01
3.647737089670068378e-01	3.056732767293894246e-02	1.111111111111111072e+01
3.020444500576564550e-01	-2.820594656800150257e-02	1.117117117117117076e+01
2.377775649701710514e-01	-8.554775721327846638e-02	1.123123123123123079e+01
1.722014646483190081e-01	-1.404486076689972773e-01	1.129129129129129083e+01
1.055469901861809390e-01	-1.927130606185793738e-01	1.135135135135135087e+01
3.803936234092299834e-02	-2.422084906394754156e-01	1.141141141141141091e+01
-3.009987855839356061e-02	-2.888561464126953582e-01	1.147147147147147095e+01
-9.865336487306713975e-02	-3.326249009533130407e-01	1.153153153153153099e+01
-1.674084204939389753e-01	-3.735240716469570565e-01	1.159159159159159103e+01
-2.361563776354339284e-01	-4.115970760665969563e-01	1.165165165165165106e+01
-3.046934539924860408e-01	-4.469151060210212467e-01	1.171171171171171110e+01
-3.728198647254218345e-01	-4.795709589117938543e-01	1.177177177177177114e+01
-4.403404384974005659e-01	-5.096740180559624633e-01	1.183183183183183118e+01
-5.070637230627821346e-01	-5.373452340062699895e-01	1.189189189189189122e+01
-5.728024723711332422e-01	-5.627133465977028903e-01	1.195195195195195126e+01
-6.373728594135732450e-01	-5.859111864650831114e-01	1.201201201201201130e+01
-7.005948845874243602e-01	-6.070730092235251396e-01	1.207207207207207134e+01
-7.622914727135010615e-01	-6.263319208437659880e-01	1.213213213213213137e+01
-8.222890935963058645e-01	-6.438179935790506736e-01	1.219219219219219141e+01
-8.804171089537904393e-01	-6.596574165816451174e-01	1.225225225225225145e+01
-9.365078993955954223e-01	-6.739706707292534293e-01	1.231231231231231149e+01
-9.903969905418532615e-01	-6.868719824301531274e-01	1.237237237237237153e+01
-1.041922997667896311e+00	-6.984687860621401345e-01	1.243243243243243157e+01
-1.090927262096807349e+00	-7.088620159581334734e-01	1.249249249249249161e+01
-1.137254715203319888e+00	-7.181440008388894070e-01	1.255255255255255165e+01
-1.180753288891619901e+00	-7.264000697662134076e-01	1.261261261261261168e+01
-1.221274359075750215e+00	-7.337075483222535999e-01	1.267267267267267172e+01
-1.258672976983255420e+00	-7.401366929389173732e-01	1.273273273273273176e+01
-1.292807860380585927e+00	-7.457504728150450291e-01	1.279279279279279180e+01
-1.323542062623258797e+00	-7.506043299005784597e-01	1.285285285285285362e+01
-1.350742799875530809e+00	-7.547463385096682131e-01	1.291291291291291365e+01
-1.374282181369875344e+00	-7.582173765210923344e-01	1.297297297297297369e+01
-1.394037115176191000e+00	-7.610510067344967711e-01	1.303303303303303373e+01
-1.409890163973791299e+00	-7.632735149148452969e-01	1.309309309309309377e+01
-1.421729132795504169e+00	-7.649039466256581932e-01	1.315315315315315381e+01
-1.429448315669136882e+00	-7.659536684785819283e-01	1.321321321321321385e+01
-1.432948900118492075e+00	-7.664262556165665208e-01	1.327327327327327389e+01
-1.432138756715404249e+00	-7.656180587820949901e-01	1.333333333333333393e+01
-1.426936543329048845e+00	-7.613636105320991110e-01	1.339339339339339396e+01
-1.417277836035532035e+00	-7.534575447737636988e-01	1.345345345345345400e+01
-1.403117559765237887e+00	-7.418503370189528656e-01	1.351351351351351404e+01
-1.384430319431302348e+00	-7.265027806011614686e-01	1.357357357357357408e+01
-1.361210511112242560e+00	-7.073865877657743439e-01	1.363363363363363412e+01
-1.333473224573319627e+00	-6.844857109572002329e-01	1.369369369369369416e+01
-1.301253989849690207e+00	-6.577971230175886364e-01	1.375375375375375420e+01
-1.264609346552690416e+00	-6.273325487886254326e-01	1.381381381381381424e+01
-1.223616888234780875e+00	-5.931198778651916026e-01	1.387387387387387427e+01
-1.178374262531903582e+00	-5.552040714473172045e-01	1.393393393393393431e+01
-1.129001319103559497e+00	-5.136505618356518310e-01	1.399399399399399435e+01
-1.075639018921553669e+00	-4.685467008182727100e-01	1.405405405405405439e+01
-1.018448082208869288e+00	-4.200023778915840666e-01	1.411411411411411443e+01
-9.576096034526940803e-01	-3.681525038899791658e-01	1.417417417417417447e+01
-8.933244440766539007e-01	-3.131582866109223207e-01	1.423423423423423451e+01
-8.258125547450040349e-01	-2.552081595815469672e-01	1.429429429429429455e+01
-7.553121973710505976e-01	-1.945182215191365305e-01	1.435435435435435458e+01
-6.820792195121394563e-01	-1.313320752911897593e-01	1.441441441441441462e+01
-6.063859473537467348e-01	-6.592068646718222957e-02	1.447447447447447466e+01
-5.285202372120113568e-01	-2.296259546237505028e-04	1.453453453453453470e+01
-4.487794490710741435e-01	6.580049090504408449e-02	1.459459459459459474e+01
-3.674652207927791570e-01	1.283600887914096156e-01	1.465465465465465478e+01
-2.848762118471026006e-01	1.871764026881504728e-01	1.471471471471471482e+01
-2.013046202457275391e-01	2.421621053101306320e-01	1.477477477477477485e+01
-1.170354011518146831e-01	2.933018778456433218e-01	1.483483483483483489e+01
-3.234587879575824554e-02	3.406410816369959682e-01	1.489489489489489493e+01
5.249423313859311740e-02	3.842731161324961509e-01	1.495495495495495497e+01
1.372221651870677017e-01	4.243295881010200055e-01	1.501501501501501501e+01
2.215828385180910465e-01	4.609706813302987816e-01	1.507507507507507505e+01
3.053284041266333682e-01	4.943762963418410483e-01	1.513513513513513509e+01
3.882173298609704060e-01	5.247390020455580117e-01	1.519519519519519513e+01
4.700143861086739649e-01	5.522577600621971783e-01	1.525525525525525516e+01
5.504909085362799104e-01	5.771331830614363501e-01	1.531531531531531520e+01
6.294236665941664866e-01	5.995633992759779041e-01	1.537537537537537524e+01
7.065951463917048425e-01	6.197416387107591573e-01	1.543543543543543528e+01
7.817931221987317603e-01	6.378531995104641528e-01	1.549549549549549532e+01
8.548104845294177689e-01	6.540741906913533077e-01	1.555555555555555536e+01
9.254448904260830222e-01	6.685711049235111281e-01	1.561561561561561540e+01
9.935002616656082308e-01	6.814976120381889269e-01	1.567567567567567544e+01
1.058784555780178938e+00	6.929973239450833988e-01	1.573573573573573547e+01
1.121110717458936534e+00	7.032024567412495930e-01	1.579579579579579551e+01
1.180296712612567189e+00	7.122341974423624933e-01	1.585585585585585555e+01
1.236165969451882285e+00	7.202027449817329785e-01	1.591591591591591559e+01
1.288547165747068624e+00	7.272078626763064380e-01	1.597597597597597563e+01
1.337274594097842995e+00	7.333393216123869074e-01	1.603603603603603744e+01
1.382188258415599336e+00	7.386770504067933230e-01	1.609609609609609748e+01
1.423134420227677222e+00	7.432919753015656550e-01	1.615615615615615752e+01
1.459965703602376319e+00	7.472461959381642149e-01	1.621621621621621756e+01
1.492541557545314035e+00	7.505935695524390550e-01	1.627627627627627760e+01
1.520728293391287789e+00	7.533797562870410136e-01	1.633633633633633764e+01
1.544399879192880132e+00	7.556428237873111797e-01	1.639639639639639768e+01
1.563437787790013855e+00	7.574131179589497220e-01	1.645645645645645772e+01
1.577731955548239862e+00	7.587136733136148337e-01	1.651651651651651775e+01
1.587180613902083870e+00	7.595599218424915477e-01	1.657657657657657779e+01
1.591690974985716212e+00	7.599600240589647893e-01	1.663663663663663783e+01
1.591179031202310634e+00	7.593238479145696385e-01	1.669669669669669787e+01
1.585574298177761854e+00	7.552212712225802038e-01	1.675675675675675791e+01
1.574826157926032755e+00	7.473469641091067261e-01	1.681681681681681795e+01
1.558906187667434384e+00	7.356673019793273927e-01	1.687687687687687799e+01
1.537808644163929372e+00	7.201593614911325769e-01	1.693693693693693803e+01
1.511550578179095439e+00	7.008115604595365200e-01	1.699699699699699806e+01
1.480172151530495750e+00	6.776246586313658948e-01	1.705705705705705810e+01
1.443737016629029313e+00	6.506131001475942144e-01	1.711711711711711814e+01
1.402331944215147397e+00	6.198060496308681611e-01	1.717717717717717818e+01
1.356067089262519509e+00	5.852491300906036420e-01	1.723723723723723822e+01
1.305075622006318659e+00	5.470058780613293870e-01	1.729729729729729826e+01
1.249513713495441714e+00	5.051596038197875282e-01	1.735735735735735830e+01
1.189560070821854998e+00	4.598149879010660634e-01	1.741741741741741833e+01
1.125415475389174080e+00	4.110996678399769788e-01	1.747747747747747837e+01
1.057302210562272471e+00	3.591656470747101038e-01	1.753753753753753841e+01
9.854634649284543801e-01	3.041905106680679038e-01	1.759759759759759845e+01
9.101619867088454052e-01	2.463775694118612858e-01	1.765765765765765849e+01
8.316796798153719417e-01	1.859565553095881285e-01	1.771771771771771853e+01
7.503166840782322655e-01	1.231833165507388445e-01	1.777777777777777857e+01
6.663897670665325235e-01	5.833835596087354192e-02	1.783783783783783861e+01
5.802306968978407919e-01	-3.250850901059578954e-03	1.789789789789789864e+01
4.921744686550220127e-01	-6.801118736599844061e-02	1.795795795795795868e+01
4.025604967784764399e-01	-1.290192132089796329e-01	1.801801801801801872e+01
3.117253044607403156e-01	-1.860694537866879883e-01	1.807807807807807876e+01
2.200042815797025042e-01	-2.391223560240486046e-01	1.813813813813813880e+01
1.277219261994293198e-01	-2.882087386767094306e-01	1.819819819819819884e+01
3.519425334089403001e-02	-3.334157955815359453e-01	1.825825825825825888e+01
-5.727114174642975591e-02	-3.748749384231218618e-01	1.831831831831831892e+01
-1.493751008126376345e-01	-4.127507720589301821e-01	1.837837837837837895e+01
-2.408268137970135947e-01	-4.472313885851116888e-01	1.843843843843843899e+01
-3.313437764174716471e-01	-4.785199213331287060e-01	1.849849849849849903e+01
-4.206512255593329863e-01	-5.068276053577771556e-01	1.855855855855855907e+01
-5.084823322007299140e-01	-5.323680805169221930e-01	1.861861861861861911e+01
-5.945774997850906685e-01	-5.553527653164721523e-01	1.867867867867867915e+01
-6.786849698006937048e-01	-5.759871038141818334e-01	1.873873873873873919e+01
-7.605595529873501182e-01	-5.944690823057964257e-01	1.879879879879879923e+01
-8.399633909127584008e-01	-6.109861891262731159e-01	1.885885885885885926e+01
-9.166657575681644854e-01	-6.257145932776170261e-01	1.891891891891891930e+01
-9.904429449235103711e-01	-6.388185118118325789e-01	1.897897897897897934e+01
-1.061077738383906066e+00	-6.504508169363136805e-01	1.903903903903903938e+01
-1.128361284637988904e+00	-6.607499311689332133e-01	1.909909909909909942e+01
-1.192091371525850763e+00	-6.698434327746410899e-01	1.915915915915915946e+01
-1.252073866966105342e+00	-6.778457079316730916e-01	1.921921921921921950e+01
-1.308121400160662029e+00	-6.848613994311800734e-01	1.927927927927927954e+01
-1.360054802217369296e+00	-6.909836025847212460e-01	1.933933933933933957e+01
-1.407703354060356515e+00	-6.962950257926422415e-01	1.939939939939939961e+01
-1.450905123725113599e+00	-7.008685956426942143e-01	1.945945945945945965e+01
-1.489507073384780611e+00	-7.047677196123591781e-01	1.951951951951951969e+01
-1.523365093768586975e+00	-7.080471083784796171e-01	1.957957957957957973e+01
-1.552344322315224678e+00	-7.107526695384999149e-01	1.963963963963963977e+01
-1.576320010891443246e+00	-7.129223682234299142e-01	1.969969969969969981e+01
-1.595177739321725463e+00	-7.145860924499164435e-01	1.975975975975975985e+01
-1.608814012154363926e+00	-7.157660653875953516e-01	1.981981981981981988e+01
-1.617136151782657905e+00	-7.164767830653792080e-01	1.987987987987987992e+01
-1.620062896606146552e+00	-7.167250482922684629e-01	1.993993993993993996e+01
-1.617525024334028450e+00	-7.150255281181630007e-01	2.000000000000000000e+01
-1.609471130057441135e+00	-7.096455162612381740e-01	2.006006006006006004e+01
-1.595872654060352280e+00	-7.005528003867687037e-01	2.012012012012012008e+01
-1.576725541672500785e+00	-6.877311524241226381e-01	2.018018018018018012e+01
-1.552049993981990506e+00	-6.711755201399585147e-01	2.024024024024024015e+01
-1.521890828599109291e+00	-6.508928780827827332e-01	2.030030030030030019e+01
-1.486317328849916075e+00	-6.269030472651222485e-01	2.036036036036036023e+01
-1.445423618284312761e+00	-5.992399837799492479e-01	2.042042042042042027e+01
-1.399327907019583206e+00	-5.679526195203529193e-01	2.048048048048048031e+01
-1.348172956677105017e+00	-5.331066270535933516e-01	2.054054054054054035e+01
-1.292125311821973099e+00	-4.947855168981118990e-01	2.060060060060060039e+01
-1.231374536827083199e+00	-4.530917530033770624e-01	2.066066066066066043e+01
-1.166133696381383311e+00	-4.081487787932836508e-01	2.072072072072072046e+01
-1.096638020708193828e+00	-3.601017159726977446e-01	2.078078078078078050e+01
-1.023144099187058398e+00	-3.091182116093760257e-01	2.084084084084084054e+01
-9.459290927719516962e-01	-2.553890947105896259e-01	2.090090090090090058e+01
-8.652897416153616517e-01	-1.991285555903915816e-01	2.096096096096096062e+01
-7.815412721763892456e-01	-1.405738358837484991e-01	2.102102102102102066e+01
-6.950155309883773169e-01	-7.998378178812483308e-02	2.108108108108108070e+01
-6.060608831525819973e-01	-1.771912268814270983e-02	2.114114114114114074e+01
-5.150296356442354284e-01	3.484382941422619478e-02	2.120120120120120077e+01
-4.222667051496223900e-01	9.435106246817610842e-02	2.126126126126126081e+01
-3.281375006985189358e-01	1.501275985533449819e-01	2.132132132132132085e+01
-2.330020099348639184e-01	2.021093796471348514e-01	2.138138138138138089e+01
-1.372131299608539412e-01	2.503027059141657573e-01	2.144144144144144093e+01
-4.111549576279728557e-02	2.947721151972078624e-01	2.150150150150150097e+01
5.495461938092865289e-02	3.356274071068826026e-01	2.156156156156156101e+01
1.506692398315344072e-01	3.730139875264362748e-01	2.162162162162162105e+01
2.457089725377062661e-01	4.071026377915241135e-01	2.168168168168168108e+01
3.397631459911614193e-01	4.380810547807031385e-01	2.174174174174174112e+01
4.325295464337208240e-01	4.661471389735493687e-01	2.180180180180180116e+01
5.237142403836039239e-01	4.915028319861788342e-01	2.186186186186186120e+01
6.130320141027593150e-01	5.143492914020114659e-01	2.192192192192192124e+01
7.002052047835137794e-01	5.348836883256242736e-01	2.198198198198198128e+01
7.849649282284284491e-01	5.532962588175047713e-01	2.204204204204204132e+01
8.670506102350135080e-01	5.697679977188390144e-01	2.210210210210210136e+01
9.462099168467177357e-01	5.844696906536845926e-01	2.216216216216216139e+01
1.022198648423020328e+00	5.975611088184051845e-01	2.222222222222222143e+01
1.094782516632269553e+00	6.091887286741948238e-01	2.228228228228228147e+01
1.163735211182874485e+00	6.194880628919263721e-01	2.234234234234234151e+01
1.228839494211003469e+00	6.285829542676028003e-01	2.240240240240240155e+01
1.289887251253812428e+00	6.365855957631736395e-01	2.246246246246246159e+01
1.346679786090487552e+00	6.435968355618798542e-01	2.252252252252252163e+01
1.399028547100811481e+00	6.497068514057674493e-01	2.258258258258258167e+01
1.446755258862642446e+00	6.549956380117976096e-01	2.264264264264264170e+01
1.489691883498909020e+00	6.595329744735239919e-01	2.270270270270270174e+01
1.527681202272291872e+00	6.633797178835703079e-01	2.276276276276276178e+01
1.560576818482113159e+00	6.665873601497736001e-01	2.282282282282282182e+01
1.588244192388117426e+00	6.691991666670590311e-01	2.288288288288288186e+01
1.610560457270240997e+00	6.712498112345474111e-01	2.294294294294294190e+01
1.627415358870314632e+00	6.727661363631822766e-01	2.300300300300300194e+01
1.638711401332579642e+00	6.737668948336830166e-01	2.306306306306306197e+01
1.644365042494453144e+00	6.742629196378716605e-01	2.312312312312312201e+01
1.644304774520004120e+00	6.738589826539405081e-01	2.318318318318318205e+01
1.638474840325883086e+00	6.702515894451215317e-01	2.324324324324324209e+01
1.626842927755178803e+00	6.630491291492652817e-01	2.330330330330330213e+01
1.609401722334661944e+00	6.522372817838403281e-01	2.336336336336336217e+01
1.586169377397297353e+00	6.378129135803133343e-01	2.342342342342342221e+01
1.557189636995703230e+00	6.197846586883895004e-01	2.348348348348348225e+01
1.522531811194746565e+00	5.981736192989067780e-01	2.354354354354354228e+01
1.482290693176170793e+00	5.730142328609171276e-01	2.360360360360360232e+01
1.436586389109702377e+00	5.443552676625886821e-01	2.366366366366366236e+01
1.385564050325554852e+00	5.122609106799576040e-01	2.372372372372372240e+01
1.329393503808216082e+00	4.768119064228414361e-01	2.378378378378378244e+01
1.268268777334974784e+00	4.381066962819707422e-01	2.384384384384384248e+01
1.202407510575963956e+00	3.962624981780947242e-01	2.390390390390390252e+01
1.132050199420440606e+00	3.514162170341555980e-01	2.396396396396396256e+01
1.057459510066743436e+00	3.037252793337295587e-01	2.402402402402402259e+01
9.789193867292113049e-01	2.533681438795423735e-01	2.408408408408408263e+01
8.967338600738287147e-01	2.005443448361129699e-01	2.414414414414414267e+01
8.112258962146382535e-01	1.454741951594852867e-01	2.420420420420420271e+01
7.227360301223719752e-01	8.839799254734521938e-02	2.426426426426426275e+01
6.316212504055244148e-01	2.958382245004471944e-02	2.432432432432432279e+01
5.382463526755476568e-01	-1.334702660312167902e-02	2.438438438438438283e+01
4.429520327098546151e-01	-7.111589783310462431e-02	2.444444444444444287e+01
3.461087777394054044e-01	-1.254293461273466859e-01	2.450450450450450290e+01
2.480964130894773856e-01	-1.761614505880219617e-01	2.456456456456456294e+01
1.492868434000707845e-01	-2.232957174442923021e-01	2.462462462462462298e+01
5.004452852375911032e-02	-2.668742161605538454e-01	2.468468468468468302e+01
-4.927361052493706151e-02	-3.069860734938672508e-01	2.474474474474474306e+01
-1.483189782417351221e-01	-3.437571661932124489e-01	2.480480480480480310e+01
-2.467507756790397744e-01	-3.773403780458715606e-01	2.486486486486486314e+01
-3.442370741333414252e-01	-4.079076878038424558e-01	2.492492492492492318e+01
-4.404542940638900284e-01	-4.356424850688062067e-01	2.498498498498498321e+01
-5.350874099680841267e-01	-4.607342316470453003e-01	2.504504504504504325e+01
-6.278300494017500233e-01	-4.833733983362430986e-01	2.510510510510510329e+01
-7.183849414812728540e-01	-5.037473800557068504e-01	2.516516516516516333e+01
-8.064627082627570109e-01	-5.220383813836757536e-01	2.522522522522522337e+01
-8.917835268881170174e-01	-5.384204282529639896e-01	2.528528528528528341e+01
-9.740766832665205266e-01	-5.530580685614764347e-01	2.534534534534534345e+01
-1.053080640819072711e+00	-5.661054535888788708e-01	2.540540540540540349e+01
-1.128542402121651689e+00	-5.777067593326172812e-01	2.546546546546546352e+01
-1.200220680471888013e+00	-5.879926259373020603e-01	2.552552552552552356e+01
-1.267883067772913819e+00	-5.970837186789937912e-01	2.558558558558558360e+01
-1.331307954302675789e+00	-6.050889392969043268e-01	2.564564564564564719e+01
-1.390283560322626899e+00	-6.121071766961919680e-01	2.570570570570570723e+01
-1.444610008365380782e+00	-6.182265459093229110e-01	2.576576576576576727e+01
-1.494098465293231426e+00	-6.235251122987360839e-01	2.582582582582582731e+01
-1.538571262851837984e+00	-6.280712614449552866e-01	2.588588588588588735e+01
-1.577863694127564997e+00	-6.319242876866713043e-01	2.594594594594594739e+01
-1.611824002390535915e+00	-6.351347723751252783e-01	2.600600600600600742e+01
-1.640312591633952044e+00	-6.377447673763011471e-01	2.606606606606606746e+01
-1.663203389138203647e+00	-6.397881858230641816e-01	2.612612612612612750e+01
-1.680383991530423060e+00	-6.412910036422971860e-01	2.618618618618618754e+01
-1.691756069004415775e+00	-6.422713867882663408e-01	2.624624624624624758e+01
-1.697235730800319864e+00	-6.427397304139456091e-01	2.630630630630630762e+01
-1.696746202889258370e+00	-6.421999051192636143e-01	2.636636636636636766e+01
-1.690250067631779762e+00	-6.384476602884763263e-01	2.642642642642642770e+01
-1.677712651127593046e+00	-6.312010843530191373e-01	2.648648648648648773e+01
-1.659132703491174032e+00	-6.204503856038184884e-01	2.654654654654654777e+01
-1.634535320446463214e+00	-6.061969529605394369e-01	2.660660660660660781e+01
-1.603971999902425560e+00	-5.884538696380968714e-01	2.666666666666666785e+01
-1.567520607565964674e+00	-5.672465669666107990e-01	2.672672672672672789e+01
-1.525285247419047252e+00	-5.426136022019110161e-01	2.678678678678678793e+01
-1.477396034254914170e+00	-5.146075374426342108e-01	2.684684684684684797e+01
-1.424008765310225577e+00	-4.832958889313127004e-01	2.690690690690690801e+01
-1.365304487985565807e+00	-4.487621079608007379e-01	2.696696696696696804e+01
-1.301488965732347403e+00	-4.111065510094429332e-01	2.702702702702702808e+01
-1.232792076755380162e+00	-3.704474014081364786e-01	2.708708708708708812e+01
-1.159466908955497200e+00	-3.269213544999558518e-01	2.714714714714714816e+01
-1.081788666060652826e+00	-2.806840408651040120e-01	2.720720720720720820e+01
-1.000054459376721550e+00	-2.319108634606611985e-01	2.726726726726726824e+01
-9.145831029649413857e-01	-1.807975304097656222e-01	2.732732732732732828e+01
-8.257117989999378516e-01	-1.275584382797385063e-01	2.738738738738738832e+01
-7.337892572397161084e-01	-7.242207021791814692e-02	2.744744744744744835e+01
-6.391908260271381703e-01	-1.689040492148106976e-02	2.750750750750750839e+01
-5.422806640735596817e-01	1.632159260914320398e-02	2.756756756756756843e+01
-4.433926070893667304e-01	7.171850579530011927e-02	2.762762762762762847e+01
-3.429133268935543599e-01	1.237900938119007865e-01	2.768768768768768851e+01
-2.412348966770264114e-01	1.723985219052834583e-01	2.774774774774774855e+01
-1.387432971667411641e-01	2.175353364791575428e-01	2.780780780780780859e+01
-3.581758459454277566e-02	2.592470609196372289e-01	2.786786786786786863e+01
6.717039457036515226e-02	2.976243795820223692e-01	2.792792792792792866e+01
1.698566446465189228e-01	3.327922430230162432e-01	2.798798798798798870e+01
2.718853447739558171e-01	3.649004232597110042e-01	2.804804804804804874e+01
3.729089604958412130e-01	3.941164666281908868e-01	2.810810810810810878e+01
4.725883418530007485e-01	4.206182640622880831e-01	2.816816816816816882e+01
5.705932057086448017e-01	4.445889300559479618e-01	2.822822822822822886e+01
6.666021039938682113e-01	4.662120763952797287e-01	2.828828828828828890e+01
7.603029088890603804e-01	4.856679964997591692e-01	2.834834834834834894e+01
8.513918322763113222e-01	5.031315931892813564e-01	2.840840840840840897e+01
9.395749288454955384e-01	5.187699698671751625e-01	2.846846846846846901e+01
1.024568104173799954e+00	5.327407890916729949e-01	2.852852852852852905e+01
1.106096934533630893e+00	5.451917474972344246e-01	2.858858858858858909e+01
1.183896783175430789e+00	5.562600743557249983e-01	2.864864864864864913e+01
1.257714971695909956e+00	5.660706113138102014e-01	2.870870870870870917e+01
1.327308742728458002e+00	5.747382503181643898e-01	2.876876876876876921e+01
1.392447076651250448e+00	5.823669708162152459e-01	2.882882882882882924e+01
1.452910197430084205e+00	5.890506266965498394e-01	2.888888888888888928e+01
1.508490351788406514e+00	5.948727877122004237e-01	2.894894894894894932e+01
1.558992327494583607e+00	5.999073326482043944e-01	2.900900900900900936e+01
1.604233922571545845e+00	6.042188540628034010e-01	2.906906906906906940e+01
1.644046321040020908e+00	6.078632171642937010e-01	2.912912912912912944e+01
1.678274372449333862e+00	6.108878803824567827e-01	2.918918918918918948e+01
1.706776999786350890e+00	6.133320594172680940e-01	2.924924924924924952e+01
1.729427689106513233e+00	6.152272200675017455e-01	2.930930930930930955e+01
1.746114904199907336e+00	6.165971575691421291e-01	2.936936936936936959e+01
1.756742350705803757e+00	6.174581289344961421e-01	2.942942942942942963e+01
1.761229210062707162e+00	6.178189525405589633e-01	2.948948948948948967e+01
1.759510940643880916e+00	6.168162870115458940e-01	2.954954954954954971e+01
1.751542967054256161e+00	6.125003822754108151e-01	2.960960960960960975e+01
1.737306281873448155e+00	6.047836306169313003e-01	2.966966966966966979e+01
1.716809083734888608e+00	5.936615389345788474e-01	2.972972972972972983e+01
1.690086899979482915e+00	5.791408319983720743e-01	2.978978978978978986e+01
1.657202056417901748e+00	5.612396998289360672e-01	2.984984984984984990e+01
1.618243933581661187e+00	5.399885591940646323e-01	2.990990990990990994e+01
1.573330183224749490e+00	5.154313717337865031e-01	2.996996996996996998e+01
1.522602822636361708e+00	4.876249974484985206e-01	3.003003003003003002e+01
1.466229737729382920e+00	4.566405886548027260e-01	3.009009009009009006e+01
1.404407148869178501e+00	4.225658725280271311e-01	3.015015015015015010e+01
1.337354430307813757e+00	3.855039858211581350e-01	3.021021021021021014e+01
1.265315960478124557e+00	3.455753600833519346e-01	3.027027027027027017e+01
1.188559646120543656e+00	3.029180343019022281e-01	3.033033033033033021e+01
1.107376327635970714e+00	2.576883027362921741e-01	3.039039039039039025e+01
1.022077429776091506e+00	2.100598549252435387e-01	3.045045045045045029e+01
9.329949451987483711e-01	1.602246098844454791e-01	3.051051051051051033e+01
8.404792069353915762e-01	1.083913711730834228e-01	3.057057057057057037e+01
7.448996894057156037e-01	5.478689280391451505e-02	3.063063063063063041e+01
6.466407041751192075e-01	9.730314914044182681e-03	3.069069069069069045e+01
5.460572749308559848e-01	-1.939632139758131618e-02	3.075075075075075048e+01
4.434814958175523070e-01	-7.275492306938173559e-02	3.081081081081081052e+01
3.393142368469800330e-01	-1.228683003050675404e-01	3.087087087087087056e+01
2.339611312895305550e-01	-1.695921295974213427e-01	3.093093093093093060e+01
1.278218275011192839e-01	-2.129309329255279770e-01	3.099099099099099064e+01
2.128913031240118811e-02	-2.529405905470770710e-01	3.105105105105105068e+01
-8.525126800740157051e-02	-2.897179400695277240e-01	3.111111111111111072e+01
-1.914214624101990003e-01	-3.233912590538337017e-01	3.117117117117117076e+01
-2.968517131960152766e-01	-3.541116002975807087e-01	3.123123123123123079e+01
-4.011805318671838316e-01	-3.820454174900047017e-01	3.129129129129129083e+01
-5.040553895883205238e-01	-4.073683758594301429e-01	3.135135135135135087e+01
-6.051323552096183889e-01	-4.302597892930602463e-01	3.141141141141141091e+01
-7.040768806238609789e-01	-4.508987763245114744e-01	3.147147147147147095e+01
-8.005635839086362449e-01	-4.694608038937642114e-01	3.153153153153153099e+01
-8.942772247149304299e-01	-4.861151086442714320e-01	3.159159159159159103e+01
-9.849124777067737035e-01	-5.010227368160914407e-01	3.165165165165165106e+01
-1.072174215106544981e+00	-5.143354059780048670e-01	3.171171171171171110e+01
-1.155777676332998327e+00	-5.261947461956669736e-01	3.177177177177177114e+01
-1.235449242646893042e+00	-5.367317443642143360e-01	3.183183183183183118e+01
-1.310927015495641834e+00	-5.460666603358701465e-01	3.189189189189189122e+01
-1.381960976689136089e+00	-5.543090978542459801e-01	3.195195195195195126e+01
-1.448312893176020744e+00	-5.615580892038287697e-01	3.201201201201201485e+01
-1.509757564635613836e+00	-5.679027093553733474e-01	3.207207207207207489e+01
-1.566082206718226288e+00	-5.734218084920427172e-01	3.213213213213213493e+01
-1.617088383551794628e+00	-5.781854660797256518e-01	3.219219219219219497e+01
-1.662591006908348046e+00	-5.822542449749310567e-01	3.225225225225225500e+01
-1.702419995895432470e+00	-5.856807688750862440e-01	3.231231231231231504e+01
-1.736419561610760054e+00	-5.885090038743101548e-01	3.237237237237237508e+01
-1.764449713431861522e+00	-5.907755157562064596e-01	3.243243243243243512e+01
-1.786385673862851853e+00	-5.925089750794225729e-01	3.249249249249249516e+01
-1.802119103261522692e+00	-5.937308744333543720e-01	3.255255255255255520e+01
-1.811558203377191534e+00	-5.944553421188863984e-01	3.261261261261261524e+01
-1.814627728953918773e+00	-5.946884090829284153e-01	3.267267267267267528e+01
-1.811269003983619896e+00	-5.929747107994604027e-01	3.273273273273273531e+01
-1.801447069105440946e+00	-5.879621100175158599e-01	3.279279279279279535e+01
-1.785154003505497133e+00	-5.796408549590135184e-01	3.285285285285285539e+01
-1.762409616783947142e+00	-5.680121407123153165e-01	3.291291291291291543e+01
-1.733261649788009784e+00	-5.530882857540452280e-01	3.297297297297297547e+01
-1.697785300572224543e+00	-5.348930207764758249e-01	3.303303303303303551e+01
-1.656083472111051558e+00	-5.134622276971888555e-01	3.309309309309309555e+01
-1.608286572832156480e+00	-4.888446121288104740e-01	3.315315315315315559e+01
-1.554551736713370991e+00	-4.611022264273363924e-01	3.321321321321321562e+01
-1.495063202025357141e+00	-4.303115711429578716e-01	3.327327327327327566e+01
-1.430030374268645321e+00	-3.965636776378391737e-01	3.333333333333333570e+01
-1.359687664477066793e+00	-3.599650148031718344e-01	3.339339339339339574e+01
-1.284294821602974146e+00	-3.206387070891340008e-01	3.345345345345345578e+01
-1.204134804191676178e+00	-2.787243291563480385e-01	3.351351351351351582e+01
-1.119513150649920741e+00	-2.343782924579512206e-01	3.357357357357357586e+01
-1.030756588262645490e+00	-1.877737643649757537e-01	3.363363363363363590e+01
-9.382123655545514529e-01	-1.391007327069263000e-01	3.369369369369369593e+01
-8.422457364191515694e-01	-8.856485537704035516e-02	3.375375375375375597e+01
-7.432403549292899703e-01	-3.644660137260688493e-02	3.381381381381381601e+01
-6.415887455316229282e-01	-6.305228872484057619e-03	3.387387387387387605e+01
-5.376254455740915317e-01	2.105020958578790805e-02	3.393393393393393609e+01
-4.316877953402439294e-01	7.252958471142410823e-02	3.399399399399399613e+01
-3.241897476563893599e-01	1.208897184203437392e-01	3.405405405405405617e+01
-2.155499210254174791e-01	1.659217574654015814e-01	3.411411411411411621e+01
-1.061810109806961555e-01	2.076434601604110475e-01	3.417417417417417624e+01
3.511154484994817582e-03	2.461197470345398708e-01	3.423423423423423628e+01
1.131279959869499058e-01	2.814543908758971869e-01	3.429429429429429632e+01
2.222786398312281975e-01	3.137792315550431699e-01	3.435435435435435636e+01
3.305808155319125419e-01	3.432468809457606684e-01	3.441441441441441640e+01
4.376608049315589555e-01	3.700236020330737174e-01	3.447447447447447644e+01
5.431539051884780589e-01	3.942831090097757007e-01	3.453453453453453648e+01
6.467043292354556216e-01	4.162014413431867621e-01	3.459459459459459651e+01
7.479662165856193479e-01	4.359536904868756557e-01	3.465465465465465655e+01
8.466035288171763762e-01	4.537105872179493238e-01	3.471471471471471659e+01
9.422897563957475242e-01	4.696366832074106434e-01	3.477477477477477663e+01
1.034710712502935115e+00	4.838872569341573504e-01	3.483483483483483667e+01
1.123562497709977626e+00	4.966084733126956419e-01	3.489489489489489671e+01
1.208552380882935706e+00	5.079363429357598436e-01	3.495495495495495675e+01
1.289399082999753254e+00	5.179964768820205512e-01	3.501501501501501679e+01
1.365834050820100121e+00	5.269038103461985978e-01	3.507507507507507682e+01
1.437602014954678875e+00	5.347628631281821088e-01	3.513513513513513686e+01
1.504460220480838162e+00	5.416678612008895000e-01	3.519519519519519690e+01
1.566179179335611904e+00	5.477030879801140228e-01	3.525525525525525694e+01
1.622543891526186943e+00	5.529433518797051139e-01	3.531531531531531698e+01
1.673354691066623268e+00	5.574544817644886407e-01	3.537537537537537702e+01
1.718426538571048878e+00	5.612936095417861981e-01	3.543543543543543706e+01
1.757589385467178467e+00	5.645095589867009656e-01	3.549549549549549710e+01
1.790689004775352755e+00	5.671432375171371332e-01	3.555555555555555713e+01
1.817588455128794189e+00	5.692280532842557417e-01	3.561561561561561717e+01
1.838167975107794838e+00	5.707901150160845649e-01	3.567567567567567721e+01
1.852323417796193361e+00	5.718482516261769177e-01	3.573573573573573725e+01
1.859969080933645769e+00	5.724143022534273761e-01	3.579579579579579729e+01
1.861037884307146228e+00	5.723373226624315357e-01	3.585585585585585733e+01
1.855480948143263920e+00	5.696531264652950899e-01	3.591591591591591737e+01
1.843275079398966732e+00	5.637545791912016435e-01	3.597597597597597741e+01
1.824425195174769865e+00	5.546380689609453629e-01	3.603603603603603744e+01
1.798964729932286399e+00	5.423107342806605669e-01	3.609609609609609748e+01
1.766955750961007210e+00	5.267908222034464183e-01	3.615615615615615752e+01
1.728487916203677477e+00	5.081078786248339751e-01	3.621621621621621756e+01
1.683679356599152133e+00	4.863035666006989555e-01	3.627627627627627760e+01
1.632675764413752839e+00	4.614320374105959632e-01	3.633633633633633764e+01
1.575650322722648156e+00	4.335608039220273380e-01	3.639639639639639768e+01
1.512802731852887606e+00	4.027711118122180300e-01	3.645645645645645772e+01
1.444358606634350783e+00	3.691585772508185204e-01	3.651651651651651775e+01
1.370568576486644430e+00	3.328336353588877139e-01	3.657657657657657779e+01
1.291708412336493472e+00	2.939225678076136106e-01	3.663663663663663783e+01
1.208076882909106420e+00	2.525671463238787773e-01	3.669669669669669787e+01
1.119995055933528105e+00	2.089249193042149455e-01	3.675675675675675791e+01
1.027805240258619968e+00	1.631691951981437128e-01	3.681681681681681795e+01
9.318697147917321955e-01	1.154886504419074672e-01	3.687687687687687799e+01
8.325694149255535859e-01	6.608684758496508049e-02	3.693693693693693803e+01
7.303023701201558637e-01	1.967158118390975596e-02	3.699699699699699806e+01
6.254514072129868651e-01	3.545891059804072518e-03	3.705705705705705810e+01
5.183299372547969242e-01	-2.331567758165773233e-02	3.711711711711711814e+01
4.092886037665654508e-01	-7.302363187982824355e-02	3.717717717717717818e+01
2.987529478151201845e-01	-1.197242120288979222e-01	3.723723723723723822e+01
1.871533475359208332e-01	-1.631485969584529627e-01	3.729729729729729826e+01
7.491499686422196935e-02	-2.033283505808353986e-01	3.735735735735735830e+01
-3.754434222748474770e-02	-2.403393280667432130e-01	3.741741741741741833e+01
-1.498145144173894938e-01	-2.742924163975393181e-01	3.747747747747747837e+01
-2.614933542165987501e-01	-3.053240546797763577e-01	3.753753753753753841e+01
-3.721874678522468227e-01	-3.335892542920010362e-01	3.759759759759759845e+01
-4.815122166785015811e-01	-3.592541284147022784e-01	3.765765765765765849e+01
-5.890924452685053492e-01	-3.824908743944845368e-01	3.771771771771771853e+01
-6.945627171157719992e-01	-4.034730729998507459e-01	3.777777777777777857e+01
-7.975673240640618333e-01	-4.223719531798114657e-01	3.783783783783783861e+01
-8.977617284285480670e-01	-4.393538833625754148e-01	3.789789789789789864e+01
-9.948122103727163879e-01	-4.545778650922126518e-01	3.795795795795795868e+01
-1.088396289789140603e+00	-4.681943231795659965e-01	3.801801801801801872e+01
-1.178203207451082868e+00	-4.803440622547150429e-01	3.807807807807807876e+01
-1.263934295750044345e+00	-4.911576844461882363e-01	3.813813813813813880e+01
-1.345303692368785331e+00	-5.007553087962254290e-01	3.819819819819819884e+01
-1.422038202694555720e+00	-5.092466915749025436e-01	3.825825825825825888e+01
-1.493878682624049770e+00	-5.167313533281914228e-01	3.831831831831831892e+01
-1.560580079979729362e+00	-5.232985469746537222e-01	3.837837837837837895e+01
-1.621912010613640653e+00	-5.290280901696267080e-01	3.843843843843843899e+01
-1.677659145330566259e+00	-5.339904262082540987e-01	3.849849849849849903e+01
-1.727621804964483587e+00	-5.382472435441275627e-01	3.855855855855855907e+01
-1.771616483925394059e+00	-5.418518443042300570e-01	3.861861861861861911e+01
-1.809476155086707339e+00	-5.448494331400520752e-01	3.867867867867867915e+01
-1.841050969042711039e+00	-5.472776915271807541e-01	3.873873873873873919e+01
-1.866208319916224934e+00	-5.491666305083915400e-01	3.879879879879879923e+01
-1.884834090629721182e+00	-5.505394812556331230e-01	3.885885885885885926e+01
-1.896832491422240752e+00	-5.514125266175453621e-01	3.891891891891891930e+01
-1.902125886230735974e+00	-5.517948880730600969e-01	3.897897897897897934e+01
-1.900655395808491743e+00	-5.510102345127397827e-01	3.903903903903903938e+01
-1.892384490566453525e+00	-5.472097734527313628e-01	3.909909909909909942e+01
-1.877304358272412044e+00	-5.402766975630534096e-01	3.915915915915915946e+01
-1.855434878286881029e+00	-5.302136268589545676e-01	3.921921921921921950e+01
-1.826824849910975601e+00	-5.170338343245645119e-01	3.927927927927927954e+01
-1.791552238627893034e+00	-5.007616996601459425e-01	3.933933933933933957e+01
-1.749723358923719996e+00	-4.814329536939947474e-01	3.939939939939939961e+01
-1.701471592269541810e+00	-4.590947240265398910e-01	3.945945945945945965e+01
-1.646960424889227781e+00	-4.338073639058084852e-01	3.951951951951951969e+01
-1.586379209106295596e+00	-4.056435948481891263e-01	3.957957957957957973e+01
-1.519944520214162598e+00	-3.746898437063607701e-01	3.963963963963963977e+01
-1.447899191223402715e+00	-3.410466585262159067e-01	3.969969969969969981e+01
-1.370511121396555954e+00	-3.048289279456498635e-01	3.975975975975975985e+01
-1.288072270618860093e+00	-2.661662023418061018e-01	3.981981981981981988e+01
-1.200897813049064178e+00	-2.252029160840600397e-01	3.987987987987987992e+01
-1.109325329874169874e+00	-1.820985515228056573e-01	3.993993993993993996e+01
-1.013712877461951933e+00	-1.370270536511400961e-01	4.000000000000000000e+01
-9.144377177647408095e-01	-9.017634246613272231e-02	4.006006006006006004e+01
-8.118955926775516252e-01	-4.188039488842396768e-02	4.012012012012012008e+01
-7.064922315678207054e-01	-1.207531542245262116e-02	4.018018018018018012e+01
-5.985825066860692711e-01	-1.091698350659465327e-03	4.024024024024024015e+01
-4.884720879182124498e-01	2.551924419297670749e-02	4.030030030030030019e+01
-3.765257249172885845e-01	7.360416824755172671e-02	4.036036036036036023e+01
-2.631817692210705606e-01	1.188045351170021885e-01	4.042042042042042027e+01
-1.488825252414549827e-01	1.607675482377273479e-01	4.048048048048048031e+01
-3.406358343759827156e-02	1.995388110417681549e-01	4.054054054054054035e+01
8.084646956935090389e-02	2.352059596838225741e-01	4.060060060060060039e+01
1.954268862955541586e-01	2.678875595926849540e-01	4.066066066066066043e+01
3.092656644569155011e-01	2.977256767066724930e-01	4.072072072072072046e+01
4.219594890935698950e-01	3.248780795542251520e-01	4.078078078078078050e+01
5.331144965995550100e-01	3.495118733459578464e-01	4.084084084084084054e+01
6.423466654148330957e-01	3.717983556489046215e-01	4.090090090090090058e+01
7.492823841567349819e-01	3.919089955704004313e-01	4.096096096096096062e+01
8.535584812583216774e-01	4.100120253077040311e-01	4.102102102102102066e+01
9.548229986652767565e-01	4.262697776915915227e-01	4.108108108108108070e+01
1.052736012920668429e+00	4.408367452238886597e-01	4.114114114114114074e+01
1.146969329190804077e+00	4.538584484233711414e-01	4.120120120120120077e+01
1.237207133575982443e+00	4.654707440949668595e-01	4.126126126126126081e+01
1.323147258587085817e+00	4.757992021490069501e-01	4.132132132132132085e+01
1.404500755994489980e+00	4.849589610005337614e-01	4.138138138138138089e+01
1.480992700679746532e+00	4.930548124943057720e-01	4.144144144144144093e+01
1.552362356625530460e+00	5.001813108044191880e-01	4.150150150150150097e+01
1.618364456347352043e+00	5.064233068888522871e-01	4.156156156156156101e+01
1.678768944519761108e+00	5.118559998066855021e-01	4.162162162162162105e+01
1.733362282589582692e+00	5.165458064072587785e-01	4.168168168168168108e+01
1.781948411803759402e+00	5.205505334168288867e-01	4.174174174174174112e+01
1.824347562504978759e+00	5.239197403197467517e-01	4.180180180180180116e+01
1.860397550821573320e+00	5.266951630353409186e-01	4.186186186186186120e+01
1.889954343357116651e+00	5.289110731146928757e-01	4.192192192192192124e+01
1.912892350488874404e+00	5.305945496101347469e-01	4.198198198198198128e+01
1.929104897927149231e+00	5.317657100668666814e-01	4.204204204204204132e+01
1.938504458751877380e+00	5.324374902373035789e-01	4.210210210210210136e+01
1.941022638187761551e+00	5.325926070701831883e-01	4.216216216216216139e+01
1.936610783345828590e+00	5.306564177039631014e-01	4.222222222222222143e+01
1.925247246621659469e+00	5.256677421212783141e-01	4.228228228228228147e+01
1.906938616283316179e+00	5.176250189809341595e-01	4.234234234234234151e+01
1.881721158894566370e+00	5.065371663646615064e-01	4.240240240240240155e+01
1.849660590869001808e+00	4.924237370453903306e-01	4.246246246246246159e+01
1.810851241845706339e+00	4.753150927472129528e-01	4.252252252252252163e+01
1.765416505019338000e+00	4.552529658827191295e-01	4.258258258258258167e+01
1.713508611047228847e+00	4.322909616594342030e-01	4.264264264264264170e+01
1.655307301333618586e+00	4.064947724937791884e-01	4.270270270270270174e+01
1.591020398567406291e+00	3.779431162925418475e-01	4.276276276276276178e+01
1.520882414844225927e+00	3.467278836816167220e-01	4.282282282282282182e+01
1.445152302676722789e+00	3.129538603565049648e-01	4.288288288288288186e+01
1.364115861394312734e+00	2.767405792552529165e-01	4.294294294294294190e+01
1.278082174563548223e+00	2.382212944304850089e-01	4.300300300300300194e+01
1.187382635247124618e+00	1.975431589704834401e-01	4.306306306306306197e+01
1.092371472120363229e+00	1.548677917011267724e-01	4.312312312312312201e+01
9.934220359673840983e-01	1.103698139776990439e-01	4.318318318318318205e+01
8.909269293463071282e-01	6.423895111430766303e-02	4.324324324324324209e+01
7.852955080365739970e-01	2.278100755624584695e-02	4.330330330330330213e+01
6.769215474056573534e-01	8.413186088574166679e-03	4.336336336336336217e+01
5.661303726559280269e-01	-9.589698774225483002e-04	4.342342342342342221e+01
4.532349470273112080e-01	-2.667940415270030757e-02	4.348348348348348225e+01
3.386133486506214263e-01	-7.326790133674776495e-02	4.354354354354354228e+01
2.227147235629094446e-01	-1.171783374952152235e-01	4.360360360360360232e+01
1.059907477961680167e-01	-1.578761600245683627e-01	4.366366366366366236e+01
-1.111163362984705916e-02	-1.954226756739436410e-01	4.372372372372372240e+01
-1.281536223284528986e-01	-2.299160252558590245e-01	4.378378378378378244e+01
-2.447049156318233942e-01	-2.614832637754387901e-01	4.384384384384384248e+01
-3.603442006308006929e-01	-2.902718119792109808e-01	4.390390390390390252e+01
-4.746597379450795962e-01	-3.164433358949385600e-01	4.396396396396396256e+01
-5.872497148556559132e-01	-3.401664311854437628e-01	4.402402402402402259e+01
-6.977227255423972263e-01	-3.616121202843623483e-01	4.408408408408408263e+01
-8.056983351044629815e-01	-3.809502725524398503e-01	4.414414414414414267e+01
-9.108074464713705742e-01	-3.983464172970445638e-01	4.420420420420420271e+01
-1.012692682340307737e+00	-4.139598102870478136e-01	4.426426426426426275e+01
-1.111009140816254792e+00	-4.279407364129774738e-01	4.432432432432432279e+01
-1.205424913784409302e+00	-4.404305193828726983e-01	4.438438438438438283e+01
-1.295621453460478856e+00	-4.515605567501514428e-01	4.444444444444444287e+01
-1.381293747143362394e+00	-4.614519142163980292e-01	4.450450450450450290e+01
-1.462151536030096954e+00	-4.702151680623710139e-01	4.456456456456456294e+01
-1.537919413639183830e+00	-4.779505873572146291e-01	4.462462462462462298e+01
-1.608337511055389912e+00	-4.847484110644786348e-01	4.468468468468468302e+01
-1.673162021931758225e+00	-4.906891995571743825e-01	4.474474474474474306e+01
-1.732165740321612413e+00	-4.958442416679706977e-01	4.480480480480480310e+01
-1.785138584806800433e+00	-5.002759829990917062e-01	4.486486486486486314e+01
-1.831888136997993799e+00	-5.040384532293974429e-01	4.492492492492492318e+01
-1.872240146915151948e+00	-5.071776697062335693e-01	4.498498498498498321e+01
-1.906038755850097077e+00	-5.097319828088995308e-01	4.504504504504504325e+01
-1.933147294753681189e+00	-5.117324176613211595e-01	4.510510510510510329e+01
-1.953448487734547268e+00	-5.132029117545966468e-01	4.516516516516516333e+01
-1.966844789398854321e+00	-5.141604983412907393e-01	4.522522522522522337e+01
-1.973258741120436088e+00	-5.146154195281624766e-01	4.528528528528528341e+01
-1.972633334415343498e+00	-5.141427268346419055e-01	4.534534534534534345e+01
-1.964934202355282267e+00	-5.109016713913603347e-01	4.540540540540540349e+01
-1.950155386722623341e+00	-5.046775686203749389e-01	4.546546546546546352e+01
-1.928320722141086074e+00	-4.954752731855109893e-01	4.552552552552552356e+01
-1.899483812458314436e+00	-4.833099710927600823e-01	4.558558558558558360e+01
-1.863727839824719013e+00	-4.682073949172015914e-01	4.564564564564564364e+01
-1.821165299485228095e+00	-4.502041411803165971e-01	4.570570570570570368e+01
-1.771937747926197737e+00	-4.293480855708974864e-01	4.576576576576576372e+01
-1.716215528087234876e+00	-4.056988658667389780e-01	4.582582582582582376e+01
-1.654197061933216251e+00	-3.793282420529529020e-01	4.588588588588588379e+01
-1.586107616982469493e+00	-3.503202563270524927e-01	4.594594594594594383e+01
-1.512199265924914826e+00	-3.187719236823520763e-01	4.600600600600600387e+01
-1.432750468744682371e+00	-2.847937307436371190e-01	4.606606606606606391e+01
-1.348063582783010306e+00	-2.485091533246304718e-01	4.612612612612612395e+01
-1.258464593387404129e+00	-2.100551150614524964e-01	4.618618618618618399e+01
-1.164302086001947956e+00	-1.695819780642794650e-01	4.624624624624624403e+01
-1.065944883209327898e+00	-1.272526942730769495e-01	4.630630630630630407e+01
-9.637830509384116562e-01	-8.324451873348709396e-02	4.636636636636636410e+01
-8.582244429988775680e-01	-3.863817169895274878e-02	4.642642642642642414e+01
-7.496818090684798097e-01	-1.466324154122133384e-02	4.648648648648648418e+01
-6.385152328423601142e-01	-5.957360656101821396e-03	4.654654654654654422e+01
-5.250406065438191217e-01	2.685321867720579479e-03	4.660660660660660426e+01
-4.095827919559808517e-01	2.688990953199515282e-02	4.666666666666666430e+01
-2.925298371027099664e-01	7.199954994675583642e-02	4.672672672672672434e+01
-1.743399702450842415e-01	1.148184069559411297e-01	4.678678678678678438e+01
-5.547668927254292837e-02	1.544378397363260769e-01	4.684684684684684441e+01
6.360401323615148816e-02	1.909333314840649110e-01	4.690690690690690445e+01
1.824543641574414010e-01	2.244148742737683000e-01	4.696696696696696449e+01
3.006354635184982915e-01	2.550181599297828838e-01	4.702702702702702453e+01
4.177180360947246318e-01	2.828967485143636384e-01	4.708708708708708457e+01
5.332827352094136053e-01	3.082152709273424662e-01	4.714714714714714461e+01
6.469212072172670913e-01	3.311440993612118633e-01	4.720720720720720465e+01
7.582356495934587937e-01	3.518544783434492396e-01	4.726726726726726469e+01
8.668402096810049473e-01	3.705152875129024692e-01	4.732732732732732472e+01
9.723609991957744558e-01	3.872901517428462559e-01	4.738738738738738476e+01
1.074436350747245195e+00	4.023354117943046537e-01	4.744744744744744480e+01
1.172718656796308156e+00	4.157982664380708848e-01	4.750750750750750484e+01
1.266873731196679786e+00	4.278162456965053373e-01	4.756756756756756488e+01
1.356581728431678346e+00	4.385168750107349966e-01	4.762762762762762492e+01
1.441537375514417185e+00	4.480170992308896150e-01	4.768768768768768496e+01
1.521450371691212666e+00	4.564233503127363423e-01	4.774774774774774500e+01
1.596046250419358437e+00	4.638317747632686450e-01	4.780780780780780503e+01
1.665067707650983220e+00	4.703286382970377488e-01	4.786786786786786507e+01
1.728274870052794787e+00	4.759906841235915231e-01	4.792792792792792511e+01
1.785444688215732878e+00	4.808854389241190019e-01	4.798798798798798515e+01
1.836372145320010807e+00	4.850717045099171010e-01	4.804804804804804519e+01
1.880870855236040029e+00	4.886000087653933344e-01	4.810810810810810523e+01
1.918773370887968843e+00	4.915129868381654665e-01	4.816816816816816527e+01
1.949931857928633772e+00	4.938458626520195738e-01	4.822822822822822530e+01
1.974217882063892038e+00	4.956262875412542623e-01	4.828828828828828534e+01
1.991523477040420431e+00	4.968750331456548985e-01	4.834834834834834538e+01
2.001761321856629916e+00	4.976061177920396705e-01	4.840840840840840542e+01
2.004865427774350728e+00	4.978204359726356998e-01	4.846846846846846546e+01
2.000792469999054024e+00	4.961699114721517256e-01	4.852852852852852550e+01
1.989524144867979016e+00	4.916022534460823268e-01	4.858858858858858554e+01
1.971072227257261833e+00	4.841185972470244403e-01	4.864864864864864558e+01
1.945478806152028950e+00	4.737302297004250540e-01	4.870870870870870561e+01
1.912815656454226465e+00	4.604585866074991651e-01	4.876876876876876565e+01
1.873183612275970411e+00	4.443353835732552493e-01	4.882882882882882569e+01
1.826714269813505709e+00	4.254035736677921342e-01	4.888888888888888573e+01
1.773568032435024922e+00	4.037171958796376137e-01	4.894894894894894577e+01
1.713933700739464383e+00	3.793418189004853502e-01	4.900900900900900581e+01
1.648028107971801992e+00	3.523549750010641635e-01	4.906906906906906585e+01
1.576095639843347218e+00	3.228466198444865931e-01	4.912912912912912589e+01
1.498406878299424871e+00	2.909191981766325874e-01	4.918918918918918592e+01
1.415257034816585824e+00	2.566875916921212974e-01	4.924924924924924596e+01
1.326966400910497557e+00	2.202798286057045807e-01	4.930930930930930600e+01
1.233877989431953814e+00	1.818365870128308137e-01	4.936936936936936604e+01
1.136356801291359186e+00	1.415111408905103674e-01	4.942942942942942608e+01
1.034788270777613040e+00	9.946897794574870166e-02	4.948948948948948612e+01
9.295765892578774503e-01	5.597430124745477603e-02	4.954954954954954616e+01
8.211406830241025911e-01	2.238192769526252748e-02	4.960960960960960620e+01
7.098723809218556724e-01	1.078744622104186972e-02	4.966966966966966623e+01
5.961055625572612149e-01	4.083707005149345148e-03	4.972972972972972627e+01
4.801617361204215118e-01	-4.067915100209849172e-03	4.978978978978978631e+01
3.623779416546484833e-01	-2.626316155470016442e-02	4.984984984984984635e+01
2.431500316020773211e-01	-6.977537287770978203e-02	4.990990990990990639e+01
1.229438471260873300e-01	-1.116840448760536425e-01	4.996996996996996643e+01
2.232474595172510151e-03	-1.503972214746790159e-01	5.003003003003002647e+01
-1.185189184865482054e-01	-1.860036876127599270e-01	5.009009009009008651e+01
-2.388542489563897919e-01	-2.186246137669928813e-01	5.015015015015014654e+01
-3.583268021688847949e-01	-2.484038943412403555e-01	5.021021021021020658e+01
-4.765003460049832551e-01	-2.755011206475109775e-01	5.027027027027026662e+01
-5.929494901452102562e-01	-3.000849688463585463e-01	5.033033033033032666e+01
-7.072596795825922822e-01	-3.223275688119119353e-01	5.039039039039038670e+01
-8.190285467428347621e-01	-3.424009544627804602e-01	5.045045045045044674e+01
-9.278660290375803088e-01	-3.604733795576807731e-01	5.051051051051050678e+01
-1.033393979720223177e+00	-3.767071837129282175e-01	5.057057057057056682e+01
-1.135249854384156709e+00	-3.912559097107072281e-01	5.063063063063062685e+01
-1.233084196637242336e+00	-4.042640679434365003e-01	5.069069069069068689e+01
-1.326562146221885508e+00	-4.158661423861875761e-01	5.075075075075074693e+01
-1.415363594154052107e+00	-4.261860612345759747e-01	5.081081081081080697e+01
-1.499183857268653997e+00	-4.353370747614311864e-01	5.087087087087086701e+01
-1.577734583614415431e+00	-4.434219262136538942e-01	5.093093093093092705e+01
-1.650744981177117099e+00	-4.505331579090979810e-01	5.099099099099098709e+01
-1.717961406395335455e+00	-4.567533726724985477e-01	5.105105105105104712e+01
-1.779148271300115658e+00	-4.621556605825768438e-01	5.111111111111110716e+01
-1.834088095307039756e+00	-4.668040859147567501e-01	5.117117117117116720e+01
-1.882582552339387094e+00	-4.707540735721325031e-01	5.123123123123122724e+01
-1.924452809547991583e+00	-4.740528424060294066e-01	5.129129129129129439e+01
-1.959539996750885749e+00	-4.767397961998949829e-01	5.135135135135135442e+01
-1.987705631674631990e+00	-4.788468578953377075e-01	5.141141141141141446e+01
-2.008831992502626562e+00	-4.803987554180644270e-01	5.147147147147147450e+01
-2.022822556514193071e+00	-4.814131920223690964e-01	5.153153153153153454e+01
-2.029602140876614058e+00	-4.819010052123849364e-01	5.159159159159159458e+01
-2.029117550926770708e+00	-4.814872751132740492e-01	5.165165165165165462e+01
-2.021339262232293876e+00	-4.784414496127813443e-01	5.171171171171171466e+01
-2.006266763496823646e+00	-4.725370365641408110e-01	5.177177177177177470e+01
-1.983930248070737701e+00	-4.637815023511886459e-01	5.183183183183183473e+01
-1.954390429349886382e+00	-4.521923783133375840e-01	5.189189189189189477e+01
-1.917738079624524028e+00	-4.377973568591411735e-01	5.195195195195195481e+01
-1.874094144347962843e+00	-4.206347294862714525e-01	5.201201201201201485e+01
-1.823608485722869377e+00	-4.007533732182224084e-01	5.207207207207207489e+01
-1.766461031827200046e+00	-3.782135924495853008e-01	5.213213213213213493e+01
-1.702859411490376784e+00	-3.530868893800870878e-01	5.219219219219219497e+01
-1.633039655076216734e+00	-3.254567761498857736e-01	5.225225225225225500e+01
-1.557264515079629374e+00	-2.954186987401116182e-01	5.231231231231231504e+01
-1.475822441636548632e+00	-2.630802030391453106e-01	5.237237237237237508e+01
-1.389026486823798479e+00	-2.285609927652211271e-01	5.243243243243243512e+01
-1.297214460487708054e+00	-1.919934980565613236e-01	5.249249249249249516e+01
-1.200746246011416662e+00	-1.535221063302940614e-01	5.255255255255255520e+01
-1.100002978618614291e+00	-1.133030224311139256e-01	5.261261261261261524e+01
-9.953855388514014635e-01	-7.151407375952154033e-02	5.267267267267267528e+01
-8.873119454879697665e-01	-3.257379717021000043e-02	5.273273273273273531e+01
-7.761948884453053754e-01	-1.553935464335015268e-02	5.279279279279279535e+01
-6.623918900700189738e-01	-8.275267396573894596e-03	5.285285285285285539e+01
-5.462321204851398049e-01	-2.508392793267143293e-03	5.291291291291291543e+01
-4.280472380237605456e-01	5.207371963308620941e-03	5.297297297297297547e+01
-3.081858817393681726e-01	2.515517747036175034e-02	5.303303303303303551e+01
-1.870495740014948560e-01	6.677934079890696095e-02	5.309309309309309555e+01
-6.510975433815999192e-02	1.079326102644627972e-01	5.315315315315315559e+01
5.715162909439805428e-02	1.458875286130166260e-01	5.321321321321321562e+01
1.792611624713363327e-01	1.807441772508837641e-01	5.327327327327327566e+01
3.007552125282125233e-01	2.126346222247094964e-01	5.333333333333333570e+01
4.211804003669791241e-01	2.417109874354277932e-01	5.339339339339339574e+01
5.400942808446417276e-01	2.681387655939149184e-01	5.345345345345345578e+01
6.570664532245434897e-01	2.920905733830106432e-01	5.351351351351351582e+01
7.716779359117732495e-01	3.137409943878205487e-01	5.357357357357357586e+01
8.835227730231609566e-01	3.332628953989527631e-01	5.363363363363363590e+01
9.922082712093682755e-01	3.508242173924415730e-01	5.369369369369369593e+01
1.097355168438090001e+00	3.665858573296928991e-01	5.375375375375375597e+01
1.198598067974433912e+00	3.806999842783296839e-01	5.381381381381381601e+01
1.295587851541105895e+00	3.933082017763600002e-01	5.387387387387387605e+01
1.387990184068976784e+00	4.045419941746291603e-01	5.393393393393393609e+01
1.475486979474422977e+00	4.145223497292710446e-01	5.399399399399399613e+01
1.557776525394345191e+00	4.233593352151647227e-01	5.405405405405405617e+01
1.634573901405369289e+00	4.311523498000766064e-01	5.411411411411411621e+01
1.705611921920378027e+00	4.379904804029501886e-01	5.417417417417417624e+01
1.770642685509196346e+00	4.439530219478671214e-01	5.423423423423423628e+01
1.829436899077789391e+00	4.491097831983786315e-01	5.429429429429429632e+01
1.881783929113838738e+00	4.535214638890853744e-01	5.435435435435435636e+01
1.927492765504848604e+00	4.572402256067037429e-01	5.441441441441441640e+01
1.966393211066534530e+00	4.603100819083861817e-01	5.447447447447447644e+01
1.998335820650557038e+00	4.627672693542779214e-01	5.453453453453453648e+01
2.023193046249257332e+00	4.646405998483410515e-01	5.459459459459459651e+01
2.040859355788535723e+00	4.659516947685043986e-01	5.465465465465465655e+01
2.051250743828388234e+00	4.667151012517790076e-01	5.471471471471471659e+01
2.054305389909575119e+00	4.669255484448104343e-01	5.477477477477477663e+01
2.049983764248590301e+00	4.652851939714197638e-01	5.483483483483483667e+01
2.038273626206581035e+00	4.608392768120684879e-01	5.489489489489489671e+01
2.019193701749093517e+00	4.535917520183058160e-01	5.495495495495495675e+01
1.992793368180048041e+00	4.435563614581579106e-01	5.501501501501501679e+01
1.959152606514086958e+00	4.307568892314993514e-01	5.507507507507507682e+01
1.918380919725205525e+00	4.152270461226469367e-01	5.513513513513513686e+01
1.870619477426265220e+00	3.970115613863166582e-01	5.519519519519519690e+01
1.816037939529914214e+00	3.761655768342018757e-01	5.525525525525525694e+01
1.754835171724711262e+00	3.527553674737272105e-01	5.531531531531531698e+01
1.687239392452263065e+00	3.268589134265950658e-01	5.537537537537537702e+01
1.613503018652971521e+00	2.985646136622554514e-01	5.543543543543543706e+01
1.533909326438529064e+00	2.679741476802414146e-01	5.549549549549549710e+01
1.448765002662710799e+00	2.352003125161948593e-01	5.555555555555555713e+01
1.358400395451663023e+00	2.003674531360253863e-01	5.561561561561561717e+01
1.263170427657387185e+00	1.636122126102241003e-01	5.567567567567567721e+01
1.163451551178073418e+00	1.250826272008805640e-01	5.573573573573573725e+01
1.059640333419390679e+00	8.494114340098751770e-02	5.579579579579579729e+01
9.521523615152425180e-01	4.463640430016936611e-02	5.585585585585585733e+01
8.414102315947694644e-01	2.090655496030205396e-02	5.591591591591591737e+01
7.277952392632870415e-01	1.191585434181784142e-02	5.597597597597597741e+01
6.116481188180161732e-01	6.368432469087565058e-03	5.603603603603603744e+01
4.933043560706935060e-01	1.139690946900369806e-03	5.609609609609609748e+01
3.731067222348055656e-01	-6.170080827508033980e-03	5.615615615615615752e+01
2.514144154013700505e-01	-2.394379106082678010e-02	5.621621621621621756e+01
1.286334501913372064e-01	-6.329839097018320759e-02	5.627627627627627760e+01
5.238816582121968990e-03	-1.038083041370431586e-01	5.633633633633633764e+01
-1.182796847102718096e-01	-1.411190410879361590e-01	5.639639639639639768e+01
-2.414413115636122598e-01	-1.753335842690546820e-01	5.645645645645645772e+01
-3.637756643850649230e-01	-2.065939914546009726e-01	5.651651651651651775e+01
-4.848238539764418431e-01	-2.350609178815520339e-01	5.657657657657657779e+01
-6.041388040820339089e-01	-2.609058882954676806e-01	5.663663663663663783e+01
-7.212854335730679578e-01	-2.843052525011882103e-01	5.669669669669669787e+01
-8.358419373771738270e-01	-3.054361261499556335e-01	5.675675675675675791e+01
-9.473998627794657512e-01	-3.244724108524087436e-01	5.681681681681681795e+01
-1.055564313819041145e+00	-3.415820604752440315e-01	5.687687687687687799e+01
-1.159956277169945205e+00	-3.569246126657468765e-01	5.693693693693693803e+01
-1.260211303833566499e+00	-3.706502255183077299e-01	5.699699699699699806e+01
-1.355980844188318324e+00	-3.828988391394716473e-01	5.705705705705705810e+01
-1.446933097247805167e+00	-3.937994962443543967e-01	5.711711711711711814e+01
-1.532752774068906643e+00	-4.034701766222563712e-01	5.717717717717717818e+01
-1.613141796723092547e+00	-4.120178899371627623e-01	5.723723723723723822e+01
-1.687820027705096315e+00	-4.195389132959010947e-01	5.729729729729729826e+01
-1.756526544386694422e+00	-4.261192396486968570e-01	5.735735735735735830e+01
-1.819020350530397234e+00	-4.318350123003414920e-01	5.741741741741741833e+01
-1.875079490972951124e+00	-4.367528669494689098e-01	5.747747747747747837e+01
-1.924502074371422067e+00	-4.409303944290750010e-01	5.753753753753753841e+01
-1.967107178590271621e+00	-4.444166595832635958e-01	5.759759759759759845e+01
-2.002735029699569846e+00	-4.472525846958763096e-01	5.765765765765765849e+01
-2.031247633814854847e+00	-4.494714132986138977e-01	5.771771771771771853e+01
-2.052528579692785460e+00	-4.510985480103789080e-01	5.777777777777777857e+01
-2.066484189488357437e+00	-4.521523974733296924e-01	5.783783783783783861e+01
-2.073043156090069949e+00	-4.526441194147282077e-01	5.789789789789789864e+01
-2.072156956436627340e+00	-4.521571994677053841e-01	5.795795795795795868e+01
-2.063802866056073881e+00	-4.490734594957608294e-01	5.801801801801801872e+01
-2.047987496416291187e+00	-4.432334190867682766e-01	5.807807807807807876e+01
-2.024749084530320875e+00	-4.346473262461509335e-01	5.813813813813813880e+01
-1.994156541345824873e+00	-4.233351424144034536e-01	5.819819819819819884e+01
-1.956309807080065521e+00	-4.093269367580971707e-01	5.825825825825825888e+01
-1.911339074822357098e+00	-3.926629306442790401e-01	5.831831831831831892e+01
-1.859404586047635810e+00	-3.733938340833295455e-01	5.837837837837837895e+01
-1.800696603653524352e+00	-3.515812674747760824e-01	5.843843843843843899e+01
-1.735433245202539165e+00	-3.272974898970005264e-01	5.849849849849849903e+01
-1.663860874502951281e+00	-3.006260357586505449e-01	5.855855855855855907e+01
-1.586253013218144492e+00	-2.716618230932564826e-01	5.861861861861861911e+01
-1.502909779308619909e+00	-2.405114310616503492e-01	5.867867867867867915e+01
-1.414155785256998810e+00	-2.072927494683859673e-01	5.873873873873873919e+01
-1.320340029128911574e+00	-1.721353132369607408e-01	5.879879879879879923e+01
-1.221833782804732982e+00	-1.351797638273383451e-01	5.885885885885885926e+01
-1.119029130799188643e+00	-9.657829809769154228e-02	5.891891891891891930e+01
-1.012338060515788341e+00	-5.685086267206988786e-02	5.897897897897897934e+01
-9.021858208981768934e-01	-2.723246180947363343e-02	5.903903903903903938e+01
-7.889737045568429030e-01	-1.551260797322943918e-02	5.909909909909909942e+01
-6.730564132051622961e-01	-9.456856235224297969e-03	5.915915915915915946e+01
-5.547754297789065925e-01	-4.756245622467384151e-03	5.921921921921921950e+01
-4.344757010145403608e-01	1.175876483849791140e-04	5.927927927927927954e+01
-3.125107427510819824e-01	7.050930484617577362e-03	5.933933933933933957e+01
-1.892495753064818986e-01	2.286768104714450786e-02	5.939939939939939961e+01
-6.510186849928441266e-02	5.956127890493756460e-02	5.945945945945945965e+01
5.945584287535611578e-02	9.948949103577502118e-02	5.951951951951951969e+01
1.839271541379063624e-01	1.362417142247031032e-01	5.957957957957957973e+01
3.078251444520709867e-01	1.698954750332847541e-01	5.963963963963963977e+01
4.306739166094795679e-01	2.006030413534971857e-01	5.969969969969969981e+01
5.520096776035017250e-01	2.285327006732471578e-01	5.975975975975975985e+01
6.713817638715933178e-01	2.538616849671538334e-01	5.981981981981981988e+01
7.883523630879889499e-01	2.767704092954843542e-01	5.987987987987987992e+01
9.024976357321501386e-01	2.974382256598041563e-01	5.993993993993993996e+01
1.013407914981278690e+00	3.160401263528591631e-01	6.000000000000000000e+01
