displacement 	force 	time
0.000000000000000000e+00	0.000000000000000000e+00	0.000000000000000000e+00
2.557292983723565527e-07	2.557292031473164946e-07	6.006006006006005954e-02
1.652574894231807135e-06	1.652571735406619782e-06	1.201201201201201191e-01
6.491509698147359852e-06	6.491461838360865971e-06	1.801801801801801717e-01
1.856575977887006353e-05	1.856539132423527995e-05	2.402402402402402382e-01
4.299589232790585185e-05	4.299398468122060820e-05	3.003003003003003046e-01
8.633805771727067271e-05	8.633050492872043928e-05	3.603603603603603434e-01
1.566284231735529402e-04	1.566038067522482625e-04	4.204204204204204376e-01
2.629052065550081417e-04	2.628359199263235395e-04	4.804804804804804763e-01
4.154658868794139370e-04	4.152907529791314287e-04	5.405405405405405705e-01
6.252593668334282965e-04	6.248638004863226510e-04	6.006006006006006093e-01
9.042397647394854283e-04	9.034172319419451428e-04	6.606606606606606480e-01
1.265040003573495928e-03	1.263434411580313796e-03	7.207207207207206867e-01
1.720719752064522748e-03	1.717755876807140845e-03	7.807807807807807254e-01
2.284706475114865482e-03	2.279498843072881933e-03	8.408408408408408752e-01
2.970673278912741057e-03	2.961889283886604430e-03	9.009009009009009139e-01
3.792213744083360039e-03	3.777920101224856338e-03	9.609609609609609526e-01
4.762765864682060729e-03	4.740264135803523918e-03	1.021021021021021102e+00
5.895406450089384770e-03	5.860992041442746568e-03	1.081081081081081141e+00
7.202626319023438042e-03	7.151331087804729987e-03	1.141141141141141180e+00
8.696336894124526845e-03	8.621713271161289202e-03	1.201201201201201219e+00
1.038739474762172092e-02	1.028112803480010252e-02	1.261261261261261257e+00
1.228568406529321859e-02	1.213729595796096856e-02	1.321321321321321296e+00
1.439971671126710588e-02	1.419623136613788056e-02	1.381381381381381335e+00
1.673667933461012863e-02	1.646227287346440152e-02	1.441441441441441373e+00
1.930212271943292784e-02	1.893782322050815287e-02	1.501501501501501412e+00
2.210000895023879128e-02	2.162338510313224077e-02	1.561561561561561451e+00
2.513232901737582833e-02	2.451723295850195480e-02	1.621621621621621712e+00
2.839925479571678985e-02	2.761559966535805793e-02	1.681681681681681750e+00
3.189876063354815661e-02	3.091241537756338892e-02	1.741741741741741789e+00
3.562679742506084241e-02	3.439949215166505925e-02	1.801801801801801828e+00
3.957695078087249824e-02	3.806641402490418963e-02	1.861861861861861867e+00
4.374054749962513061e-02	4.190052774894396925e-02	1.921921921921921905e+00
4.810663695090308667e-02	4.588730089334022016e-02	1.981981981981981944e+00
5.266176335678025150e-02	5.001015242933977423e-02	2.042042042042042205e+00
5.738994618767507411e-02	5.425051667638819408e-02	2.102102102102102243e+00
6.227328176037991853e-02	5.858859932454143354e-02	2.162162162162162282e+00
6.729134772485896587e-02	6.300292336915142011e-02	2.222222222222222321e+00
7.242137112270359556e-02	6.747065491037519680e-02	2.282282282282282360e+00
7.763827045729010390e-02	7.196779217895050984e-02	2.342342342342342398e+00
8.291461639193616062e-02	7.646923859048478100e-02	2.402402402402402437e+00
8.822092797142816467e-02	8.094913702232758856e-02	2.462462462462462476e+00
9.352572271216896826e-02	8.538101652081900306e-02	2.522522522522522515e+00
9.879553572563265496e-02	8.973788457332770863e-02	2.582582582582582553e+00
1.039950955726160475e-01	9.399241184690788897e-02	2.642642642642642592e+00
1.090874813563106338e-01	9.811707145693081278e-02	2.702702702702702631e+00
1.140342408998229334e-01	1.020842166554876279e-01	2.762762762762762669e+00
1.187955238227274418e-01	1.058661498934761330e-01	2.822822822822822708e+00
1.233302857569028993e-01	1.094352126512509737e-01	2.882882882882882747e+00
1.275963462395162673e-01	1.127638753586270026e-01	2.942942942942942786e+00
1.315511645325685985e-01	1.158246612729844638e-01	3.003003003003002824e+00
1.351512762496087927e-01	1.185901336243308235e-01	3.063063063063062863e+00
1.383527548951359321e-01	1.210328986525276568e-01	3.123123123123122902e+00
1.411116068202797891e-01	1.231255483489742536e-01	3.183183183183182940e+00
1.433837607078487231e-01	1.248404586227985502e-01	3.243243243243243423e+00
1.451256043513222682e-01	1.261498596718970688e-01	3.303303303303303462e+00
1.462940976718594688e-01	1.270256589946202053e-01	3.363363363363363501e+00
1.468468960836712134e-01	1.274392903178163949e-01	3.423423423423423539e+00
1.467427900247603723e-01	1.273251126069649131e-01	3.483483483483483578e+00
1.459422340198803791e-01	1.265245566020849199e-01	3.543543543543543617e+00
1.444078289218254096e-01	1.249901515040299227e-01	3.603603603603603656e+00
1.421047764795482504e-01	1.226870990617527635e-01	3.663663663663663694e+00
1.390015803970460762e-01	1.195839029792506031e-01	3.723723723723723733e+00
1.350691689879892077e-01	1.156514915701937207e-01	3.783783783783783772e+00
1.302826276521611149e-01	1.108649502343656001e-01	3.843843843843843811e+00
1.246205016466398058e-01	1.052028242288443050e-01	3.903903903903903849e+00
1.180652311838091550e-01	9.864755376601364034e-02	3.963963963963963888e+00
1.106041454822369180e-01	9.118646806444140329e-02	4.024024024024024371e+00
1.022288362270188794e-01	8.281115880922336470e-02	4.084084084084084409e+00
9.293516472726154332e-02	7.351748730946604249e-02	4.144144144144144448e+00
8.272471424998270595e-02	6.330703683218719124e-02	4.204204204204204487e+00
7.160403676832674535e-02	5.218635935053123759e-02	4.264264264264264526e+00
5.958347885961767093e-02	4.016580144182217010e-02	4.324324324324324564e+00
4.668087550166218763e-02	2.726319808386667987e-02	4.384384384384384603e+00
3.291901569303439662e-02	1.350133827523889579e-02	4.444444444444444642e+00
1.832611825755651319e-02	-1.088550822160046835e-03	4.504504504504504681e+00
2.935621805089153567e-03	-1.620914827797355004e-02	4.564564564564564719e+00
-1.321426029114144973e-02	-3.158740942964163162e-02	4.624624624624624758e+00
-3.008145833238126676e-02	-4.713255261008843233e-02	4.684684684684684797e+00
-4.762023968943072949e-02	-6.275580699482821712e-02	4.744744744744744835e+00
-6.578146735370300757e-02	-7.837238425655436436e-02	4.804804804804804874e+00
-8.451295163954153367e-02	-9.390240845578694262e-02	4.864864864864864913e+00
-1.037593537451761277e-01	-1.092713988741345066e-01	4.924924924924924952e+00
-1.234626391796440487e-01	-1.244110752410848703e-01	4.984984984984984990e+00
-1.435621539148277115e-01	-1.392595381952056177e-01	5.045045045045045029e+00
-1.639947967824138542e-01	-1.537615241952140777e-01	5.105105105105105068e+00
-1.846950932058761541e-01	-1.678683246394356288e-01	5.165165165165165106e+00
-2.055956533131444719e-01	-1.815384550739829461e-01	5.225225225225225145e+00
-2.266271950533583490e-01	-1.947358787594979102e-01	5.285285285285285184e+00
-2.477181276946754107e-01	-2.074309994975446214e-01	5.345345345345345223e+00
-2.687953584315180278e-01	-2.196000609462579189e-01	5.405405405405405261e+00
-2.897843342547375967e-01	-2.312246402975427495e-01	5.465465465465465300e+00
-3.106092033610548531e-01	-2.422907072681898533e-01	5.525525525525525339e+00
-3.311924934116365904e-01	-2.527897950462776877e-01	5.585585585585585378e+00
-3.514557298357472992e-01	-2.627161945665735798e-01	5.645645645645645416e+00
-3.713190954247905795e-01	-2.720685808554358931e-01	5.705705705705705455e+00
-3.907023254322395389e-01	-2.808473161893562109e-01	5.765765765765765494e+00
-4.095242133036685606e-01	-2.890556850669880329e-01	5.825825825825825532e+00
-4.277029361727622825e-01	-2.966984097051898472e-01	5.885885885885885571e+00
-4.451560796124358066e-01	-3.037818110668233373e-01	5.945945945945945610e+00
-4.618008712675762406e-01	-3.103128234356952175e-01	6.006006006006005649e+00
-4.775543789316870624e-01	-3.162987625917195733e-01	6.066066066066065687e+00
-4.923335540550518585e-01	-3.217471259170601727e-01	6.126126126126125726e+00
-5.060557377038295002e-01	-3.266649607814027800e-01	6.186186186186185765e+00
-5.186388767743841388e-01	-3.310584204936155572e-01	6.246246246246245803e+00
-5.300014347227878231e-01	-3.349326519293222004e-01	6.306306306306305842e+00
-5.400628011273213014e-01	-3.382909748083083867e-01	6.366366366366365881e+00
-5.487433669338586117e-01	-3.411351110158478139e-01	6.426426426426426808e+00
-5.559651869172776983e-01	-3.434640813168825524e-01	6.486486486486486847e+00
-5.616517142804264839e-01	-3.452746704258794486e-01	6.546546546546546885e+00
-5.657287918586760833e-01	-3.465600534465990146e-01	6.606606606606606924e+00
-5.681241788678540461e-01	-3.473104113090240141e-01	6.666666666666666963e+00
-5.687678641057632989e-01	-3.474991906726138113e-01	6.726726726726727001e+00
-5.675944556689070941e-01	-3.463257822357575511e-01	6.786786786786787040e+00
-5.645445573030229980e-01	-3.432758838698734549e-01	6.846846846846847079e+00
-5.595656162085773655e-01	-3.382969427754278779e-01	6.906906906906907118e+00
-5.526146116861267998e-01	-3.313459382529772568e-01	6.966966966966967156e+00
-5.436574454220379771e-01	-3.223887719888885450e-01	7.027027027027027195e+00
-5.326697672872987566e-01	-3.114010938541492135e-01	7.087087087087087234e+00
-5.196370053970968961e-01	-2.983683319639473530e-01	7.147147147147147273e+00
-5.045547448178450134e-01	-2.832860713846954148e-01	7.207207207207207311e+00
-4.874290323756326204e-01	-2.661603589424831329e-01	7.267267267267267350e+00
-4.682765610952165369e-01	-2.470078876620670494e-01	7.327327327327327389e+00
-4.471244707052356437e-01	-2.258557972720862672e-01	7.387387387387387427e+00
-4.240111320732765643e-01	-2.027424586401271600e-01	7.447447447447447466e+00
-3.989857482237392228e-01	-1.777170747905899295e-01	7.507507507507507505e+00
-3.721082508247803844e-01	-1.508395773916309524e-01	7.567567567567567544e+00
-3.434492485783886551e-01	-1.221805751452393340e-01	7.627627627627627582e+00
-3.130901285109577437e-01	-9.182145507780840876e-02	7.687687687687687621e+00
-2.811228107952941091e-01	-5.985413736214477420e-02	7.747747747747747660e+00
-2.476495836242486315e-01	-2.638091019109926882e-02	7.807807807807807698e+00
-2.127828458763726671e-01	8.371706512568343264e-03	7.867867867867867737e+00
-1.766443502856466785e-01	4.250922951976124353e-02	7.927927927927927776e+00
-1.393560323749543362e-01	7.525917499586472215e-02	7.987987987987987815e+00
-1.010437182493869740e-01	1.064778030906911865e-01	8.048048048048048742e+00
-6.183036541631899141e-02	1.360672051888896505e-01	8.108108108108108780e+00
-2.183837324342147168e-02	1.639659175313411821e-01	8.168168168168168819e+00
1.881057332280631350e-02	1.901450224133949540e-01	8.228228228228228858e+00
5.999639962945263472e-02	2.146038051304002547e-01	8.288288288288288896e+00
1.015999095270681968e-01	2.373642249967756745e-01	8.348348348348348935e+00
1.435027282500694057e-01	2.584669341601388282e-01	8.408408408408408974e+00
1.855877526559694402e-01	2.779670983912295168e-01	8.468468468468469013e+00
2.277389078618352325e-01	2.959315842575576117e-01	8.528528528528529051e+00
2.698407869680282678e-01	3.124352274475815650e-01	8.588588588588589090e+00
3.117786748394945628e-01	3.275577929295909740e-01	8.648648648648649129e+00
3.534384189150464040e-01	3.413818192681967179e-01	8.708708708708709167e+00
3.947062142458452327e-01	3.539909963075892896e-01	8.768768768768769206e+00
4.354683865929133701e-01	3.654682753400348982e-01	8.828828828828829245e+00
4.756112217895059890e-01	3.758951160287318238e-01	8.888888888888889284e+00
5.150209841574866498e-01	3.853500518634271899e-01	8.948948948948949322e+00
5.535839959187911496e-01	3.939083426589730652e-01	9.009009009009009361e+00
5.911870559854179863e-01	4.016411659665909406e-01	9.069069069069069400e+00
6.277169153642242483e-01	4.086156016483846742e-01	9.129129129129129439e+00
6.630602259354153594e-01	4.148941520653569026e-01	9.189189189189189477e+00
6.971039612291324294e-01	4.205347298481713070e-01	9.249249249249249516e+00
7.297354686629440312e-01	4.255906919077335204e-01	9.309309309309309555e+00
7.608428029126146352e-01	4.301108664650768465e-01	9.369369369369369593e+00
7.903145291165794006e-01	4.341396511265905311e-01	9.429429429429429632e+00
8.180399587441888887e-01	4.377170801720826621e-01	9.489489489489489671e+00
8.439098711729664526e-01	4.408790954125723083e-01	9.549549549549549710e+00
8.678163573619913640e-01	4.436575941012241842e-01	9.609609609609609748e+00
8.896531073022576619e-01	4.460806204404902942e-01	9.669669669669669787e+00
9.093158510248702253e-01	4.481725198366321994e-01	9.729729729729729826e+00
9.267024839764730348e-01	4.499539871386188938e-01	9.789789789789789864e+00
9.417136164884701843e-01	4.514422612564060189e-01	9.849849849849849903e+00
9.542529096594380977e-01	4.526510959132002965e-01	9.909909909909909942e+00
9.642271248181055743e-01	4.535908141317844811e-01	9.969969969969969981e+00
9.715463126142424022e-01	4.542683716401687000e-01	1.003003003003003002e+01
9.761249326102097168e-01	4.546870503777108996e-01	1.009009009009009006e+01
9.778818124463140027e-01	4.548466535228035679e-01	1.015015015015015010e+01
9.767407579574644005e-01	4.536895285086557372e-01	1.021021021021021014e+01
9.726344697740548773e-01	4.495832403252462139e-01	1.027027027027027017e+01
9.655103104148773374e-01	4.424590809660687851e-01	1.033033033033033021e+01
9.553311656164803489e-01	4.322799361676719077e-01	1.039039039039039025e+01
9.420758867497072142e-01	4.190246573008986064e-01	1.045045045045045029e+01
9.257396307137223390e-01	4.026884012649138977e-01	1.051051051051051033e+01
9.063340530080044033e-01	3.832828235591958510e-01	1.057057057057057037e+01
8.838873999635029621e-01	3.608361705146944098e-01	1.063063063063063041e+01
8.584445901699903070e-01	3.353933607211818102e-01	1.069069069069069045e+01
8.300673230644083356e-01	3.070160936155998943e-01	1.075075075075075048e+01
7.988340473507987705e-01	2.757828179019902737e-01	1.081081081081081052e+01
7.648396759956475055e-01	2.417884465468390087e-01	1.087087087087087056e+01
7.281954422529697268e-01	2.051442128041611190e-01	1.093093093093093060e+01
6.890280239465848000e-01	1.659767944977764698e-01	1.099099099099099064e+01
6.474800735526581308e-01	1.244288441038496895e-01	1.105105105105105068e+01
6.037093520153491433e-01	8.065812256654071588e-02	1.111111111111111072e+01
5.578875116364881981e-01	3.483628218767979845e-02	1.117117117117117076e+01
5.101998395344695680e-01	-1.252429280410844413e-02	1.123123123123123079e+01
4.608426026614252380e-01	-5.782722499564028201e-02	1.129129129129129083e+01
4.100123641249494577e-01	-1.000135023399853773e-01	1.135135135135135087e+01
3.579006901105517557e-01	-1.390148414312653846e-01	1.141141141141141091e+01
3.046939441875898269e-01	-1.748396505532365530e-01	1.147147147147147095e+01
2.505731869667909839e-01	-2.075574612707453970e-01	1.153153153153153099e+01
1.957148379636284852e-01	-2.372836961532550082e-01	1.159159159159159103e+01
1.402901562884314168e-01	-2.641677093021227440e-01	1.165165165165165106e+01
8.446655679783036941e-02	-2.883813379197706639e-01	1.171171171171171110e+01
2.840717663508020296e-02	-3.101099401276644629e-01	1.177177177177177114e+01
-2.772786653665904391e-02	-3.295449152735148157e-01	1.183183183183183118e+01
-8.378169588539022272e-02	-3.468780188936253506e-01	1.189189189189189122e+01
-1.395996648081005709e-01	-3.622968122898292953e-01	1.195195195195195126e+01
-1.950294357389737443e-01	-3.759816165502219976e-01	1.201201201201201130e+01
-2.499202571327993894e-01	-3.881030432699152377e-01	1.207207207207207134e+01
-3.041229747247580217e-01	-3.988208075330086366e-01	1.213213213213213137e+01
-3.574895874237759563e-01	-4.082825977348132906e-01	1.219219219219219141e+01
-4.098731679455923649e-01	-4.166242031856041139e-01	1.225225225225225145e+01
-4.611280694108119693e-01	-4.239692319586963465e-01	1.231231231231231149e+01
-5.111093142471391237e-01	-4.304293321749142476e-01	1.237237237237237153e+01
-5.596728830232483576e-01	-4.361053230867986130e-01	1.243243243243243157e+01
-6.066759702646186136e-01	-4.410872555332057132e-01	1.249249249249249161e+01
-6.519769804060095986e-01	-4.454555095476635529e-01	1.255255255255255165e+01
-6.954357361998534381e-01	-4.492815241872513132e-01	1.261261261261261168e+01
-7.369136419654558345e-01	-4.526276900485722843e-01	1.267267267267267172e+01
-7.762740658072314615e-01	-4.555492622900383926e-01	1.273273273273273176e+01
-8.133824955396810052e-01	-4.580941979038338774e-01	1.279279279279279180e+01
-8.481067158649878701e-01	-4.603050664403306458e-01	1.285285285285285362e+01
-8.803175668627930550e-01	-4.622185902206572550e-01	1.291291291291291365e+01
-9.098888995921108336e-01	-4.638661333080641991e-01	1.297297297297297369e+01
-9.366981991987767264e-01	-4.652748240352184150e-01	1.303303303303303373e+01
-9.606268423127247713e-01	-4.664675449174019994e-01	1.309309309309309377e+01
-9.815604537475720592e-01	-4.674633969197747319e-01	1.315315315315315381e+01
-9.993892629968667007e-01	-4.682778114232497568e-01	1.321321321321321385e+01
-1.014009131025363386e+00	-4.689234629772667251e-01	1.327327327327327389e+01
-1.025320984428583548e+00	-4.694095907867770201e-01	1.333333333333333393e+01
-1.033232220245614341e+00	-4.697428511910186066e-01	1.339339339339339396e+01
-1.037656097389623833e+00	-4.699266790723852782e-01	1.345345345345345400e+01
-1.038512290822802386e+00	-4.698379554769351318e-01	1.351351351351351404e+01
-1.035730086225169266e+00	-4.670557508793021784e-01	1.357357357357357408e+01
-1.029253340954298102e+00	-4.605790056084310136e-01	1.363363363363363412e+01
-1.019046322086982315e+00	-4.503719867411151156e-01	1.369369369369369416e+01
-1.005094425148157944e+00	-4.364200898022907449e-01	1.375375375375375420e+01
-9.874034935726891948e-01	-4.187291582268219403e-01	1.381381381381381424e+01
-9.660013260517039679e-01	-3.973269907058367134e-01	1.387387387387387427e+01
-9.409363209663660355e-01	-3.722619856204988364e-01	1.393393393393393431e+01
-9.122784064441060714e-01	-3.436040710982389279e-01	1.399399399399399435e+01
-8.801186496905774037e-01	-3.114443143447102047e-01	1.405405405405405439e+01
-8.445681144900297754e-01	-2.758937791441624099e-01	1.411411411411411443e+01
-8.057581276738146059e-01	-2.370837923279473791e-01	1.417417417417417447e+01
-7.638394981099335679e-01	-1.951651627640661746e-01	1.423423423423423451e+01
-7.189841896032634905e-01	-1.503098542573960139e-01	1.429429429429429455e+01
-6.713819788074936179e-01	-1.027076434616262385e-01	1.435435435435435458e+01
-6.212402820914196822e-01	-5.256594674555217783e-02	1.441441441441441462e+01
-5.687835673654196844e-01	-1.432443318725674583e-04	1.447447447447447466e+01
-5.142507148460356836e-01	5.085310808427211116e-02	1.453453453453453470e+01
-4.578839922872076085e-01	9.789573173728989552e-02	1.459459459459459474e+01
-3.999191349546096230e-01	1.409214743295659211e-01	1.465465465465465478e+01
-3.405845151388485759e-01	1.799756085655548898e-01	1.471471471471471482e+01
-2.801022945106217410e-01	2.151860225502902901e-01	1.477477477477477485e+01
-2.186872103009053769e-01	2.467415322661068167e-01	1.483483483483483489e+01
-1.565474009989629711e-01	2.748718215208353910e-01	1.489489489489489493e+01
-9.388601127438142568e-02	2.998307261804303292e-01	1.495495495495495497e+01
-3.090069888967324901e-02	3.218842323933134297e-01	1.501501501501501501e+01
3.221560865196831935e-02	3.412995157643092803e-01	1.507507507507507505e+01
9.527367147845837436e-02	3.583375727930487864e-01	1.513513513513513509e+01
1.580876046220261733e-01	3.732478268426282497e-01	1.519519519519519513e+01
2.204744121628126607e-01	3.862644603075813809e-01	1.525525525525525516e+01
2.822536451199183505e-01	3.976048349965726203e-01	1.531531531531531520e+01
3.432467282077324988e-01	4.074673410267261597e-01	1.537537537537537524e+01
4.032763312800438094e-01	4.160317761104000978e-01	1.543543543543543528e+01
4.621673477672363362e-01	4.234597800486691876e-01	1.549549549549549532e+01
5.197463237197614827e-01	4.298955518488987160e-01	1.555555555555555536e+01
5.758413521668406254e-01	4.354668393083470646e-01	1.561561561561561540e+01
6.302822803909986504e-01	4.402862083985777941e-01	1.567567567567567544e+01
6.829008289250156905e-01	4.444524758449857060e-01	1.573573573573573547e+01
7.335307013244105612e-01	4.480515577283993300e-01	1.579579579579579551e+01
7.820079358316266438e-01	4.511580642166819755e-01	1.585585585585585555e+01
8.281712075403537821e-01	4.538373192001584067e-01	1.591591591591591559e+01
8.718622659363571836e-01	4.561452413065151257e-01	1.597597597597597563e+01
9.129262977814800450e-01	4.581297897834225030e-01	1.603603603603603744e+01
9.512122386139474361e-01	4.598320181998538647e-01	1.609609609609609748e+01
9.865731747954159525e-01	4.612870062769708346e-01	1.615615615615615752e+01
1.018866872657234079e+00	4.625243746063384398e-01	1.621621621621621756e+01
1.047956153484002950e+00	4.635691859251000468e-01	1.627627627627627760e+01
1.073709397880812544e+00	4.644421649474116953e-01	1.633633633633633764e+01
1.096000963012871310e+00	4.651604352343982063e-01	1.639639639639639768e+01
1.114711638408045769e+00	4.657376069153622566e-01	1.645645645645645772e+01
1.129729092499303533e+00	4.661846838004637950e-01	1.651651651651651775e+01
1.140948344803839776e+00	4.665095439783927822e-01	1.657657657657657779e+01
1.148272216085024278e+00	4.667173769692358754e-01	1.663663663663663783e+01
1.151611784403481664e+00	4.668111527129533700e-01	1.669669669669669787e+01
1.150886667085202486e+00	4.658755983838975823e-01	1.675675675675675791e+01
1.146029574644530369e+00	4.610185059432254651e-01	1.681681681681681795e+01
1.136995166559059189e+00	4.519840978577543411e-01	1.687687687687687799e+01
1.123762205246145118e+00	4.387511365448401590e-01	1.693693693693693803e+01
1.106333868146329280e+00	4.213227994450243763e-01	1.699699699699699806e+01
1.084737754237113938e+00	3.997266855358089788e-01	1.705705705705705810e+01
1.059025960471932981e+00	3.740148917706280773e-01	1.711711711711711814e+01
1.029274935691701254e+00	3.442638669903964610e-01	1.717717717717717818e+01
9.955850969367796566e-01	3.105740282354745863e-01	1.723723723723723822e+01
9.580812343882432192e-01	2.730701656869381488e-01	1.729729729729729826e+01
9.169114234862850710e-01	2.319003547849801117e-01	1.735735735735735830e+01
8.722465220360665628e-01	1.872354533347616312e-01	1.741741741741741833e+01
8.242794213663383607e-01	1.392683526650333736e-01	1.747747747747747837e+01
7.732242616726181517e-01	8.821319297131326176e-02	1.753753753753753841e+01
7.193155389340389894e-01	3.430447023273417578e-02	1.759759759759759845e+01
6.628069798503550825e-01	-2.133004171163310411e-02	1.765765765765765849e+01
6.039659679593533115e-01	-7.339155867507847486e-02	1.771771771771771853e+01
5.430573021968106984e-01	-1.209174396090078180e-01	1.777777777777777857e+01
4.803381017307500334e-01	-1.639037396019654980e-01	1.783783783783783861e+01
4.160574787005040243e-01	-2.024672810955928937e-01	1.789789789789789864e+01
3.504566111365878256e-01	-2.368125855246118461e-01	1.795795795795795868e+01
2.837696125013238202e-01	-2.672046556231933989e-01	1.801801801801801872e+01
2.162239720442105939e-01	-2.939456605740964901e-01	1.807807807807807876e+01
1.480411842066662598e-01	-3.173560177161449669e-01	1.813813813813813880e+01
7.943788703005405516e-02	-3.377598296795650823e-01	1.819819819819819884e+01
1.062585362215125520e-02	-3.554745123886683400e-01	1.825825825825825888e+01
-5.818616817924195800e-02	-3.708025861374419918e-01	1.831831831831831892e+01
-1.267925132542713496e-01	-3.840272183310829424e-01	1.837837837837837895e+01
-1.949904501880346808e-01	-3.954094151980114824e-01	1.843843843843843899e+01
-2.625790384485678364e-01	-4.051851454964088273e-01	1.849849849849849903e+01
-3.293587336123887099e-01	-4.135667357513443387e-01	1.855855855855855907e+01
-3.951317896734582447e-01	-4.207433585321023739e-01	1.861861861861861911e+01
-4.597019693204544288e-01	-4.268817940621035811e-01	1.867867867867867915e+01
-5.228746127319805481e-01	-4.321284930206971131e-01	1.873873873873873919e+01
-5.844566755211797471e-01	-4.366099624820015679e-01	1.879879879879879923e+01
-6.442569679663886495e-01	-4.404368881276373715e-01	1.885885885885885926e+01
-7.020862646993173417e-01	-4.437037101127919159e-01	1.891891891891891930e+01
-7.577577267029070862e-01	-4.464922201456979489e-01	1.897897897897897934e+01
-8.110872532550149616e-01	-4.488720314766343478e-01	1.903903903903903938e+01
-8.618937919503282252e-01	-4.509022261313760382e-01	1.909909909909909942e+01
-9.100001566734949865e-01	-4.526334847819372120e-01	1.915915915915915946e+01
-9.552329733995608141e-01	-4.541079894184377741e-01	1.921921921921921950e+01
-9.974235690118467001e-01	-4.553619843640043796e-01	1.927927927927927954e+01
-1.036408179476260516e+00	-4.564253835629515921e-01	1.933933933933933957e+01
-1.072028859132178491e+00	-4.573234613714076136e-01	1.939939939939939961e+01
-1.104134061821679058e+00	-4.580771864060088072e-01	1.945945945945945965e+01
-1.132578866000753859e+00	-4.587036777891132511e-01	1.951951951951951969e+01
-1.157225366031745750e+00	-4.592171189195110581e-01	1.957957957957957973e+01
-1.177942940409808292e+00	-4.596285853500683971e-01	1.963963963963963977e+01
-1.194609455426803413e+00	-4.599469040556573018e-01	1.969969969969969981e+01
-1.207111458511558544e+00	-4.601784894043549068e-01	1.975975975975975985e+01
-1.215344921240200549e+00	-4.603277263168457090e-01	1.981981981981981988e+01
-1.219215153130662310e+00	-4.603969846272525923e-01	1.987987987987987992e+01
-1.218637575283162855e+00	-4.595160386891371518e-01	1.993993993993993996e+01
-1.213542189778483715e+00	-4.544206531844576236e-01	2.000000000000000000e+01
-1.203883289863461492e+00	-4.447617532694360110e-01	2.006006006006006004e+01
-1.189642375452927503e+00	-4.305208388589019664e-01	2.012012012012012008e+01
-1.170828035468400641e+00	-4.117064988743749376e-01	2.018018018018018012e+01
-1.147476236794906512e+00	-3.883547002008809201e-01	2.024024024024024015e+01
-1.119650601949504942e+00	-3.605290653554795166e-01	2.030030030030030019e+01
-1.087441452259403141e+00	-3.283199156653773820e-01	2.036036036036036023e+01
-1.050966291445000422e+00	-2.918447548509746636e-01	2.042042042042042027e+01
-1.010367874203794258e+00	-2.512463376097686663e-01	2.048048048048048031e+01
-9.658162793146131131e-01	-2.066947427205875210e-01	2.054054054054054035e+01
-9.175069625470909651e-01	-1.583854259530653175e-01	2.060060060060060039e+01
-8.656590123196375997e-01	-1.065374757256119104e-01	2.066066066066066043e+01
-8.105142608845803398e-01	-5.139272429055469910e-02	2.072072072072072046e+01
-7.523373655019951478e-01	6.559271054582850591e-03	2.078078078078078050e+01
-6.914120272272584744e-01	6.189604927825421293e-02	2.084084084084084054e+01
-6.280203955267859017e-01	1.122533145334425886e-01	2.090090090090090058e+01
-5.624420294972917178e-01	1.575926724838644100e-01	2.096096096096096062e+01
-4.949449852201475708e-01	1.980313807843518681e-01	2.102102102102102066e+01
-4.257894102307980266e-01	2.337985953884545443e-01	2.108108108108108070e+01
-3.552275701626113613e-01	2.652002749073715804e-01	2.114114114114114074e+01
-2.835046421248768600e-01	2.925881646995733831e-01	2.120120120120120077e+01
-2.108596326636840157e-01	3.163369239819762702e-01	2.126126126126126081e+01
-1.375263668945256867e-01	3.368248479970024079e-01	2.132132132132132085e+01
-6.373376098180681681e-02	3.544207918947095970e-01	2.138138138138138089e+01
1.029202893246186634e-02	3.694741073712000112e-01	2.144144144144144093e+01
8.432757208173094488e-02	3.823091926677287811e-01	2.150150150150150097e+01
1.581520468430246407e-01	3.932222831469384117e-01	2.156156156156156101e+01
2.315464698927298393e-01	4.024796515864253466e-01	2.162162162162162105e+01
3.042931920615714603e-01	4.103189764792448679e-01	2.168168168168168108e+01
3.761756982061327248e-01	4.169471763330261926e-01	2.174174174174174112e+01
4.469783455273341199e-01	4.225451652428407479e-01	2.180180180180180116e+01
5.164868196382510490e-01	4.272700452618363176e-01	2.186186186186186120e+01
5.844882187359027315e-01	4.312571899626500560e-01	2.192192192192192124e+01
6.507711396633838463e-01	4.346217395264139194e-01	2.198198198198198128e+01
7.151259083566700037e-01	4.374615936035397556e-01	2.204204204204204132e+01
7.773449690543324797e-01	4.398597396116405434e-01	2.210210210210210136e+01
8.372234976548109664e-01	4.418858981597661439e-01	2.216216216216216139e+01
8.945600659340701144e-01	4.435993060962896695e-01	2.222222222222222143e+01
9.491567466864173630e-01	4.450488440939525669e-01	2.228228228228228147e+01
1.000819865387406971e+00	4.462754420766884556e-01	2.234234234234234151e+01
1.049360605198296437e+00	4.473132276744027358e-01	2.240240240240240155e+01
1.094595623070754309e+00	4.481904770283439143e-01	2.246246246246246159e+01
1.136347531337668970e+00	4.489305962542465833e-01	2.252252252252252163e+01
1.174445449111418238e+00	4.495528106197239082e-01	2.258258258258258167e+01
1.208726188798433521e+00	4.500728658481534805e-01	2.264264264264264170e+01
1.239033973622000850e+00	4.505035633881314672e-01	2.270270270270270174e+01
1.265221052721704043e+00	4.508551391318578738e-01	2.276276276276276178e+01
1.287148995258761808e+00	4.511356853092117758e-01	2.282282282282282182e+01
1.304689425033459971e+00	4.513514577178849296e-01	2.288288288288288186e+01
1.317723376049266149e+00	4.515070115658680328e-01	2.294294294294294190e+01
1.326142492249133387e+00	4.516053839008779547e-01	2.300300300300300194e+01
1.329849297282979625e+00	4.516481808467512904e-01	2.306306306306306197e+01
1.328757559058918236e+00	4.503763893893057979e-01	2.312312312312312201e+01
1.322798510746017175e+00	4.444173410764045151e-01	2.318318318318318205e+01
1.311930859444087050e+00	4.335496897744739453e-01	2.324324324324324209e+01
1.296143082734009910e+00	4.177619130643966394e-01	2.330330330330330213e+01
1.275453570285848715e+00	3.970724006162354436e-01	2.336336336336336217e+01
1.249910547210911327e+00	3.715293775412981114e-01	2.342342342342342221e+01
1.219592124536575728e+00	3.412109548669626791e-01	2.348348348348348225e+01
1.184605884346907612e+00	3.062247146772942297e-01	2.354354354354354228e+01
1.145088587113878065e+00	2.667074174442649603e-01	2.360360360360360232e+01
1.101205708895254931e+00	2.228245392256419377e-01	2.366366366366366236e+01
1.053150538875730735e+00	1.747693692061178528e-01	2.372372372372372240e+01
1.001143393736282583e+00	1.227622240666697423e-01	2.378378378378378244e+01
9.454305490600631856e-01	6.704937939045033102e-02	2.384384384384384248e+01
8.862832937497718833e-01	7.903243694005211706e-03	2.390390390390390252e+01
8.239950576148149519e-01	-5.014197128168509932e-02	2.396396396396396256e+01
7.588669668949161728e-01	-1.028327046732606248e-01	2.402402402402402259e+01
6.911925026648526593e-01	-1.500891539497441474e-01	2.408408408408408263e+01
6.212561040602884166e-01	-1.920211217961972361e-01	2.414414414414414267e+01
5.493335727843340344e-01	-2.288769618484556845e-01	2.420420420420420271e+01
4.756923618066561388e-01	-2.609993212609295621e-01	2.426426426426426275e+01
4.005921875793707621e-01	-2.887874580949001402e-01	2.432432432432432279e+01
3.242867542916185730e-01	-3.126677290836107903e-01	2.438438438438438283e+01
2.470241951965652383e-01	-3.330705550633746292e-01	2.444444444444444287e+01
1.690481895080815644e-01	-3.504136860502651274e-01	2.450450450450450290e+01
9.059947880352089977e-02	-3.650910593580234953e-01	2.456456456456456294e+01
1.191641532177279035e-02	-3.774657844468832790e-01	2.462462462462462298e+01
-6.676509285755982681e-02	-3.878672277440687322e-01	2.468468468468468302e+01
-1.452103567901533165e-01	-3.965871721316093779e-01	2.474474474474474306e+01
-2.231848929111240609e-01	-4.038823456951165514e-01	2.480480480480480310e+01
-3.004552583338522265e-01	-4.099771649401550699e-01	2.486486486486486314e+01
-3.767886876908752569e-01	-4.150646223101373544e-01	2.492492492492492318e+01
-4.519531694581696568e-01	-4.193096283054766338e-01	2.498498498498498321e+01
-5.257176746353668939e-01	-4.228522715149305444e-01	2.504504504504504325e+01
-5.978523446906447436e-01	-4.258100871648381469e-01	2.510510510510510329e+01
-6.681288177180002563e-01	-4.282820408028505943e-01	2.516516516516516333e+01
-7.363205996377755191e-01	-4.303509148069422641e-01	2.522522522522522337e+01
-8.022037182713599446e-01	-4.320851196707944375e-01	2.528528528528528341e+01
-8.655575009349375515e-01	-4.335413347760870284e-01	2.534534534534534345e+01
-9.261649212750141524e-01	-4.347665297002218376e-01	2.540540540540540349e+01
-9.838131285111046953e-01	-4.357988959045682176e-01	2.546546546546546352e+01
-1.038294308073281380e+00	-4.366701392532736370e-01	2.552552552552552356e+01
-1.089406421710553019e+00	-4.374057873767498439e-01	2.558558558558558360e+01
-1.136954223504141215e+00	-4.380275582403919676e-01	2.564564564564564719e+01
-1.180748968966564227e+00	-4.385522642386979197e-01	2.570570570570570723e+01
-1.220609414986720376e+00	-4.389935969606481025e-01	2.576576576576576727e+01
-1.256362719515317306e+00	-4.393625848523274313e-01	2.582582582582582731e+01
-1.287844948087031538e+00	-4.396681927765178077e-01	2.588588588588588735e+01
-1.314901799211704247e+00	-4.399173900401004977e-01	2.594594594594594739e+01
-1.337389508107921232e+00	-4.401156521055032411e-01	2.600600600600600742e+01
-1.355175451425979061e+00	-4.402670564617724991e-01	2.606606606606606746e+01
-1.368137972649108081e+00	-4.403745162853433537e-01	2.612612612612612750e+01
-1.376166699455256603e+00	-4.404398886618225983e-01	2.618618618618618754e+01
-1.379163634003519157e+00	-4.404640181017553946e-01	2.624624624624624758e+01
-1.377043145831619908e+00	-4.383226892341711145e-01	2.630630630630630762e+01
-1.369742442624645173e+00	-4.310219860271967685e-01	2.636636636636636766e+01
-1.357228846978407732e+00	-4.185083903809594386e-01	2.642642642642642770e+01
-1.339501683811907817e+00	-4.007812272144591348e-01	2.648648648648648773e+01
-1.316592412742285889e+00	-3.778719561448374842e-01	2.654654654654654777e+01
-1.288564647065627344e+00	-3.498441904681786063e-01	2.660660660660660781e+01
-1.255513957560759675e+00	-3.167935009633107701e-01	2.666666666666666785e+01
-1.217567492701302712e+00	-2.788470361038538625e-01	2.672672672672672789e+01
-1.174883614496018192e+00	-2.361631578985694535e-01	2.678678678678678793e+01
-1.127651071783712045e+00	-1.889306151862631400e-01	2.684684684684684797e+01
-1.076088213920223025e+00	-1.373677573227742310e-01	2.690690690690690801e+01
-1.020441881278571605e+00	-8.172142468112256197e-02	2.696696696696696804e+01
-9.609865280353060424e-01	-2.226607143785722456e-02	2.702702702702702808e+01
-8.980217536666238454e-01	3.791865080102013036e-02	2.708708708708708812e+01
-8.318603576994753057e-01	9.264553330182416502e-02	2.714714714714714816e+01
-7.628097315419322122e-01	1.415828162856050121e-01	2.720720720720720820e+01
-6.911678691510344530e-01	1.848201880346763415e-01	2.726726726726726824e+01
-6.172237493433616606e-01	2.226161141176717373e-01	2.732732732732732828e+01
-5.412572878162488221e-01	2.553439959902207845e-01	2.738738738738738832e+01
-4.635411212891915045e-01	2.834461738245377393e-01	2.744744744744744835e+01
-3.843407114623733634e-01	3.073974308721945659e-01	2.750750750750750839e+01
-3.039168993439043120e-01	3.276776424340996918e-01	2.756756756756756843e+01
-2.225258891102808168e-01	3.447515180003951074e-01	2.762762762762762847e+01
-1.404210499250772848e-01	3.590554007450109109e-01	2.768768768768768851e+01
-5.785347644510883264e-02	3.709885540146027338e-01	2.774774774774774855e+01
2.492725549356093404e-02	3.809103549067590633e-01	2.780780780780780859e+01
1.076727316187794659e-01	3.891369432285852192e-01	2.786786786786786863e+01
1.901340719171833726e-01	3.959437245280512108e-01	2.792792792792792866e+01
2.720626988908778077e-01	4.015686304217591096e-01	2.798798798798798870e+01
3.532102208368636531e-01	4.062139496884490941e-01	2.804804804804804874e+01
4.333285235627505894e-01	4.100509035025345916e-01	2.810810810810810878e+01
5.121699325608582987e-01	4.132219651136619931e-01	2.816816816816816882e+01
5.894875936505872271e-01	4.158465520595621689e-01	2.822822822822822886e+01
6.650358847804324069e-01	4.180233279762776699e-01	2.828828828828828890e+01
7.385708840839501077e-01	4.198331465659556616e-01	2.834834834834834894e+01
8.098511025746757408e-01	4.213424783763735637e-01	2.840840840840840897e+01
8.786379270256458041e-01	4.226055418713696721e-01	2.846846846846846901e+01
9.446963261102916398e-01	4.236662001779951114e-01	2.852852852852852905e+01
1.007795702894220380e+00	4.245600171212520757e-01	2.858858858858858909e+01
1.067710747148491013e+00	4.253158232525669491e-01	2.864864864864864913e+01
1.124221799358834151e+00	4.259567154168545366e-01	2.870870870870870917e+01
1.177115598682888065e+00	4.265011700586176513e-01	2.876876876876876921e+01
1.226186576012491924e+00	4.269640874153053933e-01	2.882882882882882924e+01
1.271237058571446088e+00	4.273572994145031778e-01	2.888888888888888928e+01
1.312077977993527433e+00	4.276900997025069873e-01	2.894894894894894932e+01
1.348530007270850817e+00	4.279699528400338626e-01	2.900900900900900936e+01
1.380423834477294553e+00	4.282026427392127688e-01	2.906906906906906940e+01
1.407601089135651629e+00	4.283926325194712392e-01	2.912912912912912944e+01
1.429914808731923337e+00	4.285432798572863522e-01	2.918918918918918948e+01
1.447229953767741772e+00	4.286570373392067368e-01	2.924924924924924952e+01
1.459424110497558269e+00	4.287355707924490611e-01	2.930930930930930955e+01
1.466387882303717527e+00	4.287798509585760698e-01	2.936936936936936959e+01
1.468023750084032963e+00	4.286878700115923091e-01	2.942942942942942963e+01
1.464254217986422413e+00	4.249183379139815919e-01	2.948948948948948967e+01
1.455024421580879190e+00	4.156885415084386470e-01	2.954954954954954971e+01
1.440313618087295966e+00	4.009777380148556447e-01	2.960960960960960975e+01
1.420135803184956469e+00	3.807999231125162587e-01	2.966966966966966979e+01
1.394539264913730259e+00	3.552033848412898820e-01	2.972972972972972983e+01
1.363606382876043854e+00	3.242705028036032555e-01	2.978978978978978986e+01
1.327453307664061111e+00	2.881174275916207339e-01	2.984984984984984990e+01
1.286229590251824151e+00	2.468937101793836630e-01	2.990990990990990994e+01
1.240117272499078105e+00	2.007813924266375338e-01	2.996996996996996998e+01
1.189330453721382908e+00	1.499945736489428361e-01	3.003003003003003002e+01
1.134113870481007647e+00	9.477799040856772772e-02	3.009009009009009006e+01
1.074742456152519621e+00	3.540657608007947293e-02	3.015015015015015010e+01
1.011519076136745632e+00	-2.613094610514531124e-02	3.021021021021021014e+01
9.447648430283748233e-01	-8.253345433448255886e-02	3.027027027027027017e+01
8.747979137723754794e-01	-1.328414458987318136e-01	3.033033033033033021e+01
8.019269109498663450e-01	-1.771171903314130991e-01	3.039039039039039025e+01
7.264514019993186800e-01	-2.156242274220681043e-01	3.045045045045045029e+01
6.486617241783110277e-01	-2.487632632103956576e-01	3.051051051051051033e+01
5.688405296443045378e-01	-2.770167298426154390e-01	3.057057057057057037e+01
4.872635458481879844e-01	-3.009063762619839655e-01	3.063063063063063041e+01
4.042015098007337159e-01	-3.209597848455785218e-01	3.069069069069069045e+01
3.199210697284726179e-01	-3.376864950932949583e-01	3.075075075075075048e+01
2.346858094726876898e-01	-3.515628710685824720e-01	3.081081081081081052e+01
1.487582702865899997e-01	-3.630221291875434519e-01	3.087087087087087056e+01
6.239953204612656151e-02	-3.724504537846277108e-01	3.093093093093093060e+01
-2.412921766526813366e-02	-3.801858735799526490e-01	3.099099099099099064e+01
-1.105664540956796810e-01	-3.865201574329375500e-01	3.105105105105105068e+01
-1.966508658876861271e-01	-3.917028455267556053e-01	3.111111111111111072e+01
-2.821205529096667552e-01	-3.959417419980491570e-01	3.117117117117117076e+01
-3.667128130442462997e-01	-3.994109718744123239e-01	3.123123123123123079e+01
-4.501650770152339498e-01	-4.022557377273983104e-01	3.129129129129129083e+01
-5.322150936126529563e-01	-4.045945164684339734e-01	3.135135135135135087e+01
-6.126014488168879391e-01	-4.065239767447295094e-01	3.141141141141141091e+01
-6.910641096244934944e-01	-4.081224877095039894e-01	3.147147147147147095e+01
-7.673451147791988669e-01	-4.094533232911456433e-01	3.153153153153153099e+01
-8.411893770272377280e-01	-4.105678380965398500e-01	3.159159159159159103e+01
-9.123453938249181938e-01	-4.115062938758224376e-01	3.165165165165165106e+01
-9.805660264084298250e-01	-4.123009742384800003e-01	3.171171171171171110e+01
-1.045609132422068432e+00	-4.129775910025896835e-01	3.177177177177177114e+01
-1.107238360678076461e+00	-4.135565657846418386e-01	3.183183183183183118e+01
-1.165224390123984932e+00	-4.140538496639257771e-01	3.189189189189189122e+01
-1.219345521316035796e+00	-4.144820090810378277e-01	3.195195195195195126e+01
-1.269388288443354718e+00	-4.148509203674041745e-01	3.201201201201201485e+01
-1.315148369265621175e+00	-4.151682166628931636e-01	3.207207207207207489e+01
-1.356431354255135613e+00	-4.154398271401280596e-01	3.213213213213213493e+01
-1.393053549360929511e+00	-4.156702968246685503e-01	3.219219219219219497e+01
-1.424842257711991023e+00	-4.158630741107930961e-01	3.225225225225225500e+01
-1.451637167979988208e+00	-4.160207271847613519e-01	3.231231231231231504e+01
-1.473290458391143032e+00	-4.161451052855125177e-01	3.237237237237237508e+01
-1.489667314195534997e+00	-4.162374822481474390e-01	3.243243243243243512e+01
-1.500646742788575461e+00	-4.162986319559726089e-01	3.249249249249249516e+01
-1.506122300343875953e+00	-4.163288999892580944e-01	3.255255255255255520e+01
-1.506002411184394152e+00	-4.155668994300600882e-01	3.261261261261261524e+01
-1.500214583293973503e+00	-4.097790715396392724e-01	3.267267267267267528e+01
-1.488718053637143823e+00	-3.982825418828099262e-01	3.273273273273273531e+01
-1.471508048380061995e+00	-3.810725366257279867e-01	3.279279279279279535e+01
-1.448615890575091214e+00	-3.581803788207574279e-01	3.285285285285285539e+01
-1.420108961341963294e+00	-3.296734495876297855e-01	3.291291291291291543e+01
-1.386090650184873097e+00	-2.956551384305394770e-01	3.297297297297297547e+01
-1.346699673199041269e+00	-2.562641614447078720e-01	3.303303303303303551e+01
-1.302109431597388456e+00	-2.116739198430548363e-01	3.309309309309309555e+01
-1.252527378686583148e+00	-1.620918669322496952e-01	3.315315315315315559e+01
-1.198193903873583377e+00	-1.077583921192501737e-01	3.321321321321321562e+01
-1.139380977018097374e+00	-4.894546526376390705e-02	3.327327327327327566e+01
-1.076391149492331500e+00	1.328946070932154194e-02	3.333333333333333570e+01
-1.009551088840118016e+00	7.129360820061100834e-02	3.339339339339339574e+01
-9.391882046693247332e-01	1.229477350233963429e-01	3.345345345345345578e+01
-8.656205920359340000e-01	1.682710792263880928e-01	3.351351351351351582e+01
-7.891568489102515072e-01	2.075206679579443547e-01	3.357357357357357586e+01
-7.100961531860384701e-01	2.411163914614180837e-01	3.363363363363363590e+01
-6.287299464213006450e-01	2.695765710387694192e-01	3.369369369369369593e+01
-5.453429469354426073e-01	2.934665777263602005e-01	3.375375375375375597e+01
-4.602142918905842151e-01	3.133596456142994646e-01	3.381381381381381601e+01
-3.736195799538496454e-01	3.298094728218018412e-01	3.387387387387387605e+01
-2.858319877804029741e-01	3.433313412243749752e-01	3.393393393393393609e+01
-1.971231066318885339e-01	3.543915582202452064e-01	3.399399399399399613e+01
-1.077647212127963439e-01	3.634032859131554605e-01	3.405405405405405617e+01
-1.802859131526628189e-02	3.707253955196027628e-01	3.411411411411411621e+01
7.181319976863945187e-02	3.766654054233522508e-01	3.417417417417417624e+01
1.614870907253053434e-01	3.814800972977565596e-01	3.423423423423423628e+01
2.507182010097374625e-01	3.853845836234244260e-01	3.429429429429429632e+01
3.392309520180048499e-01	3.885572411520918923e-01	3.435435435435435636e+01
4.267491954985871971e-01	3.911429994409676980e-01	3.441441441441441640e+01
5.129967241548469836e-01	3.932597061664206417e-01	3.447447447447447644e+01
5.976977104802742025e-01	3.950014705871172649e-01	3.453453453453453648e+01
6.805774310275981565e-01	3.964441230955114137e-01	3.459459459459459651e+01
7.613628590306082966e-01	3.976478986949218419e-01	3.465465465465465655e+01
8.397835705594965949e-01	3.986603309919136695e-01	3.471471471471471659e+01
9.155725443287209275e-01	3.995187319850172503e-01	3.477477477477477663e+01
9.884670235940758998e-01	4.002524408070509687e-01	3.483483483483483667e+01
1.058209556182209354e+00	4.008843201342223161e-01	3.489489489489489671e+01
1.124548487194703350e+00	4.014320715721139132e-01	3.495495495495495675e+01
1.187238819823396518e+00	4.019093584586239665e-01	3.501501501501501679e+01
1.246043598085402992e+00	4.023268037094611671e-01	3.507507507507507682e+01
1.300734413712879567e+00	4.026924830745924888e-01	3.513513513513513686e+01
1.351092093957738216e+00	4.030124391203107614e-01	3.519519519519519690e+01
1.396907895764134322e+00	4.032913589233788620e-01	3.525525525525525694e+01
1.437983971591087595e+00	4.035326859707722424e-01	3.531531531531531698e+01
1.474134535389872491e+00	4.037389467526817932e-01	3.537537537537537702e+01
1.505186212270060997e+00	4.039119524171533304e-01	3.543543543543543706e+01
1.530978765007977360e+00	4.040529676857909092e-01	3.549549549549549710e+01
1.551365622259706978e+00	4.041628204097299504e-01	3.555555555555555713e+01
1.566214708522854826e+00	4.042419855579521548e-01	3.561561561561561717e+01
1.575408803951354741e+00	4.042906598834280496e-01	3.567567567567567721e+01
1.578846116821058798e+00	4.043087830771537883e-01	3.573573573573573725e+01
1.576440949814400083e+00	4.018759605163680915e-01	3.579579579579579729e+01
1.568133529879291554e+00	3.935685405812592852e-01	3.585585585585585733e+01
1.553900216830415681e+00	3.793352275323835232e-01	3.591591591591591737e+01
1.533755339418210184e+00	3.591903501201785254e-01	3.597597597597597741e+01
1.507750597782741453e+00	3.331856084847096833e-01	3.603603603603603744e+01
1.475975239675365147e+00	3.014102503773332109e-01	3.609609609609609748e+01
1.438556013860831317e+00	2.639910245627996033e-01	3.615615615615615752e+01
1.395656292255820885e+00	2.210913029577891431e-01	3.621621621621621756e+01
1.347475292589424001e+00	1.729103032913921478e-01	3.627627627627627760e+01
1.294247298110231537e+00	1.196823088121996420e-01	3.633633633633633764e+01
1.236240147947635482e+00	6.167515864960326083e-02	3.639639639639639768e+01
1.173754467363982368e+00	-6.078874235245328161e-04	3.645645645645645772e+01
1.107119433472127490e+00	-6.000581542350418018e-02	3.651651651651651775e+01
1.036667728657096887e+00	-1.128428773141547381e-01	3.657657657657657779e+01
9.627261548021845972e-01	-1.590832217837821472e-01	3.663663663663663783e+01
8.856103651370561547e-01	-1.989707880679679464e-01	3.669669669669669787e+01
8.056268379130303581e-01	-2.329403050357936045e-01	3.675675675675675791e+01
7.230738411896845408e-01	-2.615428698505528615e-01	3.681681681681681795e+01
6.382430346676790656e-01	-2.853857399877981482e-01	3.687687687687687799e+01
5.514208836824705529e-01	-3.050867861321109875e-01	3.693693693693693803e+01
4.628901728411427552e-01	-3.212420711099299164e-01	3.699699699699699806e+01
3.729317508412221538e-01	-3.344046902247627129e-01	3.705705705705705810e+01
2.818256008627176290e-01	-3.450728034963163604e-01	3.711711711711711814e+01
1.898518677431034196e-01	-3.536843438445887999e-01	3.717717717717717818e+01
9.729159356255649704e-02	-3.606166358813490125e-01	3.723723723723723822e+01
4.427243473314391997e-03	-3.661890960602389722e-01	3.729729729729729826e+01
-8.845729692834530811e-02	-3.706688998055321926e-01	3.735735735735735830e+01
-1.810763045255146808e-01	-3.742760445764838351e-01	3.741741741741741833e+01
-2.731425389931300685e-01	-3.771896813848331087e-01	3.747747747747747837e+01
-3.643676659602801404e-01	-3.795542252024756147e-01	3.753753753753753841e+01
-4.544627785353056448e-01	-3.814857663681885391e-01	3.759759759759759845e+01
-5.431390748412442404e-01	-3.830760310064012519e-01	3.765765765765765849e+01
-6.301082130737644116e-01	-3.843977159557134260e-01	3.771771771771771853e+01
-7.150832941038240964e-01	-3.855068139021952112e-01	3.777777777777777857e+01
-7.977799089668655697e-01	-3.864468866641470046e-01	3.783783783783783861e+01
-8.779167106840517487e-01	-3.872527079146130813e-01	3.789789789789789864e+01
-9.552166360789922095e-01	-3.879504335205949950e-01	3.795795795795795868e+01
-1.029407659510000794e+00	-3.885601097223241318e-01	3.801801801801801872e+01
-1.100223684078206476e+00	-3.890971368540525610e-01	3.807807807807807876e+01
-1.167405090491832054e+00	-3.895726840236476973e-01	3.813813813813813880e+01
-1.230700461625814812e+00	-3.899956448489113048e-01	3.819819819819819884e+01
-1.289867387212997318e+00	-3.903725005574410489e-01	3.825825825825825888e+01
-1.344673051954560217e+00	-3.907079294909712730e-01	3.831831831831831892e+01
-1.394894830442365841e+00	-3.910054463050880447e-01	3.837837837837837895e+01
-1.440321334212588233e+00	-3.912674511159484614e-01	3.843843843843843899e+01
-1.480753580948735770e+00	-3.914956433547019943e-01	3.849849849849849903e+01
-1.516006181414549125e+00	-3.916911745478423024e-01	3.855855855855855907e+01
-1.545906773808497947e+00	-3.918547722187084026e-01	3.861861861861861911e+01
-1.570296748250251007e+00	-3.919868081953594152e-01	3.867867867867867915e+01
-1.589032528835782054e+00	-3.920874342271512547e-01	3.873873873873873919e+01
-1.601985885020399403e+00	-3.921566188984823009e-01	3.879879879879879923e+01
-1.609044975516682685e+00	-3.921941942330499642e-01	3.885885885885885926e+01
-1.610115240073950460e+00	-3.918868308111356780e-01	3.891891891891891930e+01
-1.605121273878074684e+00	-3.868928646152595685e-01	3.897897897897897934e+01
-1.594019864870576120e+00	-3.757914556077611157e-01	3.903903903903903938e+01
-1.576806868913267046e+00	-3.585784596504519306e-01	3.909909909909909942e+01
-1.553517441632455753e+00	-3.352890323696406938e-01	3.915915915915915946e+01
-1.524225931404268319e+00	-3.059975221414534263e-01	3.921921921921921950e+01
-1.489045570953295261e+00	-2.708171616904799239e-01	3.927927927927927954e+01
-1.448127967124998250e+00	-2.298995578621831071e-01	3.933933933933933957e+01
-1.401662391304370869e+00	-1.834339820415556987e-01	3.939939939939939961e+01
-1.349874864464225999e+00	-1.316464552014109946e-01	3.945945945945945965e+01
-1.293027107117499241e+00	-7.479869785468409860e-02	3.951951951951951969e+01
-1.231415034124437424e+00	-1.318739971134109956e-02	3.957957957957957973e+01
-1.165366100474834132e+00	4.761944588092802133e-02	3.963963963963963977e+01
-1.095219983314704715e+00	1.017049207408038530e-01	3.969969969969969981e+01
-1.021309022132137478e+00	1.489588024778014386e-01	3.975975975975975985e+01
-9.439557547383471414e-01	1.895962476342151204e-01	3.981981981981981988e+01
-8.634731363353889133e-01	2.240568338308007446e-01	3.987987987987987992e+01
-7.801657253624890709e-01	2.529181572978325132e-01	3.993993993993993996e+01
-6.943311167720169763e-01	2.768258297383670019e-01	4.000000000000000000e+01
-6.062621137865854548e-01	2.964403853485289009e-01	4.006006006006006004e+01
-5.162477427802485419e-01	3.124002635125217031e-01	4.012012012012012008e+01
-4.245756127527036128e-01	3.252964206671413727e-01	4.018018018018018012e+01
-3.315323933433360626e-01	3.356591938052371771e-01	4.024024024024024015e+01
-2.374060559033090989e-01	3.439517700749495366e-01	4.030030030030030019e+01
-1.424854684690770867e-01	3.505705150202891307e-01	4.036036036036036023e+01
-4.706200200601300815e-02	3.558483769609971370e-01	4.042042042042042027e+01
4.857119816439018495e-02	3.600608782370807170e-01	4.048048048048048031e+01
1.441181944788229585e-01	3.634327256021578356e-01	4.054054054054054035e+01
2.392814228719750969e-01	3.661437319411649516e-01	4.060060060060060039e+01
3.337617652208850205e-01	3.683387709923448550e-01	4.066066066066066043e+01
4.272589359764529804e-01	3.701317605260893151e-01	4.072072072072072046e+01
5.194719852134155325e-01	3.716121239797701148e-01	4.078078078078078050e+01
6.101000489355317136e-01	3.728485882204954360e-01	4.084084084084084054e+01
6.988436966342196355e-01	3.738947450911953019e-01	4.090090090090090058e+01
7.854054308675155749e-01	3.747916083376539587e-01	4.096096096096096062e+01
8.694907158924750634e-01	3.755702827245032682e-01	4.102102102102102066e+01
9.508089285774636856e-01	3.762542067768500642e-01	4.108108108108108070e+01
1.029074425504689083e+00	3.768610644106817342e-01	4.114114114114114074e+01
1.104007625071152798e+00	3.774039211465262111e-01	4.120120120120120077e+01
1.175335816230490993e+00	3.778924496658582211e-01	4.126126126126126081e+01
1.242793956838348368e+00	3.783336751658128438e-01	4.132132132132132085e+01
1.306126005480112928e+00	3.787327651204924206e-01	4.138138138138138089e+01
1.365085826382126610e+00	3.790932896720950462e-01	4.144144144144144093e+01
1.419437910886906851e+00	3.794176460827481390e-01	4.150150150150150097e+01
1.468958257661506783e+00	3.797075005623479771e-01	4.156156156156156101e+01
1.513435483312009611e+00	3.799638562258899621e-01	4.162162162162162105e+01
1.552671430956221066e+00	3.801872485352118525e-01	4.168168168168168108e+01
1.586481752631562436e+00	3.803779215067110142e-01	4.174174174174174112e+01
1.614696762373499128e+00	3.805358627822659212e-01	4.180180180180180116e+01
1.637162413133971484e+00	3.806609228333472927e-01	4.186186186186186120e+01
1.653740850855003108e+00	3.807528409201885733e-01	4.192192192192192124e+01
1.664310330601448618e+00	3.808112875184950785e-01	4.198198198198198128e+01
1.668766021468122585e+00	3.808358915968427238e-01	4.204204204204204132e+01
1.667021529631373067e+00	3.789403482625087749e-01	4.210210210210210136e+01
1.659015703826380417e+00	3.709345224575159028e-01	4.216216216216216139e+01
1.644725922150385822e+00	3.566447407815210857e-01	4.222222222222222143e+01
1.624170193802057405e+00	3.360890124331930018e-01	4.228228228228228147e+01
1.597407129328861419e+00	3.093259479599970163e-01	4.234234234234234151e+01
1.564535706763870770e+00	2.764545253950065895e-01	4.240240240240240155e+01
1.525694918013550616e+00	2.376137366446864352e-01	4.246246246246246159e+01
1.481063128520020866e+00	1.929819471511564077e-01	4.252252252252252163e+01
1.430857062171877025e+00	1.427758808030127058e-01	4.258258258258258167e+01
1.375330876354891929e+00	8.724969498602751228e-02	4.264264264264264170e+01
1.314774535805810718e+00	2.669335443694612758e-02	4.270270270270270174e+01
1.249512430093071336e+00	-3.514088866058193150e-02	4.276276276276276178e+01
1.179887540230112108e+00	-9.039042669155510079e-02	4.282282282282282182e+01
1.106237115273102978e+00	-1.386038627315019089e-01	4.288288288288288186e+01
1.028888982041190392e+00	-1.799587438678370566e-01	4.294294294294294190e+01
9.481610965748160647e-01	-2.148925653497731070e-01	4.300300300300300194e+01
8.643630317975280475e-01	-2.440052274243756925e-01	4.306306306306306197e+01
7.777974140312315932e-01	-2.679785338141402740e-01	4.312312312312312201e+01
6.887617939122269162e-01	-2.875147586900297370e-01	4.318318318318318205e+01
5.975505399745052459e-01	-3.032931730437510298e-01	4.324324324324324209e+01
5.044565215209282361e-01	-3.159419379956637242e-01	4.330330330330330213e+01
4.097725829271268161e-01	-3.260223043966223866e-01	4.336336336336336217e+01
3.137927255334074239e-01	-3.340220881306874556e-01	4.342342342342342221e+01
2.168129750227874020e-01	-3.403556862560581653e-01	4.348348348348348225e+01
1.191319369700740566e-01	-3.453683324981580705e-01	4.354354354354354228e+01
2.105113813942854906e-02	-3.493428408080788694e-01	4.360360360360360232e+01
-7.712517058071342857e-02	-3.525076033704034328e-01	4.366366366366366236e+01
-1.750900077827034496e-01	-3.550446842919720014e-01	4.372372372372372240e+01
-2.725342585436728582e-01	-3.570972616781347697e-01	4.378378378378378244e+01
-3.691471626150583663e-01	-3.587772883899718601e-01	4.384384384384384248e+01
-4.646168853163458179e-01	-3.601711078915655340e-01	4.390390390390390252e+01
-5.586316956377805898e-01	-3.613444580906439718e-01	4.396396396396396256e+01
-6.508804664111614846e-01	-3.623479101140349989e-01	4.402402402402402259e+01
-7.410537475042205946e-01	-3.632190803002351975e-01	4.408408408408408263e+01
-8.288448493743905132e-01	-3.639862274989498769e-01	4.414414414414414267e+01
-9.139506677542825752e-01	-3.646706086906824629e-01	4.420420420420420271e+01
-9.960729543003925546e-01	-3.652869472497485837e-01	4.426426426426426275e+01
-1.074919388764145500e+00	-3.658462070823620405e-01	4.432432432432432279e+01
-1.150204812903254936e+00	-3.663568329214388908e-01	4.438438438438438283e+01
-1.221651611510632396e+00	-3.668245021274916251e-01	4.444444444444444287e+01
-1.288990799503351159e+00	-3.672529762379356799e-01	4.450450450450450290e+01
-1.351963346525741239e+00	-3.676447864025909062e-01	4.456456456456456294e+01
-1.410321662787708652e+00	-3.680015766344537087e-01	4.462462462462462298e+01
-1.463829982214661651e+00	-3.683242553044472345e-01	4.468468468468468302e+01
-1.512264516965126315e+00	-3.686132201399615060e-01	4.474474474474474306e+01
-1.555414871171273195e+00	-3.688685042097848976e-01	4.480480480480480310e+01
-1.593084924788505718e+00	-3.690899312842855773e-01	4.486486486486486314e+01
-1.625094176471674867e+00	-3.692771603683068782e-01	4.492492492492492318e+01
-1.651278059485433714e+00	-3.694297487561069016e-01	4.498498498498498321e+01
-1.671487456136726779e+00	-3.695472104125673285e-01	4.504504504504504325e+01
-1.685592320651234211e+00	-3.696290373786282335e-01	4.510510510510510329e+01
-1.693479494279853004e+00	-3.696747394384217733e-01	4.516516516516516333e+01
-1.695052709063620711e+00	-3.694817472532229141e-01	4.522522522522522337e+01
-1.690236222376193753e+00	-3.646652605657963453e-01	4.528528528528528341e+01
-1.678988534510921893e+00	-3.534175727005242074e-01	4.534534534534534345e+01
-1.661309852640027618e+00	-3.357388908296295993e-01	4.540540540540540349e+01
-1.637242247126230232e+00	-3.116712853158324359e-01	4.546546546546546352e+01
-1.606869571773791527e+00	-2.812986099633937864e-01	4.552552552552552356e+01
-1.570317035220416324e+00	-2.447460734100184443e-01	4.558558558558558360e+01
-1.527750501720975151e+00	-2.021795399105775215e-01	4.564564564564564364e+01
-1.479375863640208344e+00	-1.538049018298107418e-01	4.570570570570570368e+01
-1.425437944634854404e+00	-9.986698282445687080e-02	4.576576576576576372e+01
-1.366219281287177401e+00	-4.064831947677954860e-02	4.582582582582582376e+01
-1.302038536660798940e+00	2.169844083946700225e-02	4.588588588588588379e+01
-1.233239387355237415e+00	7.820523816015710616e-02	4.594594594594594383e+01
-1.160164195869543224e+00	1.275041526429235017e-01	4.600600600600600387e+01
-1.083145500160036523e+00	1.697174551238405937e-01	4.606606606606606391e+01
-1.002505932793886778e+00	2.052677944691864431e-01	4.612612612612612395e+01
-9.185594244090994342e-01	2.347699091689953166e-01	4.618618618618618399e+01
-8.316132542780987347e-01	2.589373168061802066e-01	4.624624624624624403e+01
-7.419688958491568176e-01	2.785115608842993473e-01	4.630630630630630407e+01
-6.499257490966305895e-01	2.942124540982715697e-01	4.636636636636636410e+01
-5.557808530798669100e-01	3.067074203915882147e-01	4.642642642642642414e+01
-4.598319399017546938e-01	3.165886031636568898e-01	4.648648648648648418e+01
-3.623786020355104220e-01	3.243700018520663253e-01	4.654654654654654422e+01
-2.637225552488449143e-01	3.304846089466508818e-01	4.660660660660660426e+01
-1.641691332214508803e-01	3.352911509838078508e-01	4.666666666666666430e+01
-6.402660814498475905e-02	3.390804820282894982e-01	4.672672672672672434e+01
3.639279490640881520e-02	3.420854972301470842e-01	4.678678678678678438e+01
1.367741335273880698e-01	3.444896429040192887e-01	4.684684684684684441e+01
2.367992300587735688e-01	3.464358411550815253e-01	4.690690690690690445e+01
3.361481770368214828e-01	3.480339829983469246e-01	4.696696696696696449e+01
4.344993781383215126e-01	3.493681875114981183e-01	4.702702702702702453e+01
5.315305831445253926e-01	3.505016576063407219e-01	4.708708708708708457e+01
6.269201383328484312e-01	3.514821279025548417e-01	4.714714714714714461e+01
7.203477309211867574e-01	3.523443222215327242e-01	4.720720720720720465e+01
8.114954760468575667e-01	3.531135093006859127e-01	4.726726726726726469e+01
9.000489623421271679e-01	3.538086050936751770e-01	4.732732732732732472e+01
9.856982746181655042e-01	3.544434166777414852e-01	4.738738738738738476e+01
1.068139109096182482e+00	3.550272617369799599e-01	4.744744744744744480e+01
1.147074120948646359e+00	3.555667225626063521e-01	4.750750750750750484e+01
1.222213928622744472e+00	3.560661833142525490e-01	4.756756756756756488e+01
1.293278093154218267e+00	3.565285381542856458e-01	4.762762762762762492e+01
1.359995727308876967e+00	3.569554859680320047e-01	4.768768768768768496e+01
1.422107085646270530e+00	3.573479599916906113e-01	4.774774774774774500e+01
1.479364331894049922e+00	3.577062646344182917e-01	4.780780780780780503e+01
1.531532605169834360e+00	3.580303076496148540e-01	4.786786786786786507e+01
1.578390632543049010e+00	3.583197194725000756e-01	4.792792792792792511e+01
1.619731367448127513e+00	3.585739586347960750e-01	4.798798798798798515e+01
1.655364091813283478e+00	3.587923845183512706e-01	4.804804804804804519e+01
1.685113194157190630e+00	3.589743036022979839e-01	4.810810810810810523e+01
1.708819321333859387e+00	3.591190145689563962e-01	4.816816816816816527e+01
1.726340776068927552e+00	3.592258399894923682e-01	4.822822822822822530e+01
1.737556875368793330e+00	3.592941666473037365e-01	4.828828828828828534e+01
1.742361573232919625e+00	3.593234234478366318e-01	4.834834834834834538e+01
1.740669346118695726e+00	3.574429697559201591e-01	4.840840840840840542e+01
1.732421853581057603e+00	3.491954772182821465e-01	4.846846846846846546e+01
1.717601014133688819e+00	3.343746377709133633e-01	4.852852852852852550e+01
1.696232190389053152e+00	3.130058140262774735e-01	4.858858858858858554e+01
1.668383415267855607e+00	2.851570389050802068e-01	4.864864864864864558e+01
1.634165549391469296e+00	2.509391730286939515e-01	4.870870870870870561e+01
1.593731542558456393e+00	2.105051661956811593e-01	4.876876876876876565e+01
1.547275491732669650e+00	1.640491153698942772e-01	4.882882882882882569e+01
1.495032206488430049e+00	1.118058301256547593e-01	4.888888888888888573e+01
1.437275246076993307e+00	5.404886971421793418e-02	4.894894894894894577e+01
1.374315970582033586e+00	-8.172942226895721710e-03	4.900900900900900581e+01
1.306496620316788926e+00	-6.588496697264534241e-02	4.906906906906906585e+01
1.234163091588420746e+00	-1.162536105105816814e-01	4.912912912912912589e+01
1.157651676549314113e+00	-1.593309880434143899e-01	4.918918918918918592e+01
1.077288862952918924e+00	-1.955162181605324956e-01	4.924924924924924596e+01
9.933921750623393443e-01	-2.254321429057855042e-01	4.930930930930930600e+01
9.062720847923630973e-01	-2.498205857228543159e-01	4.936936936936936604e+01
8.162338351423061855e-01	-2.694612299626710783e-01	4.942942942942942608e+01
7.235796317208781359e-01	-2.851143300554984661e-01	4.948948948948948612e+01
6.286106584289634647e-01	-2.974830351366370973e-01	4.954954954954954616e+01
5.316285214507576740e-01	-3.071927921419974616e-01	4.960960960960960620e+01
4.329370318964436692e-01	-3.147824738339197181e-01	4.966966966966966623e+01
3.328431126972374310e-01	-3.207042805216899772e-01	4.972972972972972627e+01
2.316573905660910537e-01	-3.253294943227553748e-01	4.978978978978978631e+01
1.296945080923683491e-01	-3.289571857266827548e-01	4.984984984984984635e+01
2.727313674029649415e-02	-3.318242483762028905e-01	4.990990990990990639e+01
-7.528426931848297698e-02	-3.341155473404547327e-01	4.996996996996996643e+01
-1.776519368374447905e-01	-3.359734252119497833e-01	5.003003003003002647e+01
-2.795014152376980032e-01	-3.375061549426669472e-01	5.009009009009008651e+01
-3.805023615773830969e-01	-3.387951332766873103e-01	5.015015015015014654e+01
-4.803233971563067306e-01	-3.399010333679263196e-01	5.021021021021020658e+01
-5.786331931981397725e-01	-3.408683526865740054e-01	5.027027027027026662e+01
-6.751014686309917412e-01	-3.417298137426687532e-01	5.033033033033032666e+01
-7.694000425610119098e-01	-3.425087661187238841e-01	5.039039039039038670e+01
-8.612041659211321365e-01	-3.432217764851083763e-01	5.045045045045044674e+01
-9.501932953919836056e-01	-3.438806763868634264e-01	5.051051051051050678e+01
-1.036052285806197126e+00	-3.444934963866098654e-01	5.057057057057056682e+01
-1.118472520371276424e+00	-3.450654630972515569e-01	5.063063063063062685e+01
-1.197152406708793748e+00	-3.456000014254317354e-01	5.069069069069068689e+01
-1.271800293749227428e+00	-3.460989958317405302e-01	5.075075075075074693e+01
-1.342134250755016245e+00	-3.465634867043406731e-01	5.081081081081080697e+01
-1.407883380994197520e+00	-3.469937648446198564e-01	5.087087087087086701e+01
-1.468788408408379986e+00	-3.473896792265395717e-01	5.093093093093092705e+01
-1.524603973968338355e+00	-3.477506398855896297e-01	5.099099099099098709e+01
-1.575098545855068366e+00	-3.480759329715825690e-01	5.105105105105104712e+01
-1.620054642122551458e+00	-3.483647313847862415e-01	5.111111111111110716e+01
-1.659269934269549829e+00	-3.486161289560995025e-01	5.117117117117116720e+01
-1.692558358012429931e+00	-3.488292055685970894e-01	5.123123123123122724e+01
-1.719750832150082287e+00	-3.490030716881156181e-01	5.129129129129129439e+01
-1.740696980705701780e+00	-3.491368956432202575e-01	5.135135135135135442e+01
-1.755265059504390601e+00	-3.492299226021515768e-01	5.141141141141141446e+01
-1.763341304199929294e+00	-3.492814791451662182e-01	5.147147147147147450e+01
-1.764831147193272720e+00	-3.490385344602617290e-01	5.153153153153153454e+01
-1.759662520313472145e+00	-3.438699075804609318e-01	5.159159159159159458e+01
-1.747799584519794003e+00	-3.320069717867832892e-01	5.165165165165165462e+01
-1.729249834174271694e+00	-3.134572214412609248e-01	5.171171171171171466e+01
-1.704064968024386895e+00	-2.882723552913760146e-01	5.177177177177177470e+01
-1.672340435340586628e+00	-2.565478226075760815e-01	5.183183183183183473e+01
-1.634214933113519841e+00	-2.184223203805088775e-01	5.189189189189189477e+01
-1.589869974108693018e+00	-1.740773613756818328e-01	5.195195195195195481e+01
-1.539528589861219210e+00	-1.237359771282082604e-01	5.201201201201201485e+01
-1.483454604416130973e+00	-6.766199168312012069e-02	5.207207207207207489e+01
-1.421950974848089411e+00	-6.255727044816538490e-03	5.213213213213213493e+01
-1.355355114955659301e+00	5.275192554476180323e-02	5.219219219219219497e+01
-1.284015453424295794e+00	1.043249962296004252e-01	5.225225225225225500e+01
-1.208271934407274317e+00	1.484209072168797272e-01	5.231231231231231504e+01
-1.128454678965446378e+00	1.853990081566000425e-01	5.237237237237237508e+01
-1.044884480998617082e+00	2.158794202269278817e-01	5.243243243243243512e+01
-9.578750553650012822e-01	2.406264844631016142e-01	5.249249249249249516e+01
-8.677349884194931473e-01	2.604549941982721162e-01	5.255255255255255520e+01
-7.747689160869123404e-01	2.761654387289820267e-01	5.261261261261261524e+01
-6.792810533299405984e-01	2.884993255469442963e-01	5.267267267267267528e+01
-5.815771062818724246e-01	2.981156638394052427e-01	5.273273273273273531e+01
-4.819640403493760106e-01	3.055807289696696460e-01	5.279279279279279535e+01
-3.807530094625128370e-01	3.113664105265554483e-01	5.285285285285285539e+01
-2.782596937512151758e-01	3.158585964042815997e-01	5.291291291291291543e+01
-1.748034175587200589e-01	3.193657713538620713e-01	5.297297297297297547e+01
-7.070874536580201708e-02	3.221294695254498519e-01	5.303303303303303551e+01
3.369533069296653388e-02	3.243378976352653820e-01	5.309309309309309555e+01
1.380763896646996503e-01	3.261323541741206755e-01	5.315315315315315559e+01
2.420987787672292668e-01	3.276193342165353850e-01	5.321321321321321562e+01
3.454244073679936244e-01	3.288795840520240543e-01	5.327327327327327566e+01
4.477134811527215819e-01	3.299712384631922624e-01	5.333333333333333570e+01
5.486258226335504196e-01	3.309367537169283779e-01	5.339339339339339574e+01
6.478220338367955966e-01	3.318063848964507567e-01	5.345345345345345578e+01
7.449645267086159039e-01	3.326017181868862194e-01	5.351351351351351582e+01
8.397185869355697774e-01	3.333377546976298289e-01	5.357357357357357586e+01
9.317537498614976155e-01	3.340246750726639235e-01	5.363363363363363590e+01
1.020744857312516407e+00	3.346692590408834045e-01	5.369369369369369593e+01
1.106373069315728319e+00	3.352757954352473813e-01	5.375375375375375597e+01
1.188326929036999324e+00	3.358466639350383698e-01	5.381381381381381601e+01
1.266303852775076511e+00	3.363831857162812855e-01	5.387387387387387605e+01
1.340011855325808687e+00	3.368858281230713292e-01	5.393393393393393609e+01
1.409169322361321308e+00	3.373543646412797137e-01	5.399399399399399613e+01
1.473506092934855571e+00	3.377881279871272069e-01	5.405405405405405617e+01
1.532765102089354459e+00	3.381862536946693143e-01	5.411411411411411621e+01
1.586703670072979300e+00	3.385477162568735765e-01	5.417417417417417624e+01
1.635094853442179641e+00	3.388714100500588855e-01	5.423423423423423628e+01
1.677726938302885884e+00	3.391562081359852932e-01	5.429429429429429632e+01
1.714404334008145625e+00	3.394010008546807788e-01	5.435435435435435636e+01
1.744948327048731374e+00	3.396047270051540945e-01	5.441441441441441640e+01
1.769198343835421072e+00	3.397664011426550501e-01	5.447447447447447644e+01
1.787012873999652918e+00	3.398851358785054400e-01	5.453453453453453648e+01
1.798269387813719922e+00	3.399601478746117067e-01	5.459459459459459651e+01
1.802864909094733514e+00	3.399907691357236805e-01	5.465465465465465655e+01
1.800717070633621741e+00	3.377307368206976523e-01	5.471471471471471659e+01
1.791772943477412783e+00	3.287866096644883607e-01	5.477477477477477663e+01
1.776022614468950822e+00	3.130362806560262889e-01	5.483483483483483667e+01
1.753501189770485968e+00	2.905148559575615463e-01	5.489489489489489671e+01
1.724288202026648342e+00	2.613018682137237536e-01	5.495495495495495675e+01
1.688507865501025051e+00	2.255215316881002963e-01	5.501501501501501679e+01
1.646328251144104415e+00	1.833419173311797712e-01	5.507507507507507682e+01
1.597960248522505067e+00	1.349739147095806169e-01	5.513513513513513686e+01
1.543656659627255179e+00	8.067032581433071503e-02	5.519519519519519690e+01
1.483710709803943928e+00	2.072437599101952660e-02	5.525525525525525694e+01
1.418453607225216739e+00	-3.948058522858772373e-02	5.531531531531531698e+01
1.348234476935726400e+00	-9.225710103360551528e-02	5.537537537537537702e+01
1.273396170119525994e+00	-1.373979969122338107e-01	5.543543543543543706e+01
1.194271620204206297e+00	-1.752088610989492312e-01	5.549549549549549710e+01
1.111184104893271574e+00	-2.062988596681777920e-01	5.555555555555555713e+01
1.024449639370048182e+00	-2.314500647515493337e-01	5.561561561561561717e+01
9.343790745243681917e-01	-2.515099196416143434e-01	5.567567567567567721e+01
8.412796836719101945e-01	-2.673171414456596007e-01	5.573573573573573725e+01
7.454582208253304199e-01	-2.796513193543197495e-01	5.579579579579579729e+01
6.472225364880390686e-01	-2.892050965388135442e-01	5.585585585585585733e+01
5.468827601746307776e-01	-2.965719606267193109e-01	5.591591591591591737e+01
4.447534803701600481e-01	-3.022456256360961380e-01	5.597597597597597741e+01
3.411537213094553156e-01	-3.066258553712480350e-01	5.603603603603603744e+01
2.364075879757802090e-01	-3.100307041455270252e-01	5.609609609609609748e+01
1.308444907421500714e-01	-3.127072356103907103e-01	5.615615615615615752e+01
2.479838195160235723e-02	-3.148448901664109290e-01	5.621621621621621756e+01
-8.139189792013189206e-02	-3.165865501232100754e-01	5.627627627627627760e+01
-1.873841048404693566e-01	-3.180385258331872578e-01	5.633633633633633764e+01
-2.928332408312652180e-01	-3.192789761819990746e-01	5.639639639639639768e+01
-3.973919728862911893e-01	-3.203633644566588057e-01	5.645645645645645772e+01
-5.007123880104168423e-01	-3.213324099800403677e-01	5.651651651651651775e+01
-6.024469357544890435e-01	-3.222147099615842447e-01	5.657657657657657779e+01
-7.022495283128123988e-01	-3.230300208008331508e-01	5.663663663663663783e+01
-7.997765296409575786e-01	-3.237915627490773884e-01	5.669669669669669787e+01
-8.946881852512273969e-01	-3.245082808952608477e-01	5.675675675675675791e+01
-9.866496895070333562e-01	-3.251858881808890045e-01	5.681681681681681795e+01
-1.075332494327916333e+00	-3.258278060706574220e-01	5.687687687687687799e+01
-1.160415903460593867e+00	-3.264357685330749326e-01	5.693693693693693803e+01
-1.241587409426179400e+00	-3.270103794370534112e-01	5.699699699699699806e+01
-1.318543828612895208e+00	-3.275514836898968385e-01	5.705705705705705810e+01
-1.390993335343994275e+00	-3.280584785869570252e-01	5.711711711711711814e+01
-1.458656822705534983e+00	-3.285303690117880593e-01	5.717717717717717818e+01
-1.521267175428115070e+00	-3.289659659033821737e-01	5.723723723723723822e+01
-1.578571603932358069e+00	-3.293639782375012426e-01	5.729729729729729826e+01
-1.630332192146148218e+00	-3.297230686226739760e-01	5.735735735735735830e+01
-1.676326914944825885e+00	-3.300419085883373183e-01	5.741741741741741833e+01
-1.716350341718683836e+00	-3.303192097974388952e-01	5.747747747747747837e+01
-1.750214223039899819e+00	-3.305537464535597270e-01	5.753753753753753841e+01
-1.777748905693752546e+00	-3.307444003745919070e-01	5.759759759759759845e+01
-1.798803713348093414e+00	-3.308901800789382230e-01	5.765765765765765849e+01
-1.813246841914247787e+00	-3.309901730379259943e-01	5.771771771771771853e+01
-1.820967364047002768e+00	-3.310436233982783083e-01	5.777777777777777857e+01
-1.821874731292177696e+00	-3.305896307049967509e-01	5.783783783783783861e+01
-1.815902281428963816e+00	-3.246171808417825932e-01	5.789789789789789864e+01
-1.803022323796181325e+00	-3.117372232090000472e-01	5.795795795795795868e+01
-1.783252366033756253e+00	-2.919672654465746975e-01	5.801801801801801872e+01
-1.756655733502269889e+00	-2.653706329150882781e-01	5.807807807807807876e+01
-1.723341454295213682e+00	-2.320563537080319316e-01	5.813813813813813880e+01
-1.683463225975433408e+00	-1.921781253882518803e-01	5.819819819819819884e+01
-1.637218907720771943e+00	-1.459338071335903320e-01	5.825825825825825888e+01
-1.584849117647706640e+00	-9.356401706052461242e-02	5.831831831831831892e+01
-1.526636928499003121e+00	-3.535182791182113482e-02	5.837837837837837895e+01
-1.462904689740603059e+00	2.555118039542216002e-02	5.843843843843843899e+01
-1.394000543336330722e+00	7.963682379432715508e-02	5.849849849849849903e+01
-1.320269691835399550e+00	1.259565235397500371e-01	5.855855855855855907e+01
-1.242047831236207323e+00	1.647450621013702154e-01	5.861861861861861911e+01
-1.159660844436980254e+00	1.965869445292895146e-01	5.867867867867867915e+01
-1.073427042837732381e+00	2.222722589028148232e-01	5.873873873873873919e+01
-9.836589858580445656e-01	2.426776582622325873e-01	5.879879879879879923e+01
-8.906657656484162633e-01	2.586795746149507247e-01	5.885885885885885926e+01
-7.947560189590781032e-01	2.710966647804071150e-01	5.891891891891891930e+01
-6.962392972434852112e-01	2.806567945583660628e-01	5.897897897897897934e+01
-5.954285718170699848e-01	2.879825929913719662e-01	5.903903903903903938e+01
-4.926409060469289503e-01	2.935901801233671282e-01	5.909909909909909942e+01
-3.881985736266981291e-01	2.978961187954790590e-01	5.915915915915915946e+01
-2.824293310609752861e-01	3.012289957232419657e-01	5.921921921921921950e+01
-1.756664299105126503e-01	3.038427620556293229e-01	5.927927927927927954e+01
-6.824897376878931443e-02	3.059301860797586925e-01	5.933933933933933957e+01
3.947939094848636199e-02	3.076350617676500976e-01	5.939939939939939961e+01
1.471706459868284411e-01	3.090634095896584999e-01	5.945945945945945965e+01
2.544735745738818666e-01	3.102921448883203537e-01	5.951951951951951969e+01
3.610344002251081319e-01	3.113764776353583619e-01	5.957957957957957973e+01
4.664982230424012388e-01	3.123546624975447328e-01	5.963963963963963977e+01
5.705098955953539219e-01	3.132529679493832320e-01	5.969969969969969981e+01
6.727154262059692469e-01	3.140903084180100002e-01	5.975975975975975985e+01
7.727631180791786347e-01	3.148788679696712389e-01	5.981981981981981988e+01
8.703048287386823123e-01	3.156262774110485392e-01	5.987987987987987992e+01
9.649971280225002612e-01	3.163372686964924241e-01	5.993993993993993996e+01
1.056502355463764475e+00	3.170144122863770009e-01	6.000000000000000000e+01
