displacement 	force 	time
0.000000000000000000e+00	0.000000000000000000e+00	0.000000000000000000e+00
2.161804033800432067e-06	2.377984274055412660e-05	6.006006006006005954e-02
3.425448337285216241e-05	3.767982655272685954e-04	1.201201201201201191e-01
1.707794676475774811e-04	1.878558744754058128e-03	1.801801801801801717e-01
5.325187726977808136e-04	5.857647671389089837e-03	2.402402402402402382e-01
1.271876966053864851e-03	1.399025247260548416e-02	3.003003003003003046e-01
2.566563372664275311e-03	2.823055524531165733e-02	3.603603603603603434e-01
4.607149838068393816e-03	5.067338204159048398e-02	4.204204204204204376e-01
7.580005394205694032e-03	8.336571358860503378e-02	4.804804804804804763e-01
1.164643770383100123e-02	1.280768765096367001e-01	5.405405405405405705e-01
1.693305793385325997e-02	1.861923835112287984e-01	6.006006006006006093e-01
2.352583937456389357e-02	2.586465297013899045e-01	6.606606606606606480e-01
3.144343994490216010e-02	3.456315376362928959e-01	7.207207207207206867e-01
4.062477167438837550e-02	4.464620255436987373e-01	7.807807807807807254e-01
5.092911094360749041e-02	5.595771040102585081e-01	8.408408408408408752e-01
6.213844455542422152e-02	6.825674395544361062e-01	9.009009009009009139e-01
7.395525044435111162e-02	8.121567971974661404e-01	9.609609609609609526e-01
8.600076670303699600e-02	9.441861461357348162e-01	1.021021021021021102e+00
9.781498898511982454e-02	1.073613636959206863e+00	1.081081081081081141e+00
1.088800505456795353e-01	1.194761501943121473e+00	1.141141141141141180e+00
1.186528551644377705e-01	1.301712948124133185e+00	1.201201201201201219e+00
1.265241312409661201e-01	1.387865486504916479e+00	1.261261261261261257e+00
1.319143991792005866e-01	1.446879050269017197e+00	1.321321321321321296e+00
1.342792618803563820e-01	1.472729883201830070e+00	1.381381381381381335e+00
1.331094246762737909e-01	1.459710739128366130e+00	1.441441441441441373e+00
1.279861188404316508e-01	1.403022028901385276e+00	1.501501501501501412e+00
1.185358421014357094e-01	1.298503786581585606e+00	1.561561561561561451e+00
1.044828913534931597e-01	1.143190935549887044e+00	1.621621621621621712e+00
8.572867512027883274e-02	9.360917059622185787e-01	1.681681681681681750e+00
6.235171355493503154e-02	6.781876347495163770e-01	1.741741741741741789e+00
3.459593713642936108e-02	3.723102080784870260e-01	1.801801801801801828e+00
2.801029627853841852e-03	2.239720276287702344e-02	1.861861861861861867e+00
-3.254986599710399386e-02	-3.660504780858747642e-01	1.921921921921921905e+00
-7.080499287421498922e-02	-7.857234930112907412e-01	1.981981981981981944e+00
-1.111445770453481641e-01	-1.227510659136242133e+00	2.042042042042042205e+00
-1.526044832379962746e-01	-1.680758186497449458e+00	2.102102102102102243e+00
-1.942005556785129650e-01	-2.134683664249173773e+00	2.162162162162162282e+00
-2.348238864685556204e-01	-2.577257060566702229e+00	2.222222222222222321e+00
-2.733513437884609321e-01	-2.996343338747636587e+00	2.282282282282282360e+00
-3.086645938170466397e-01	-3.379905968441225816e+00	2.342342342342342398e+00
-3.396501007316109488e-01	-3.716006925648355441e+00	2.402402402402402437e+00
-3.652559866362950491e-01	-3.993435933862973908e+00	2.462462462462462476e+00
-3.845861452728980279e-01	-4.202740949545906268e+00	2.522522522522522515e+00
-3.966913726638937598e-01	-4.333652028809657608e+00	2.582582582582582553e+00
-4.008441165325075106e-01	-4.377946433720051544e+00	2.642642642642642592e+00
-3.965613571271146554e-01	-4.329697165785440838e+00	2.702702702702702631e+00
-3.836046072212406233e-01	-4.185272965956709612e+00	2.762762762762762669e+00
-3.619728742607911665e-01	-3.943718431205974095e+00	2.822822822822822708e+00
-3.317720802599630203e-01	-3.606858940280642134e+00	2.882882882882882747e+00
-2.932703913059671597e-01	-3.178231113933441154e+00	2.942942942942942786e+00
-2.470183323854152069e-01	-2.664448597101302330e+00	3.003003003003002824e+00
-1.938512433718017625e-01	-2.075266391109334752e+00	3.063063063063062863e+00
-1.348826070611988115e-01	-1.423508317485403740e+00	3.123123123123122902e+00
-7.126447910027020050e-02	-7.223916047938205853e-01	3.183183183183182940e+00
-4.223676263190728752e-03	1.426597624552372601e-02	3.243243243243243423e+00
6.488801643879782421e-02	7.714435034591039519e-01	3.303303303303303462e+00
1.346442142953407639e-01	1.533445909731408818e+00	3.363363363363363501e+00
2.035439328969682327e-01	2.283903983004916594e+00	3.423423423423423539e+00
2.700806069363138051e-01	3.006559610876174293e+00	3.483483483483483578e+00
3.329086861745927384e-01	3.687185982507558801e+00	3.543543543543543617e+00
3.906563568019597033e-01	4.311325385604126481e+00	3.603603603603603656e+00
4.421083272485443194e-01	4.866255306322235796e+00	3.663663663663663694e+00
4.862196673605959640e-01	5.341143109438363901e+00	3.723723723723723733e+00
5.221596956000470469e-01	5.516925850000411025e+00	3.783783783783783772e+00
5.498701455185445175e-01	5.551126499462361252e+00	3.843843843843843811e+00
5.697191133043261191e-01	5.575629887212419256e+00	3.903903903903903849e+00
5.819452838273906359e-01	5.590810926214073717e+00	3.963963963963963888e+00
5.866446222683618927e-01	5.596393612539236173e+00	4.024024024024024371e+00
5.838247029479997074e-01	5.591174281297235815e+00	4.084084084084084409e+00
5.733384431761749944e-01	5.572647166179603317e+00	4.144144144144144448e+00
5.546010913793103514e-01	5.539708393961049637e+00	4.204204204204204487e+00
5.271529036801021473e-01	5.491839786878486507e+00	4.264264264264264526e+00
4.907051982181271921e-01	5.340662231873992027e+00	4.324324324324324564e+00
4.451403551498428479e-01	4.830272139157269606e+00	4.384384384384384603e+00
3.905118166485865294e-01	4.219930661471776645e+00	4.444444444444444642e+00
3.276170363652960993e-01	3.519359927744126093e+00	4.504504504504504681e+00
2.578472059133075645e-01	2.744785935315803282e+00	4.564564564564564719e+00
1.823554280201599431e-01	1.909587643343144236e+00	4.624624624624624758e+00
1.024550315041845017e-01	1.028751317822394151e+00	4.684684684684684797e+00
1.961966234254219899e-02	1.188715470109921180e-01	4.744744744744744835e+00
-6.451671632877625795e-02	-8.018487585724276556e-01	4.804804804804804874e+00
-1.483660762936727662e-01	-1.715997773265038884e+00	4.864864864864864913e+00
-2.305591435316651228e-01	-2.609055441625438121e+00	4.924924924924924952e+00
-3.095982940537496675e-01	-3.465150459423488982e+00	4.984984984984984990e+00
-3.841029447122201179e-01	-4.269767363694382922e+00	5.045045045045045029e+00
-4.528138244252856714e-01	-5.009795330866015917e+00	5.105105105105105068e+00
-5.145929741770708388e-01	-5.534894922076826873e+00	5.165165165165165106e+00
-5.689521422933123684e-01	-5.601257963909020532e+00	5.225225225225225145e+00
-6.168433790768359515e-01	-5.658770086027879564e+00	5.285285285285285184e+00
-6.591119025214511318e-01	-5.708795881196516042e+00	5.345345345345345223e+00
-6.964132691001398978e-01	-5.752392195035178624e+00	5.405405405405405261e+00
-7.292153626706735503e-01	-5.790310633993993150e+00	5.465465465465465300e+00
-7.578052856468473486e-01	-5.823042505969441507e+00	5.525525525525525339e+00
-7.822538191469103896e-01	-5.850956820291835392e+00	5.585585585585585378e+00
-8.023214435575596326e-01	-5.873792986055306642e+00	5.645645645645645416e+00
-8.175662417393610992e-01	-5.890785314940347739e+00	5.705705705705705455e+00
-8.273554703069977423e-01	-5.900699363026465250e+00	5.765765765765765494e+00
-8.308655596292700007e-01	-5.901831930792178937e+00	5.825825825825825532e+00
-8.270821138290953556e-01	-5.892011063115026204e+00	5.885885885885885571e+00
-8.147999107835087740e-01	-5.868596049271555870e+00	5.945945945945945610e+00
-7.926229021236621541e-01	-5.828477422937337948e+00	6.006006006006005649e+00
-7.589642132348245473e-01	-5.768076962186951206e+00	6.066066066066065687e+00
-7.121128009816016791e-01	-5.684029951766712330e+00	6.126126126126125726e+00
-6.504603812528039208e-01	-5.575268231748434999e+00	6.186186186186185765e+00
-5.723101662656925326e-01	-5.440592340754450085e+00	6.246246246246245803e+00
-4.758505209537202130e-01	-5.049824942271118999e+00	6.306306306306305842e+00
-3.606683322212406173e-01	-3.769788734149450260e+00	6.366366366366365881e+00
-2.288374626084063723e-01	-2.313496601128310903e+00	6.426426426426426808e+00
-8.342090145384628563e-02	-7.173307273231985803e-01	6.486486486486486847e+00
7.207733535634763822e-02	9.785709917704124017e-01	6.546546546546546885e+00
2.337133974332282760e-01	2.730210374232506787e+00	6.606606606606606924e+00
3.971045570755077914e-01	4.489835849142516544e+00	6.666666666666666963e+00
5.581201870111072161e-01	5.661601969822012137e+00	6.726726726726727001e+00
7.149314821878771653e-01	5.840698006980448831e+00	6.786786786786787040e+00
8.669074202453996847e-01	6.004569793337977579e+00	6.846846846846847079e+00
1.014390780900577660e+00	6.155106859824397425e+00	6.906906906906907118e+00
1.158697416628146959e+00	6.296146888104820150e+00	6.966966966966967156e+00
1.300642750370385237e+00	6.429365087564629100e+00	7.027027027027027195e+00
1.439749832492276171e+00	6.553650187267991534e+00	7.087087087087087234e+00
1.575769793533390972e+00	6.669504991728651966e+00	7.147147147147147273e+00
1.708180759153451023e+00	6.777232951336014999e+00	7.207207207207207311e+00
1.836187850132327881e+00	6.876938162355139994e+00	7.267267267267267350e+00
1.958729762370850391e+00	6.968531056027582160e+00	7.327327327327327389e+00
2.074503145818106464e+00	7.051846406526666833e+00	7.387387387387387427e+00
2.181884431269791591e+00	7.126629371921413991e+00	7.447447447447447466e+00
2.279050209282622586e+00	7.192440634682089495e+00	7.507507507507507505e+00
2.364000062365788857e+00	7.248655902147676855e+00	7.567567567567567544e+00
2.434556564980953297e+00	7.294465906525881671e+00	7.627627627627627582e+00
2.488365283542252726e+00	7.328876404893124530e+00	7.687687687687687621e+00
2.522895400010232159e+00	7.350728388574571781e+00	7.747747747747747660e+00
2.535591503653833900e+00	7.358796881067392270e+00	7.807807807807807698e+00
2.523779788344343356e+00	7.334887998609232795e+00	7.867867867867867737e+00
2.484853638309744817e+00	7.260370016200792698e+00	7.927927927927927776e+00
2.416446896101825725e+00	7.125162143900170442e+00	7.987987987987987815e+00
2.316433862596170012e+00	6.927734526822853844e+00	8.048048048048048742e+00
2.182926980505347281e+00	6.671402936763620950e+00	8.108108108108108780e+00
2.014317332735852339e+00	6.360783119462668722e+00	8.168168168168168819e+00
1.809337622895655917e+00	6.005911668144081617e+00	8.228228228228228858e+00
1.567061601873227517e+00	5.617070906077541004e+00	8.288288288288288896e+00
1.286903950782040118e+00	5.204707627002210124e+00	8.348348348348348935e+00
9.684307997512103805e-01	4.778853027381091856e+00	8.408408408408408974e+00
6.113538594745463461e-01	4.350448169870815285e+00	8.468468468468469013e+00
2.193341948072079495e-01	1.268546461732666941e+00	8.528528528528529051e+00
-1.989446977788036364e-01	-3.091852091129471347e+00	8.588588588588589090e+00
-6.300427068917113793e-01	-6.295434984754114893e+00	8.648648648648649129e+00
-1.063116535430299603e+00	-6.597190678893447568e+00	8.708708708708709167e+00
-1.495862901224917829e+00	-6.867107878511463426e+00	8.768768768768769206e+00
-1.927136211013630085e+00	-7.115277808433615903e+00	8.828828828828829245e+00
-2.355162775489133775e+00	-7.348784251412748603e+00	8.888888888888889284e+00
-2.777961614046079220e+00	-7.571945911590299616e+00	8.948948948948949322e+00
-3.193284813120672361e+00	-7.785925376593179514e+00	9.009009009009009361e+00
-3.598578874184899412e+00	-7.992255653557984729e+00	9.069069069069069400e+00
-3.991047762740916660e+00	-8.190926025468041161e+00	9.129129129129129439e+00
-4.367680022035377085e+00	-8.380609343136109501e+00	9.189189189189189477e+00
-4.725275935007188011e+00	-8.560125890559092454e+00	9.249249249249249516e+00
-5.060475645099877795e+00	-8.728218754643698674e+00	9.309309309309309555e+00
-5.369813896998246072e+00	-8.883198500900991945e+00	9.369369369369369593e+00
-5.649719898841234489e+00	-9.023343084244419998e+00	9.429429429429429632e+00
-5.896666615961141389e+00	-9.146951502378493970e+00	9.489489489489489671e+00
-6.107185694705159484e+00	-9.252319230556862450e+00	9.549549549549549710e+00
-6.277867462435376744e+00	-9.337738221582315035e+00	9.609609609609609748e+00
-6.405388314503643876e+00	-9.401528597862398584e+00	9.669669669669669787e+00
-6.486670213972274723e+00	-9.442184095439335678e+00	9.729729729729729826e+00
-6.518868446547899431e+00	-9.458280435511962736e+00	9.789789789789789864e+00
-6.499428211169694158e+00	-9.417235397592728319e+00	9.849849849849849903e+00
-6.426225052423762740e+00	-9.273968668850411490e+00	9.909909909909909942e+00
-6.297774096673652622e+00	-9.020218975286470098e+00	9.969969969969969981e+00
-6.113271327905072106e+00	-8.661649980080834865e+00	1.003003003003003002e+01
-5.872692187008137665e+00	-8.221991203676235926e+00	1.009009009009009006e+01
-5.576577084355757385e+00	-7.726468080487099321e+00	1.015015015015015010e+01
-5.225995927906091687e+00	-7.198831286391625284e+00	1.021021021021021014e+01
-4.822548123202551551e+00	-6.661356738731787352e+00	1.027027027027027017e+01
-4.368339775454514573e+00	-6.134772751262592472e+00	1.033033033033033021e+01
-3.865771976410027122e+00	-5.638576411218553019e+00	1.039039039039039025e+01
-3.317519277300273295e+00	-5.187172427369764804e+00	1.045045045045045029e+01
-2.726481706956132456e+00	-4.780079433741357242e+00	1.051051051051051033e+01
-2.095770726510902016e+00	-4.403061062264158387e+00	1.057057057057057037e+01
-1.428724259219282366e+00	-4.039404536055982042e+00	1.063063063063063041e+01
-7.288248818825778796e-01	-3.674807334735600506e+00	1.069069069069069045e+01
-2.573266103968130381e-03	1.418995579173812915e+00	1.075075075075075048e+01
7.312075858719678800e-01	6.562999703196476631e+00	1.081081081081081052e+01
1.452747699140768844e+00	6.924772871724410805e+00	1.087087087087087056e+01
2.155210378120607118e+00	7.276292869867849511e+00	1.093093093093093060e+01
2.834903741661432441e+00	7.616388903001217514e+00	1.099099099099099064e+01
3.486985161239022801e+00	7.942404864582421453e+00	1.105105105105105068e+01
4.106876766470259454e+00	8.252327706917073513e+00	1.111111111111111072e+01
4.690086772323606823e+00	8.544011078173445739e+00	1.117117117117117076e+01
5.232218316851870554e+00	8.815120186634018751e+00	1.123123123123123079e+01
5.729110225571575121e+00	9.063563536588032932e+00	1.129129129129129083e+01
6.176880018449610432e+00	9.287414175226368585e+00	1.135135135135135087e+01
6.571923909903237160e+00	9.484909692641542378e+00	1.141141141141141091e+01
6.910952619130808827e+00	9.654434949238336117e+00	1.147147147147147095e+01
7.191112313873246897e+00	9.794522112677825021e+00	1.153153153153153099e+01
7.409980407192303886e+00	9.903960404266111794e+00	1.159159159159159103e+01
7.565618570277379717e+00	9.981782212075211547e+00	1.165165165165165106e+01
7.656581832847648705e+00	1.002972069313140402e+01	1.171171171171171110e+01
7.681941875509741280e+00	1.005042909260136241e+01	1.177177177177177114e+01
7.641260844640314076e+00	9.979874630490847665e+00	1.183183183183183118e+01
7.534925932351919542e+00	9.776249269763770400e+00	1.189189189189189122e+01
7.364205479759879047e+00	9.439175717745113658e+00	1.195195195195195126e+01
7.131230360944779356e+00	8.999133556646439658e+00	1.201201201201201130e+01
6.838972849709701762e+00	8.489617417292761203e+00	1.207207207207207134e+01
6.491016314478534888e+00	7.944930223108424450e+00	1.213213213213213137e+01
6.091426971862786921e+00	7.391916082978321256e+00	1.219219219219219141e+01
5.644693849641152283e+00	6.851525056556735827e+00	1.225225225225225145e+01
5.155550557718732385e+00	6.345930456543260156e+00	1.231231231231231149e+01
4.628877274493717664e+00	5.888712171148090313e+00	1.237237237237237153e+01
4.069654128189374553e+00	5.482323115614299525e+00	1.243243243243243157e+01
3.482825255173047196e+00	5.115656386075237094e+00	1.249249249249249161e+01
2.873347862020527721e+00	4.771335027223992498e+00	1.255255255255255165e+01
2.246158614160163047e+00	4.439233396255279018e+00	1.261261261261261168e+01
1.606249762074642318e+00	4.111958260320607295e+00	1.267267267267267172e+01
9.584792338291389102e-01	3.783547493020865460e+00	1.273273273273273176e+01
3.074335697076255869e-01	1.627060646491732321e+00	1.279279279279279180e+01
-3.328405697094759530e-01	-4.776731581190587050e+00	1.285285285285285362e+01
-9.409218705538542338e-01	-6.669066168249443649e+00	1.291291291291291365e+01
-1.504844688557770205e+00	-6.951078880607152399e+00	1.297297297297297369e+01
-2.020515720070650278e+00	-7.209082183271943833e+00	1.303303303303303373e+01
-2.484364407846940459e+00	-7.441085349910387947e+00	1.309309309309309377e+01
-2.893435104482622755e+00	-7.645650568882401465e+00	1.315315315315315381e+01
-3.245261398564238675e+00	-7.821576491043840562e+00	1.321321321321321385e+01
-3.537881714640358943e+00	-7.967898259190476118e+00	1.327327327327327389e+01
-3.769891542276991192e+00	-8.083909765953766424e+00	1.333333333333333393e+01
-3.940449040434025996e+00	-8.169192272930644094e+00	1.339339339339339396e+01
-4.049288210463850568e+00	-8.223614084478198194e+00	1.345345345345345400e+01
-4.096725477880212907e+00	-8.246453033343502881e+00	1.351351351351351404e+01
-4.083714751472453663e+00	-8.207657135566664763e+00	1.357357357357357408e+01
-4.011720623913933359e+00	-8.067394960769467716e+00	1.363363363363363412e+01
-3.883045355449189273e+00	-7.812720637676212831e+00	1.369369369369369416e+01
-3.700911995732073745e+00	-7.456352499332564499e+00	1.375375375375375420e+01
-3.469349294624559654e+00	-7.031553750427325333e+00	1.381381381381381424e+01
-3.192791590458595063e+00	-6.564981611740775769e+00	1.387387387387387427e+01
-2.876203400622983519e+00	-6.081260181723127545e+00	1.393393393393393431e+01
-2.524804765002365059e+00	-5.600288388945172890e+00	1.399399399399399435e+01
-2.144044479824036564e+00	-5.136597708073621149e+00	1.405405405405405439e+01
-1.739494171201543704e+00	-4.703590036118777462e+00	1.411411411411411443e+01
-1.316671183678893575e+00	-4.311544063355118084e+00	1.417417417417417447e+01
-8.809986154401279190e-01	-3.963092248955688124e+00	1.423423423423423451e+01
-4.374206576910208422e-01	-3.058579043473497627e+00	1.429429429429429455e+01
4.827126878692689083e-03	1.419041921249379890e+00	1.435435435435435458e+01
4.291033158796555558e-01	5.693194323628681275e+00	1.441441441441441462e+01
8.160970094898891691e-01	6.577957916668045968e+00	1.447447447447447466e+01
1.158020243358509838e+00	6.759016951696498410e+00	1.453453453453453470e+01
1.451220209773986358e+00	6.911546809285058046e+00	1.459459459459459474e+01
1.692434364034542948e+00	7.032165796334462371e+00	1.465465465465465478e+01
1.878894253796287384e+00	7.125978920272380002e+00	1.471471471471471482e+01
2.008359727095194724e+00	7.201024936342021121e+00	1.477477477477477485e+01
2.079137472152174482e+00	7.248814548387430889e+00	1.483483483483483489e+01
2.090081348532142336e+00	7.244108299616756064e+00	1.489489489489489493e+01
2.040630508882475436e+00	7.145494991203909407e+00	1.495495495495495497e+01
1.931185463188054285e+00	6.926846196331196026e+00	1.501501501501501501e+01
1.762990095772357213e+00	6.599629089476662713e+00	1.507507507507507505e+01
1.538106373405993210e+00	6.182934251331984932e+00	1.513513513513513509e+01
1.259436479862769742e+00	5.701195522544351135e+00	1.519519519519519513e+01
9.307228159196903050e-01	5.184190003716461881e+00	1.525525525525525516e+01
5.549475342271975586e-01	4.659219520381306268e+00	1.531531531531531520e+01
1.398697427205670696e-01	7.273135747985439714e-01	1.537537537537537524e+01
-2.996751393181498191e-01	-3.919379365218210953e+00	1.543543543543543528e+01
-7.459713924809667773e-01	-6.233688453550513486e+00	1.549549549549549532e+01
-1.184416451972404527e+00	-6.580126817372919490e+00	1.555555555555555536e+01
-1.609441551927247804e+00	-6.873921869129706153e+00	1.561561561561561540e+01
-2.015890750707111323e+00	-7.126757648621215857e+00	1.567567567567567544e+01
-2.398679956449520034e+00	-7.347992956379585827e+00	1.573573573573573547e+01
-2.752788588466864361e+00	-7.542837717983951862e+00	1.579579579579579551e+01
-3.073293663588832381e+00	-7.713732965144764364e+00	1.585585585585585555e+01
-3.355446709619775092e+00	-7.861332173540937163e+00	1.591591591591591559e+01
-3.594730140217234027e+00	-7.985120803446849713e+00	1.597597597597597563e+01
-3.786880647282008461e+00	-8.083644369865691459e+00	1.603603603603603744e+01
-3.927986858216122812e+00	-8.155619553459469984e+00	1.609609609609609748e+01
-4.014542881895100557e+00	-8.199654423929189306e+00	1.615615615615615752e+01
-4.043497877239651928e+00	-8.212597034488227976e+00	1.621621621621621756e+01
-4.012323924369871619e+00	-8.148249804605113056e+00	1.627627627627627760e+01
-3.919157560705019527e+00	-7.965492305095039249e+00	1.633633633633633764e+01
-3.763073783502399294e+00	-7.658264405661624252e+00	1.639639639639639768e+01
-3.544054597624856306e+00	-7.242378924630719084e+00	1.645645645645645772e+01
-3.263021067558210309e+00	-6.747310574868325972e+00	1.651651651651651775e+01
-2.921666381628711839e+00	-6.204958207721299246e+00	1.657657657657657779e+01
-2.522321709681846880e+00	-5.643482492654846361e+00	1.663663663663663783e+01
-2.067950442796772315e+00	-5.086836026906643049e+00	1.669669669669669787e+01
-1.562028981617886281e+00	-4.558051429548694244e+00	1.675675675675675791e+01
-1.008396379027675316e+00	-4.076171377639541404e+00	1.681681681681681795e+01
-4.111815017725732879e-01	-2.801424295058520642e+00	1.687687687687687799e+01
2.191209055047523002e-01	3.574700781413327366e+00	1.693693693693693803e+01
8.599462505801133139e-01	6.599105616844549438e+00	1.699699699699699806e+01
1.496710685428549903e+00	6.933881396354163229e+00	1.705705705705705810e+01
2.123946075638719400e+00	7.254897255752115193e+00	1.711711711711711814e+01
2.736367558956172008e+00	7.564140011212553638e+00	1.717717717717717818e+01
3.328597076654690845e+00	7.861978112689850029e+00	1.723723723723723822e+01
3.895195275975150473e+00	8.145818018866705756e+00	1.729729729729729826e+01
4.430710185082140207e+00	8.413912475287258275e+00	1.735735735735735830e+01
4.929748746493309852e+00	8.663662897390651096e+00	1.741741741741741833e+01
5.387054024695191679e+00	8.892407230960539977e+00	1.747747747747747837e+01
5.797610371034911836e+00	9.097702380890078544e+00	1.753753753753753841e+01
6.156656886393627737e+00	9.275449547289396079e+00	1.759759759759759845e+01
6.459773132893299241e+00	9.414096299689854064e+00	1.765765765765765849e+01
6.702961913022226881e+00	9.532448243979086300e+00	1.771771771771771853e+01
6.882732126230713732e+00	9.640288734859375097e+00	1.777777777777777857e+01
6.996113833911749680e+00	9.729060246604028350e+00	1.783783783783783861e+01
7.040658259401014085e+00	9.771864373057372433e+00	1.789789789789789864e+01
7.014437787976872229e+00	9.723461827634755750e+00	1.795795795795795868e+01
6.916198352288819073e+00	9.532175411885992489e+00	1.801801801801801872e+01
6.746035263570035134e+00	9.197493911549530665e+00	1.807807807807807876e+01
6.504986552408669631e+00	8.738185260773580154e+00	1.813813813813813880e+01
6.195095845608584284e+00	8.192313225410668309e+00	1.819819819819819884e+01
5.819253175873226880e+00	7.603310421085074822e+00	1.825825825825825888e+01
5.381045376746937947e+00	7.001123324140393400e+00	1.831831831831831892e+01
4.884573844134115106e+00	6.414031851148635610e+00	1.837837837837837895e+01
4.334399737973350319e+00	5.868229011872332812e+00	1.843843843843843899e+01
3.735389474410967914e+00	5.381110224028338607e+00	1.849849849849849903e+01
3.092619893367170025e+00	4.947720512076900334e+00	1.855855855855855907e+01
2.411316054651033269e+00	4.551160056817900923e+00	1.861861861861861911e+01
1.696923571560691624e+00	4.167345467603586151e+00	1.867867867867867915e+01
9.549935530162523278e-01	3.786006060851610400e+00	1.873873873873873919e+01
1.916876971952897746e-01	4.705818367974436978e-01	1.879879879879879923e+01
-5.751548312658907314e-01	-6.485377022343064901e+00	1.885885885885885926e+01
-1.321461054573650706e+00	-6.859420366921712642e+00	1.891891891891891930e+01
-2.036976756578362746e+00	-7.217208091524705438e+00	1.897897897897897934e+01
-2.716131629921656021e+00	-7.556940787169561524e+00	1.903903903903903938e+01
-3.353339910491999198e+00	-7.875656522048779529e+00	1.909909909909909942e+01
-3.943203572090351550e+00	-8.170560504876446473e+00	1.915915915915915946e+01
-4.480722183053591934e+00	-8.439273828131307553e+00	1.921921921921921950e+01
-4.961307774271819682e+00	-8.679593978029910062e+00	1.927927927927927954e+01
-5.380809434198042140e+00	-8.889350886402114682e+00	1.933933933933933957e+01
-5.735600240662323657e+00	-9.066748385180567027e+00	1.939939939939939961e+01
-6.022684987748789354e+00	-9.210298784631079982e+00	1.945945945945945965e+01
-6.239700448546220635e+00	-9.318822390942946399e+00	1.951951951951951969e+01
-6.384915375148054295e+00	-9.391447506228942643e+00	1.957957957957957973e+01
-6.457233508753738249e+00	-9.428429656407363524e+00	1.963963963963963977e+01
-6.456271363715642586e+00	-9.417092374227642892e+00	1.969969969969969981e+01
-6.382413750211567205e+00	-9.276767025804858235e+00	1.975975975975975985e+01
-6.237072817713966266e+00	-8.989202698551627790e+00	1.981981981981981988e+01
-6.022718359734232862e+00	-8.576530557017832734e+00	1.987987987987987992e+01
-5.742789723439931215e+00	-8.071919440417884672e+00	1.993993993993993996e+01
-5.401562234410163477e+00	-7.517495752512105334e+00	2.000000000000000000e+01
-5.003988781702177313e+00	-6.946348278671471199e+00	2.006006006006006004e+01
-4.555500483822278568e+00	-6.382729791469533787e+00	2.012012012012012008e+01
-4.061851483004367935e+00	-5.851031657149735388e+00	2.018018018018018012e+01
-3.529049446690491365e+00	-5.370365408823576381e+00	2.024024024024024015e+01
-2.963181351350478998e+00	-4.946179262537571120e+00	2.030030030030030019e+01
-2.370349941577924557e+00	-4.567160264702173400e+00	2.036036036036036023e+01
-1.756623370982397736e+00	-4.217911204501582745e+00	2.042042042042042027e+01
-1.128067455717391088e+00	-3.882293580415725032e+00	2.048048048048048031e+01
-4.906574173485849233e-01	-3.465817523973013792e+00	2.054054054054054035e+01
1.454987615860350303e-01	2.900441244999815371e+00	2.060060060060060039e+01
7.571752480830160614e-01	6.575664571341047981e+00	2.066066066066066043e+01
1.326457921226189773e+00	6.861276963409905782e+00	2.072072072072072046e+01
1.847874342882088960e+00	7.122449634700827481e+00	2.078078078078078050e+01
2.316818537197907091e+00	7.357098466999809183e+00	2.084084084084084054e+01
2.729028092873778011e+00	7.563317411071307284e+00	2.090090090090090058e+01
3.080754595239229676e+00	7.739234978970291223e+00	2.096096096096096062e+01
3.368823205714797542e+00	7.883298047665864949e+00	2.102102102102102066e+01
3.590717409591388964e+00	7.994270146712569414e+00	2.108108108108108070e+01
3.744581046476735064e+00	8.071228153587412635e+00	2.114114114114114074e+01
3.829218310295389838e+00	8.113562293689863480e+00	2.120120120120120077e+01
3.844121915177586501e+00	8.123099199552036964e+00	2.126126126126126081e+01
3.789540806881317447e+00	8.020299197324424867e+00	2.132132132132132085e+01
3.666683472246248687e+00	7.776976615813247840e+00	2.138138138138138089e+01
3.477821342346564482e+00	7.409257771359941458e+00	2.144144144144144093e+01
3.226217296109934018e+00	6.943207704888090248e+00	2.150150150150150097e+01
2.916004723228905693e+00	6.418573939417554719e+00	2.156156156156156101e+01
2.552065644117303744e+00	5.868347122006012384e+00	2.162162162162162105e+01
2.139766035688858814e+00	5.318819710060027184e+00	2.168168168168168108e+01
1.684873478824139514e+00	4.791320092583564616e+00	2.174174174174174112e+01
1.193450489573847584e+00	4.305401938220772884e+00	2.180180180180180116e+01
6.716702937370788717e-01	3.873490503591460410e+00	2.186186186186186120e+01
1.266293351272515522e-01	-5.519374922575059905e-02	2.192192192192192124e+01
-4.229995698960874462e-01	-5.612985384267165756e+00	2.198198198198198128e+01
-9.550158361986522682e-01	-6.642074203863597148e+00	2.204204204204204132e+01
-1.458599388993213175e+00	-6.909924952502469964e+00	2.210210210210210136e+01
-1.927943321534762777e+00	-7.152714690933287045e+00	2.216216216216216139e+01
-2.357442956857088490e+00	-7.371781943409114746e+00	2.222222222222222143e+01
-2.741787188771039663e+00	-7.566227463791414642e+00	2.228228228228228147e+01
-3.076008780024694467e+00	-7.734554295052651796e+00	2.234234234234234151e+01
-3.355556838578278356e+00	-7.874773111376160095e+00	2.240240240240240155e+01
-3.576331136848125425e+00	-7.986050272412194673e+00	2.246246246246246159e+01
-3.734806422687434235e+00	-8.066500298517238932e+00	2.252252252252252163e+01
-3.828064130926338571e+00	-8.112597891047249377e+00	2.258258258258258167e+01
-3.853792395173795793e+00	-8.119164330358442427e+00	2.264264264264264170e+01
-3.810368120659705315e+00	-8.034229574892290060e+00	2.270270270270270174e+01
-3.697106235102017191e+00	-7.810910227032715980e+00	2.276276276276276178e+01
-3.514384376932948584e+00	-7.454141177012166608e+00	2.282282282282282182e+01
-3.263654879131076214e+00	-6.987439307940829458e+00	2.288288288288288186e+01
-2.947347555345219305e+00	-6.448796839069967035e+00	2.294294294294294190e+01
-2.568735700783555842e+00	-5.876340889797627476e+00	2.300300300300300194e+01
-2.131817627289238182e+00	-5.296991628187736723e+00	2.306306306306306197e+01
-1.641113143335449331e+00	-4.735469335815762015e+00	2.312312312312312201e+01
-1.101587203238927781e+00	-4.217267296611706406e+00	2.318318318318318205e+01
-5.185397678121118625e-01	-3.755906295571840303e+00	2.324324324324324209e+01
9.914399095581194477e-02	2.344725331167722082e+00	2.330330330330330213e+01
7.290356793522332346e-01	6.519649203755177425e+00	2.336336336336336217e+01
1.352394753030309538e+00	6.855765410327746778e+00	2.342342342342342221e+01
1.961737477152887266e+00	7.170829829262785005e+00	2.348348348348348225e+01
2.551509570608893718e+00	7.470446245386377804e+00	2.354354354354354228e+01
3.115533488206420731e+00	7.754592000474224811e+00	2.360360360360360232e+01
3.647770957771365286e+00	8.021864299339032556e+00	2.366366366366366236e+01
4.142298143679441935e+00	8.269558835096608718e+00	2.372372372372372240e+01
4.593385260220336441e+00	8.495275568622856710e+00	2.378378378378378244e+01
4.995568873612591609e+00	8.696519808480362101e+00	2.384384384384384248e+01
5.343693583289918614e+00	8.870658237411666036e+00	2.390390390390390252e+01
5.633055634256805888e+00	9.015389549486430454e+00	2.396396396396396256e+01
5.859468926903853792e+00	9.128641256554635319e+00	2.402402402402402259e+01
6.019265017007768392e+00	9.208569688246571516e+00	2.408408408408408263e+01
6.109339480177192527e+00	9.251968210286893424e+00	2.414414414414414267e+01
6.127292399730598582e+00	9.257201834244700223e+00	2.420420420420420271e+01
6.071433306207557834e+00	9.150343845792654918e+00	2.426426426426426275e+01
5.941030326695428521e+00	8.893239953714349610e+00	2.432432432432432279e+01
5.736487670638190650e+00	8.496350284098390659e+00	2.438438438438438283e+01
5.459311127109781836e+00	7.989348465412807521e+00	2.444444444444444287e+01
5.112038044907887269e+00	7.415988400463452201e+00	2.450450450450450290e+01
4.697991854720811489e+00	6.814194623207488810e+00	2.456456456456456294e+01
4.221208326504188868e+00	6.212686199937194509e+00	2.462462462462462298e+01
3.686276600256908509e+00	5.642245777352149716e+00	2.468468468468468302e+01
3.098178550547588728e+00	5.125524871568343244e+00	2.474474474474474306e+01
2.462234398620770648e+00	4.667346068024643913e+00	2.480480480480480310e+01
1.783942658910227408e+00	4.253285250661766881e+00	2.486486486486486314e+01
1.069233271158327447e+00	3.858922810650249779e+00	2.492492492492492318e+01
3.235080806431673839e-01	1.796541484705201919e+00	2.498498498498498321e+01
-4.389853899865121534e-01	-5.834694698129654356e+00	2.504504504504504325e+01
-1.191255259938941435e+00	-6.792737134966916557e+00	2.510510510510510329e+01
-1.920996290013701868e+00	-7.158842367360042758e+00	2.516516516516516333e+01
-2.621765026330900028e+00	-7.509623245732480967e+00	2.522522522522522337e+01
-3.287200718299258639e+00	-7.842288772765907190e+00	2.528528528528528341e+01
-3.911152363898640516e+00	-8.154466466681945747e+00	2.534534534534534345e+01
-4.487713954036774311e+00	-8.442829356414321751e+00	2.540540540540540349e+01
-5.011342586642528296e+00	-8.704620041888839310e+00	2.546546546546546352e+01
-5.476906284728298324e+00	-8.937376959560619838e+00	2.552552552552552356e+01
-5.879726809428992063e+00	-9.128051970201118692e+00	2.558558558558558360e+01
-6.215685019758955043e+00	-9.284667043427978328e+00	2.564564564564564719e+01
-6.481297520622892883e+00	-9.424131940480831915e+00	2.570570570570570723e+01
-6.673748253451130985e+00	-9.547815058259187637e+00	2.576576576576576727e+01
-6.790888496199527502e+00	-9.641543429322384284e+00	2.582582582582582731e+01
-6.831236863349498201e+00	-9.675602721889612567e+00	2.588588588588588735e+01
-6.793979305908014688e+00	-9.604737239839904461e+00	2.594594594594594739e+01
-6.679153550148885010e+00	-9.378676635007520801e+00	2.600600600600600742e+01
-6.488358196751990548e+00	-9.003633065569575322e+00	2.606606606606606746e+01
-6.224144820551414270e+00	-8.510726858391757688e+00	2.612612612612612750e+01
-5.890049917454589945e+00	-7.938294217310732037e+00	2.618618618618618754e+01
-5.490593354743551480e+00	-7.331291287918299204e+00	2.624624624624624758e+01
-5.030889268905211154e+00	-6.723894086616921228e+00	2.630630630630630762e+01
-4.516520335157956367e+00	-6.145653536269628958e+00	2.636636636636636766e+01
-3.953380493188459077e+00	-5.617896339778438275e+00	2.642642642642642770e+01
-3.347611312193468969e+00	-5.150365645369209489e+00	2.648648648648648773e+01
-2.705514054090172316e+00	-4.736642471884139560e+00	2.654654654654654777e+01
-2.033396059311898263e+00	-4.354267735171718279e+00	2.660660660660660781e+01
-1.337925080035693881e+00	-3.984583031823849986e+00	2.666666666666666785e+01
-6.245880312825120573e-01	-3.619478141555327433e+00	2.672672672672672789e+01
9.811911135069478762e-02	2.427163876156239297e+00	2.678678678678678793e+01
8.052889813135692965e-01	6.600423903586422725e+00	2.684684684684684797e+01
1.477326645079967138e+00	6.936928680732463270e+00	2.690690690690690801e+01
2.106939210190991840e+00	7.252203560567362040e+00	2.696696696696696804e+01
2.688276134904630688e+00	7.543003436291873420e+00	2.702702702702702808e+01
3.215994285314870638e+00	7.806840468491428986e+00	2.708708708708708812e+01
3.685216038768084346e+00	8.041507521446602524e+00	2.714714714714714816e+01
4.091585385986400425e+00	8.244716576899220328e+00	2.720720720720720820e+01
4.431340532723246461e+00	8.414608411468959659e+00	2.726726726726726824e+01
4.701406140986323479e+00	8.549658815238755594e+00	2.732732732732732828e+01
4.899394759943310085e+00	8.648673262217805302e+00	2.738738738738738832e+01
5.023607834914390224e+00	8.711105492835525155e+00	2.744744744744744835e+01
5.073088228728344973e+00	8.734787458182944775e+00	2.750750750750750839e+01
5.047690963492502902e+00	8.675424415117703347e+00	2.756756756756756843e+01
4.948178526700961477e+00	8.480303286362435244e+00	2.762762762762762847e+01
4.776406567549019044e+00	8.143579964722254871e+00	2.768768768768768851e+01
4.535332551029824799e+00	7.689120750933088999e+00	2.774774774774774855e+01
4.228910997031373853e+00	7.157992118822572358e+00	2.780780780780780859e+01
3.861953410516248297e+00	6.589642270606443475e+00	2.786786786786786863e+01
3.439857900879956354e+00	6.015341323423912812e+00	2.792792792792792866e+01
2.968514827440735804e+00	5.458831400773107134e+00	2.798798798798798870e+01
2.454162942807821324e+00	4.944631055971168365e+00	2.804804804804804874e+01
1.903208161530037801e+00	4.487703208857544368e+00	2.810810810810810878e+01
1.322185738149242784e+00	4.083687127605184486e+00	2.816816816816816882e+01
7.175755200107770682e-01	3.718866604518954677e+00	2.822822822822822886e+01
9.659549271245004842e-02	-4.555486235331840383e-01	2.828828828828828890e+01
-5.207492231250658854e-01	-6.446908170427259499e+00	2.834834834834834894e+01
-1.110574313679132841e+00	-6.748250771580167395e+00	2.840840840840840897e+01
-1.663257337631122379e+00	-7.027384186604905381e+00	2.846846846846846901e+01
-2.174056018498807585e+00	-7.284364563539457826e+00	2.852852852852852905e+01
-2.637034258915231355e+00	-7.516549371203071317e+00	2.858858858858858909e+01
-3.046963193436044826e+00	-7.721879227179837990e+00	2.864864864864864913e+01
-3.399077021488771777e+00	-7.898133577160399099e+00	2.870870870870870917e+01
-3.689119832652699493e+00	-8.043259277558943765e+00	2.876876876876876921e+01
-3.913470430374629050e+00	-8.155507223987660481e+00	2.882882882882882924e+01
-4.069158305931549258e+00	-8.233410971531432310e+00	2.888888888888888928e+01
-4.153866078666966999e+00	-8.276903344428131248e+00	2.894894894894894932e+01
-4.165997545281759251e+00	-8.273103952045756770e+00	2.900900900900900936e+01
-4.104791270541888970e+00	-8.152462120230739018e+00	2.906906906906906940e+01
-3.970499176474704406e+00	-7.887833314573098775e+00	2.912912912912912944e+01
-3.764518161222874859e+00	-7.489138579829917042e+00	2.918918918918918948e+01
-3.489338600807710300e+00	-6.988019787882820744e+00	2.924924924924924952e+01
-3.148464013145277907e+00	-6.427033284244406453e+00	2.930930930930930955e+01
-2.746152306434368029e+00	-5.842489295432331531e+00	2.936936936936936959e+01
-2.287314060983071773e+00	-5.261466705918336650e+00	2.942942942942942963e+01
-1.777378711338138517e+00	-4.710876998591835729e+00	2.948948948948948967e+01
-1.222106321389328842e+00	-4.211798021496441891e+00	2.954954954954954971e+01
-6.275428078205611548e-01	-3.770217311201919941e+00	2.960960960960960975e+01
-1.418453786701523445e-03	1.360483779094908918e+00	2.966966966966966979e+01
6.346361400663058649e-01	6.482328485511294147e+00	2.972972972972972983e+01
1.259218912704467730e+00	6.813760085584077864e+00	2.978978978978978986e+01
1.863536545665495980e+00	7.123441394483958966e+00	2.984984984984984990e+01
2.441432424462746109e+00	7.416254256318178584e+00	2.990990990990990994e+01
2.986569954204295385e+00	7.690462793052025070e+00	2.996996996996996998e+01
3.492801636911433416e+00	7.944421916554958329e+00	3.003003003003003002e+01
3.954202230810768270e+00	8.175567032759607500e+00	3.009009009009009006e+01
4.365167650877044281e+00	8.381259637943266227e+00	3.015015015015015010e+01
4.720501280110372733e+00	8.559031076774063607e+00	3.021021021021021014e+01
5.015444918644528904e+00	8.706397697392009860e+00	3.027027027027027017e+01
5.245776951084959450e+00	8.821928747817906924e+00	3.033033033033033021e+01
5.407871949204328565e+00	8.904020127583066824e+00	3.039039039039039025e+01
5.498774212323512600e+00	8.948539255326975805e+00	3.045045045045045029e+01
5.516201786338926993e+00	8.947765311885689243e+00	3.051051051051051033e+01
5.458675757807179174e+00	8.835383993497702093e+00	3.057057057057057037e+01
5.325673963633932750e+00	8.572875563626558559e+00	3.063063063063063041e+01
5.117805065107762452e+00	8.171062234131291291e+00	3.069069069069069045e+01
4.836870122279409046e+00	7.659102939160634449e+00	3.075075075075075048e+01
4.485803540421922975e+00	7.082856372567835734e+00	3.081081081081081052e+01
4.068236411838475952e+00	6.480681840378292868e+00	3.087087087087087056e+01
3.588514658722556483e+00	5.880319664839638527e+00	3.093093093093093060e+01
3.051520278702883004e+00	5.311449403628443200e+00	3.099099099099099064e+01
2.462582362835533445e+00	4.798296589242862176e+00	3.105105105105105068e+01
1.827304212471534406e+00	4.344763382366888749e+00	3.111111111111111072e+01
1.151491519520737139e+00	3.934825018511671768e+00	3.117117117117117076e+01
4.411421615193186208e-01	2.985519426586597191e+00	3.123123123123123079e+01
-2.909483916900241773e-01	-4.348525679571088709e+00	3.129129129129129083e+01
-1.019436101505657000e+00	-6.704894541729800039e+00	3.135135135135135087e+01
-1.728416558380819090e+00	-7.061554693717048359e+00	3.141141141141141091e+01
-2.412088153883567454e+00	-7.404465047054944016e+00	3.147147147147147095e+01
-3.063765630347049740e+00	-7.730483676132898552e+00	3.153153153153153099e+01
-3.677077600869051555e+00	-8.037323827412222954e+00	3.159159159159159103e+01
-4.245860938956333541e+00	-8.321854215561895529e+00	3.165165165165165106e+01
-4.764257828142586249e+00	-8.581081944165694253e+00	3.171171171171171110e+01
-5.226818343935853761e+00	-8.812340154941230352e+00	3.177177177177177114e+01
-5.628523343847918525e+00	-9.013206214000849315e+00	3.183183183183183118e+01
-5.964884054764723054e+00	-9.181399268800028324e+00	3.189189189189189122e+01
-6.231979838443746367e+00	-9.314953480266517261e+00	3.195195195195195126e+01
-6.426575911726289725e+00	-9.412255577646405413e+00	3.201201201201201485e+01
-6.546134901254971439e+00	-9.472038439149542910e+00	3.207207207207207489e+01
-6.588816984436597579e+00	-9.493274717687972597e+00	3.213213213213213493e+01
-6.553564212837920344e+00	-9.420684742144286972e+00	3.219219219219219497e+01
-6.440262319170375171e+00	-9.197130270805311980e+00	3.225225225225225500e+01
-6.249952811461669810e+00	-8.825143190544427085e+00	3.231231231231231504e+01
-5.984908761971558633e+00	-8.332185054584854811e+00	3.237237237237237508e+01
-5.648428237407841834e+00	-7.763992104379584092e+00	3.243243243243243512e+01
-5.244665790624989832e+00	-7.161173048115862194e+00	3.249249249249249516e+01
-4.778441129198674808e+00	-6.556827217933814289e+00	3.255255255255255520e+01
-4.255138975723466110e+00	-5.978223185077512269e+00	3.261261261261261524e+01
-3.680524515781111283e+00	-5.453020190554017432e+00	3.267267267267267528e+01
-3.060625717369194199e+00	-4.989107032502001715e+00	3.273273273273273531e+01
-2.401617970798604951e+00	-4.574418764026564332e+00	3.279279279279279535e+01
-1.709802349546534206e+00	-4.186924136258645568e+00	3.285285285285285539e+01
-9.915564794927551606e-01	-3.809345806054011518e+00	3.291291291291291543e+01
-2.538633233202443051e-01	-1.094342010624487660e+00	3.297297297297297547e+01
4.862018035924131620e-01	6.308843994599566685e+00	3.303303303303303551e+01
1.203950276673032782e+00	6.800232656798694819e+00	3.309309309309309555e+01
1.886902389000257196e+00	7.142049513232058722e+00	3.315315315315315559e+01
2.529389432827394479e+00	7.463535509663207890e+00	3.321321321321321562e+01
3.125258768143820198e+00	7.761566458128704049e+00	3.327327327327327566e+01
3.668842360173840689e+00	8.033344362590428389e+00	3.333333333333333570e+01
4.154924795595961839e+00	8.276398609843687026e+00	3.339339339339339574e+01
4.578807812042891889e+00	8.488355073727616329e+00	3.345345345345345578e+01
4.936307772914254599e+00	8.667109329797250794e+00	3.351351351351351582e+01
5.223928684690832824e+00	8.810922868483883619e+00	3.357357357357357586e+01
5.438887319582113022e+00	8.918408645644133159e+00	3.363363363363363590e+01
5.579113215526291469e+00	8.988531082559962471e+00	3.369369369369369593e+01
5.643248676190267155e+00	9.020606065938665097e+00	3.375375375375375597e+01
5.630685054975296033e+00	8.986834193485075062e+00	3.381381381381381601e+01
5.541750162481662301e+00	8.812458267961295277e+00	3.387387387387387605e+01
5.377878001858260149e+00	8.490288513123335434e+00	3.393393393393393609e+01
5.141660526640924544e+00	8.041000764773807319e+00	3.399399399399399613e+01
4.836740624710248682e+00	7.505852527101374072e+00	3.405405405405405617e+01
4.467619372755455842e+00	6.927277834958497138e+00	3.411411411411411621e+01
4.039506224487460884e+00	6.339513033524693419e+00	3.417417417417417624e+01
3.558190624846416128e+00	5.768600229981920791e+00	3.423423423423423628e+01
3.029755016148081737e+00	5.236542258616702306e+00	3.429429429429429632e+01
2.460523119430929828e+00	4.761373364098480998e+00	3.435435435435435636e+01
1.856995314885740544e+00	4.345205265809443773e+00	3.441441441441441640e+01
1.225802968459059228e+00	3.967759871956372475e+00	3.447447447447447644e+01
5.731014339405007263e-01	3.611420748924607516e+00	3.453453453453453648e+01
-9.220287443918417924e-02	-2.360312788736244727e+00	3.459459459459459651e+01
-7.462339131795840963e-01	-6.567371757614390404e+00	3.465465465465465655e+01
-1.369357465908549676e+00	-6.881397799560581063e+00	3.471471471471471659e+01
-1.953593818117547176e+00	-7.174800318951984224e+00	3.477477477477477663e+01
-2.493039082477045199e+00	-7.444915953673683084e+00	3.483483483483483667e+01
-2.982087126027889834e+00	-7.689667671837780993e+00	3.489489489489489671e+01
-3.415557238205956025e+00	-7.906548374905367993e+00	3.495495495495495675e+01
-3.788760075984806797e+00	-8.093226863144002081e+00	3.501501501501501679e+01
-4.097605517474530501e+00	-8.247704493283119831e+00	3.507507507507507682e+01
-4.338614711292121839e+00	-8.368244333264904355e+00	3.513513513513513686e+01
-4.508954843221516740e+00	-8.453423545952164275e+00	3.519519519519519690e+01
-4.606528579977123172e+00	-8.502214781639196417e+00	3.525525525525525694e+01
-4.629978027241265615e+00	-8.508557927724401893e+00	3.531531531531531698e+01
-4.578738937734632586e+00	-8.408640896431869294e+00	3.537537537537537702e+01
-4.453246269202248087e+00	-8.160759180968776505e+00	3.543543543543543706e+01
-4.255082236700271636e+00	-7.774248023199422875e+00	3.549549549549549710e+01
-3.987027789977068082e+00	-7.282050449121754809e+00	3.555555555555555713e+01
-3.652799712251023401e+00	-6.725086413251131212e+00	3.561561561561561717e+01
-3.256831153161861003e+00	-6.139740213734030227e+00	3.567567567567567721e+01
-2.804264608308865370e+00	-5.557302478144754865e+00	3.573573573573573725e+01
-2.300777868843723262e+00	-5.002739203639574583e+00	3.579579579579579729e+01
-1.752345234705068089e+00	-4.498518578579368210e+00	3.585585585585585733e+01
-1.165176668376816993e+00	-4.052463508066058040e+00	3.591591591591591737e+01
-5.455770765478498152e-01	-3.655635117993872196e+00	3.597597597597597741e+01
9.690417649480076445e-02	2.380778470342399977e+00	3.603603603603603744e+01
7.387858104067386300e-01	6.551506177876072812e+00	3.609609609609609748e+01
1.360465598680989707e+00	6.871728442311891172e+00	3.615615615615615752e+01
1.954554249127095744e+00	7.172422057316218513e+00	3.621621621621621756e+01
2.514723148221657212e+00	7.454531582448948868e+00	3.627627627627627760e+01
3.034846572519246166e+00	7.715438030443884543e+00	3.633633633633633764e+01
3.509064020673660966e+00	7.952932653997375922e+00	3.639639639639639768e+01
3.931857434004172092e+00	8.164562238160232965e+00	3.645645645645645772e+01
4.298106589687891166e+00	8.347807426226538041e+00	3.651651651651651775e+01
4.603223215579589578e+00	8.500447813601331504e+00	3.657657657657657779e+01
4.843180925408967497e+00	8.620488175184561896e+00	3.663663663663663783e+01
5.014529442824374073e+00	8.706182988440996695e+00	3.669669669669669787e+01
5.114505736364179711e+00	8.756178899909579982e+00	3.675675675675675791e+01
5.141056288618417902e+00	8.766457045246031754e+00	3.681681681681681795e+01
5.092893460170371256e+00	8.671681355053440399e+00	3.687687687687687799e+01
4.969711247779867058e+00	8.428934498433900302e+00	3.693693693693693803e+01
4.772354847961362445e+00	8.043390749280570517e+00	3.699699699699699806e+01
4.502861677327539169e+00	7.547666711169008558e+00	3.705705705705705810e+01
4.164232074735306099e+00	6.983024015575999499e+00	3.711711711711711814e+01
3.760283200069098886e+00	6.386926216975800763e+00	3.717717717717717818e+01
3.295603858479657866e+00	5.790942507800211025e+00	3.723723723723723822e+01
2.775298815946510622e+00	5.223124740762933982e+00	3.729729729729729826e+01
2.204854731070101437e+00	4.706832301941224372e+00	3.735735735735735830e+01
1.590066931184913601e+00	4.249891709004034013e+00	3.741741741741741833e+01
9.369248638821658925e-01	3.840615343400939352e+00	3.747747747747747837e+01
2.515316030596222441e-01	1.097051418703718362e+00	3.753753753753753841e+01
-4.501184837116339876e-01	-5.937790245744777096e+00	3.759759759759759845e+01
-1.143051856956241563e+00	-6.764772272668442277e+00	3.765765765765765849e+01
-1.814567999436917045e+00	-7.103970161289739238e+00	3.771771771771771853e+01
-2.458441110700601229e+00	-7.426980295160571011e+00	3.777777777777777857e+01
-3.068285043731573403e+00	-7.732612716639980732e+00	3.783783783783783861e+01
-3.637882357831089486e+00	-8.017708583863861094e+00	3.789789789789789864e+01
-4.161281861465235821e+00	-8.279434643704231434e+00	3.795795795795795868e+01
-4.632861279810852828e+00	-8.515290539263945746e+00	3.801801801801801872e+01
-5.047400241059800230e+00	-8.722600797685196028e+00	3.807807807807807876e+01
-5.400133075858398080e+00	-8.898988135052274373e+00	3.813813813813813880e+01
-5.686899723015758745e+00	-9.042392701124221333e+00	3.819819819819819884e+01
-5.904156947625375906e+00	-9.151045793556264130e+00	3.825825825825825888e+01
-6.048978406897271398e+00	-9.223475496861688327e+00	3.831831831831831892e+01
-6.119118296027694193e+00	-9.258440825500416693e+00	3.837837837837837895e+01
-6.113121394982462320e+00	-9.227802976308293381e+00	3.843843843843843899e+01
-6.030382539837088274e+00	-9.066850548552848110e+00	3.849849849849849903e+01
-5.871369469572004007e+00	-8.754073391144299165e+00	3.855855855855855907e+01
-5.637718926486629201e+00	-8.308533385661288406e+00	3.861861861861861911e+01
-5.332161883630782917e+00	-7.769736936789803927e+00	3.867867867867867915e+01
-4.958396884246066172e+00	-7.181360055516140761e+00	3.873873873873873919e+01
-4.520838718625095787e+00	-6.578901395161932619e+00	3.879879879879879923e+01
-4.024515867713776451e+00	-5.989363019118523646e+00	3.885885885885885926e+01
-3.474915422760413097e+00	-5.442753191145472513e+00	3.891891891891891930e+01
-2.877819977283592845e+00	-4.956317195868976455e+00	3.897897897897897934e+01
-2.239252387172659731e+00	-4.524578016684852599e+00	3.903903903903903938e+01
-1.565322336880499821e+00	-4.129740582878294930e+00	3.909909909909909942e+01
-8.622100180764431521e-01	-3.751262606731653015e+00	3.915915915915915946e+01
-1.365662466068661152e-01	7.624005118511489876e-02	3.921921921921921950e+01
5.923167664722932546e-01	6.491894203375817796e+00	3.927927927927927954e+01
1.299224014378811187e+00	6.847383805997880657e+00	3.933933933933933957e+01
1.974972289219770971e+00	7.185804064949737224e+00	3.939939939939939961e+01
2.613268702429255352e+00	7.505372130435564948e+00	3.945945945945945965e+01
3.208016442266257151e+00	7.802914360494785484e+00	3.951951951951951969e+01
3.753456947584545400e+00	8.075606798177769718e+00	3.957957957957957973e+01
4.244222644660613497e+00	8.321009923525801710e+00	3.963963963963963977e+01
4.675414908588171770e+00	8.536633978001564316e+00	3.969969969969969981e+01
5.042623001469763722e+00	8.720249125215890018e+00	3.975975975975975985e+01
5.342081355158454059e+00	8.869989554068943960e+00	3.981981981981981988e+01
5.570693601322558308e+00	8.984312698219593329e+00	3.987987987987987992e+01
5.726032571445641040e+00	9.061999236085384268e+00	3.993993993993993996e+01
5.806348930992477619e+00	9.105730135374685119e+00	4.000000000000000000e+01
5.810655654925664493e+00	9.094889997843329965e+00	4.006006006006006004e+01
5.738833063012183544e+00	8.952238149156711344e+00	4.012012012012012008e+01
5.591807726495778397e+00	8.662384726999860618e+00	4.018018018018018012e+01
5.371665957047538242e+00	8.239224090881222651e+00	4.024024024024024015e+01
5.081557928484269127e+00	7.718335848400121435e+00	4.030030030030030019e+01
4.725572525044649197e+00	7.145195968652282126e+00	4.036036036036036023e+01
4.308561857083489599e+00	6.553557241475856721e+00	4.042042042042042027e+01
3.835899824446699746e+00	5.972299063037145750e+00	4.048048048048048031e+01
3.313413268998047556e+00	5.426626913332047053e+00	4.054054054054054035e+01
2.747199244376321570e+00	4.937593255928251601e+00	4.060060060060060039e+01
2.143524510006423078e+00	4.506064091563018792e+00	4.066066066066066043e+01
1.508708287962858385e+00	4.118052762055738114e+00	4.072072072072072046e+01
8.492458177386900120e-01	3.753240869145672232e+00	4.078078078078078050e+01
1.716188788082221028e-01	2.793328107198485011e-01	4.084084084084084054e+01
-5.062039397494926263e-01	-6.447170964136366145e+00	4.090090090090090058e+01
-1.160013364767058519e+00	-6.776411526622752035e+00	4.096096096096096062e+01
-1.778784598042775222e+00	-7.087253146330480646e+00	4.102102102102102066e+01
-2.356411472407761387e+00	-7.376671238574779466e+00	4.108108108108108070e+01
-2.887150073707978049e+00	-7.642186005087030054e+00	4.114114114114114074e+01
-3.365640181919996365e+00	-7.881595440449967960e+00	4.120120120120120077e+01
-3.786958894054783364e+00	-8.092334615094529227e+00	4.126126126126126081e+01
-4.146715273553867931e+00	-8.272260774120363536e+00	4.132132132132132085e+01
-4.441120966991035424e+00	-8.419502283089755679e+00	4.138138138138138089e+01
-4.666991705277547808e+00	-8.532456369840481614e+00	4.144144144144144093e+01
-4.821810871484489169e+00	-8.609870100156271633e+00	4.150150150150150097e+01
-4.903789615641665378e+00	-8.650861361394788673e+00	4.156156156156156101e+01
-4.911874776762567230e+00	-8.642335425077572353e+00	4.162162162162162105e+01
-4.845816210220272424e+00	-8.513938268308116619e+00	4.168168168168168108e+01
-4.706402863850389195e+00	-8.238602863214232741e+00	4.174174174174174112e+01
-4.495540544665541205e+00	-7.830514701876305494e+00	4.180180180180180116e+01
-4.216304404575764053e+00	-7.325759649380305660e+00	4.186186186186186120e+01
-3.872617832415385486e+00	-6.764453687824392603e+00	4.192192192192192124e+01
-3.469087383152220205e+00	-6.181701262268519237e+00	4.198198198198198128e+01
-3.010985560089917357e+00	-5.606496355277312382e+00	4.204204204204204132e+01
-2.504042032409185214e+00	-5.063259197605508355e+00	4.210210210210210136e+01
-1.954243320040493170e+00	-4.572324129103598978e+00	4.216216216216216139e+01
-1.367776331792235789e+00	-4.138480510778921762e+00	4.222222222222222143e+01
-7.508660819788934848e-01	-3.750724086983930672e+00	4.228228228228228147e+01
-1.103194095901313121e-01	3.119726113087952779e-01	4.234234234234234151e+01
5.345065011295695445e-01	6.451255168261609718e+00	4.240240240240240155e+01
1.159589335207914296e+00	6.772232084164134136e+00	4.246246246246246159e+01
1.754807658137507165e+00	7.073294577044285880e+00	4.252252252252252163e+01
2.314974825074554765e+00	7.355006212206495420e+00	4.258258258258258167e+01
2.833946962168661265e+00	7.615126459759358646e+00	4.264264264264264170e+01
3.306098899956320558e+00	7.851561627848574254e+00	4.270270270270270174e+01
3.726160729064244226e+00	8.061780096218758018e+00	4.276276276276276178e+01
4.089303405595483554e+00	8.243455536582809273e+00	4.282282282282282182e+01
4.391235249343308666e+00	8.394495044011742735e+00	4.288288288288288186e+01
4.628206795636111259e+00	8.513020359216508126e+00	4.294294294294294190e+01
4.797075337579093990e+00	8.597467463985610792e+00	4.300300300300300194e+01
4.895382470667888342e+00	8.646627334255690300e+00	4.306306306306306197e+01
4.921372317473156954e+00	8.655429707219143509e+00	4.312312312312312201e+01
4.874025450820136385e+00	8.564444384156061574e+00	4.318318318318318205e+01
4.753287121670925153e+00	8.324608788058185382e+00	4.324324324324324209e+01
4.560237530963721753e+00	7.946988128224107939e+00	4.330330330330330213e+01
4.297133102015292749e+00	7.461561513565315273e+00	4.336336336336336217e+01
3.967161798849407006e+00	6.908033481778446117e+00	4.342342342342342221e+01
3.574242121062824573e+00	6.322327962540212454e+00	4.348348348348348225e+01
3.123019995435191820e+00	5.736369506466486357e+00	4.354354354354354228e+01
2.618710697664777598e+00	5.175797948124968073e+00	4.360360360360360232e+01
2.066851629116903233e+00	4.663713183520739491e+00	4.366366366366366236e+01
1.473243897985818673e+00	4.209538181289846470e+00	4.372372372372372240e+01
8.438156648690677830e-01	3.805455422698009293e+00	4.378378378378378244e+01
1.846336439443616584e-01	4.338311389836426724e-01	4.384384384384384248e+01
-4.875597936841642999e-01	-6.308644409033377087e+00	4.390390390390390252e+01
-1.147231154363493433e+00	-6.765888897150649228e+00	4.396396396396396256e+01
-1.783478414847642579e+00	-7.087588009185097349e+00	4.402402402402402259e+01
-2.390317445699375210e+00	-7.392791045737283184e+00	4.408408408408408263e+01
-2.961584943663812641e+00	-7.679067383801652547e+00	4.414414414414414267e+01
-3.491376337531672647e+00	-7.944247756825568274e+00	4.420420420420420271e+01
-3.974059611311671070e+00	-8.185789499101453259e+00	4.426426426426426275e+01
-4.404342531822734053e+00	-8.401028156973792349e+00	4.432432432432432279e+01
-4.777395240361777873e+00	-8.587605240416374741e+00	4.438438438438438283e+01
-5.088870696718108988e+00	-8.743371205784420397e+00	4.444444444444444287e+01
-5.334952071986193367e+00	-8.866424709644398661e+00	4.450450450450450290e+01
-5.512452380295416177e+00	-8.955181894726527148e+00	4.456456456456456294e+01
-5.618838239735053364e+00	-9.008378408315071084e+00	4.462462462462462298e+01
-5.652262282781152614e+00	-9.031864560227260696e+00	4.468468468468468302e+01
-5.611574298943278194e+00	-8.959942002526460669e+00	4.474474474474474306e+01
-5.496598349775704051e+00	-8.732786148121430614e+00	4.480480480480480310e+01
-5.308263522764208986e+00	-8.363230007092047558e+00	4.486486486486486314e+01
-5.048664022972822352e+00	-7.879881539171487148e+00	4.492492492492492318e+01
-4.720853493735781115e+00	-7.323606226302811883e+00	4.498498498498498321e+01
-4.328702694209414226e+00	-6.732940416779763737e+00	4.504504504504504325e+01
-3.876808486613027238e+00	-6.138691443085878774e+00	4.510510510510510329e+01
-3.370266787355511440e+00	-5.569842014935407093e+00	4.516516516516516333e+01
-2.814521479547216209e+00	-5.049206494315183313e+00	4.522522522522522337e+01
-2.215310221598296714e+00	-4.586640207814346226e+00	4.528528528528528341e+01
-1.578520014631729751e+00	-4.174905118000705961e+00	4.534534534534534345e+01
-9.100276179366744156e-01	-3.792648640116465852e+00	4.540540540540540349e+01
-2.166615709804107226e-01	-7.322768405449060491e-01	4.546546546546546352e+01
4.843786556235135654e-01	6.285922628221919162e+00	4.552552552552552356e+01
1.168991770637722860e+00	6.780705731213824805e+00	4.558558558558558360e+01
1.825597416266426354e+00	7.110556846728798064e+00	4.564564564564564364e+01
2.448607101586127932e+00	7.422822001202675324e+00	4.570570570570570368e+01
3.031924955938568367e+00	7.714667110141934181e+00	4.576576576576576372e+01
3.569851383817144175e+00	7.983710742205555100e+00	4.582582582582582376e+01
4.057022080857069390e+00	8.227385786683147018e+00	4.588588588588588379e+01
4.488456874063141200e+00	8.443147007722243913e+00	4.594594594594594383e+01
4.859694830405145716e+00	8.628795228233551384e+00	4.600600600600600387e+01
5.166821414436725490e+00	8.782381576376772969e+00	4.606606606606606391e+01
5.406475718948464682e+00	8.902215315657224792e+00	4.612612612612612395e+01
5.575950256032610852e+00	8.986953825149452513e+00	4.618618618618618399e+01
5.673224162669171733e+00	9.035591382109716463e+00	4.624624624624624403e+01
5.696985900181387841e+00	9.045671861318988149e+00	4.630630630630630407e+01
5.646643507505184623e+00	8.951965212951717987e+00	4.636636636636636410e+01
5.522599800429981443e+00	8.706151490748112565e+00	4.642642642642642414e+01
5.326370243701397555e+00	8.322336981318017024e+00	4.648648648648648418e+01
5.060611684130416954e+00	7.833485076796281810e+00	4.654654654654654422e+01
4.728843391538977592e+00	7.278858929465267025e+00	4.660660660660660426e+01
4.335347749907398018e+00	6.694673281835586742e+00	4.666666666666666430e+01
3.885114750317464782e+00	6.111625231274207870e+00	4.672672672672672434e+01
3.383555894757988902e+00	5.555628878965257478e+00	4.678678678678678438e+01
2.836385898120613369e+00	5.048859988800064258e+00	4.684684684684684441e+01
2.249551120928609649e+00	4.599726560566699263e+00	4.690690690690690445e+01
1.629078964502852056e+00	4.199789505513700227e+00	4.696696696696696449e+01
9.810621391223641741e-01	3.829874478523527248e+00	4.702702702702702453e+01
3.111012520203091380e-01	1.677758999830422093e+00	4.708708708708708457e+01
-3.667000866261009850e-01	-5.109062173395256146e+00	4.714714714714714461e+01
-1.025748789960221785e+00	-6.708908068636205257e+00	4.720720720720720465e+01
-1.653345558113058500e+00	-7.024247013225722647e+00	4.726726726726726469e+01
-2.243580410939720160e+00	-7.320083603461608135e+00	4.732732732732732472e+01
-2.790758021238066711e+00	-7.594068318711481247e+00	4.738738738738738476e+01
-3.289512327827366356e+00	-7.843560699869547292e+00	4.744744744744744480e+01
-3.734878008996751930e+00	-8.066277232970120892e+00	4.750750750750750484e+01
-4.122352017136178048e+00	-8.260068298134671139e+00	4.756756756756756488e+01
-4.447916885629096484e+00	-8.422875295162889131e+00	4.762762762762762492e+01
-4.708145915376017676e+00	-8.553002414971377476e+00	4.768768768768768496e+01
-4.900273671250070073e+00	-8.649077083414999478e+00	4.774774774774774500e+01
-5.022195982097006350e+00	-8.710049961286902231e+00	4.780780780780780503e+01
-5.072469940735198080e+00	-8.735194944318497079e+00	4.786786786786786507e+01
-5.050350549075366402e+00	-8.689124183109800725e+00	4.792792792792792511e+01
-4.955990401950974622e+00	-8.503491210839325021e+00	4.798798798798798515e+01
-4.790602219329980649e+00	-8.178767769741522642e+00	4.804804804804804519e+01
-4.556480521387960003e+00	-7.734791165071995600e+00	4.810810810810810523e+01
-4.256907427681527523e+00	-7.210213278208858156e+00	4.816816816816816527e+01
-3.895977858872936128e+00	-6.644881338417359729e+00	4.822822822822822530e+01
-3.478470613047185633e+00	-6.070081300152427417e+00	4.828828828828828534e+01
-3.009674722892817122e+00	-5.509142021435765812e+00	4.834834834834834538e+01
-2.495194903831297939e+00	-4.985012799001607320e+00	4.840840840840840542e+01
-1.940914484430735332e+00	-4.516989536886081069e+00	4.846846846846846546e+01
-1.352832705667384783e+00	-4.103696102691795744e+00	4.852852852852852550e+01
-7.368467841584085409e-01	-3.729592401150633840e+00	4.858858858858858554e+01
-1.003121271022937577e-01	4.188596810278535365e-01	4.864864864864864558e+01
5.375725091578198445e-01	6.455522444992915609e+00	4.870870870870870561e+01
1.153950553758148700e+00	6.770488265553864515e+00	4.876876876876876565e+01
1.739045077445612764e+00	7.065947845880026890e+00	4.882882882882882569e+01
2.287689036113985885e+00	7.341617578763374397e+00	4.888888888888888573e+01
2.794153212301193179e+00	7.595356557597609637e+00	4.894894894894894577e+01
3.253168013480590481e+00	7.825146410380070527e+00	4.900900900900900581e+01
3.659836817613614901e+00	8.028640737932750682e+00	4.906906906906906585e+01
4.009695845265193626e+00	8.203657368662264915e+00	4.912912912912912589e+01
4.298825284181583939e+00	8.348286691821213523e+00	4.918918918918918592e+01
4.523860034011694786e+00	8.460851448613473380e+00	4.924924924924924596e+01
4.682009254190210079e+00	8.539939083189437952e+00	4.930930930930930600e+01
4.771155149924072525e+00	8.584517281597372929e+00	4.936936936936936604e+01
4.789855452598277274e+00	8.589271208672936808e+00	4.942942942942942608e+01
4.737403073601095471e+00	8.486373073322511118e+00	4.948948948948948612e+01
4.614037098598884334e+00	8.243294058670690205e+00	4.954954954954954616e+01
4.421068496009088022e+00	7.866658574841979501e+00	4.960960960960960620e+01
4.160911833712073182e+00	7.387447013230511672e+00	4.966966966966966623e+01
3.836858218953931310e+00	6.844144848070435216e+00	4.972972972972972627e+01
3.452926546796497576e+00	6.271454593504392605e+00	4.978978978978978631e+01
3.013821056041907198e+00	5.697892991221144676e+00	4.984984984984984635e+01
2.524699574366792376e+00	5.148769473449758216e+00	4.990990990990990639e+01
1.991022835419274495e+00	4.646351029673915889e+00	4.996996996996996643e+01
1.418494053177288716e+00	4.199135692296418476e+00	5.003003003003002647e+01
8.129431206710078239e-01	3.801039166615509224e+00	5.009009009009008651e+01
1.808253608686191949e-01	4.027671747273313674e-01	5.015015015015014654e+01
-4.609008812068311478e-01	-6.038818041297489003e+00	5.021021021021020658e+01
-1.089161457546607314e+00	-6.734243446732853577e+00	5.027027027027026662e+01
-1.692285527901651987e+00	-7.040925135470314622e+00	5.033033033033032666e+01
-2.264486106917386721e+00	-7.329061173474780588e+00	5.039039039039038670e+01
-2.800024673814314191e+00	-7.597869627631480327e+00	5.045045045045044674e+01
-3.293382415791641815e+00	-7.845107044005976249e+00	5.051051051051050678e+01
-3.739344142435187646e+00	-8.068314718173491329e+00	5.057057057057056682e+01
-4.133063673447003872e+00	-8.265283174927740006e+00	5.063063063063062685e+01
-4.470118302641488128e+00	-8.433889820269168780e+00	5.069069069069068689e+01
-4.746565211882742830e+00	-8.572155808707957902e+00	5.075075075075074693e+01
-4.959030526251589244e+00	-8.678414225436407392e+00	5.081081081081080697e+01
-5.104746321766766570e+00	-8.751289776268663445e+00	5.087087087087086701e+01
-5.181557494076386661e+00	-8.792333184166412963e+00	5.093093093093092705e+01
-5.187963230771329037e+00	-8.792257027721978702e+00	5.099099099099098709e+01
-5.123183393362342741e+00	-8.673971429741614614e+00	5.105105105105104712e+01
-4.987461138196378485e+00	-8.405561804865019582e+00	5.111111111111110716e+01
-4.782097015481238778e+00	-8.006763538180909023e+00	5.117117117117116720e+01
-4.509466442299050470e+00	-7.509598200347704200e+00	5.123123123123122724e+01
-4.172815568481849979e+00	-6.953705759555389498e+00	5.129129129129129439e+01
-3.776124259420817530e+00	-6.373798035025663111e+00	5.135135135135135442e+01
-3.324002524850548923e+00	-5.795692341428047456e+00	5.141141141141141446e+01
-2.821504364910516927e+00	-5.248734536463671496e+00	5.147147147147147450e+01
-2.273953579607982611e+00	-4.751933373026053786e+00	5.153153153153153454e+01
-1.686918730405029709e+00	-4.310037435007989082e+00	5.159159159159159458e+01
-1.066136748484810548e+00	-3.914030890667262952e+00	5.165165165165165462e+01
-4.173476082170710644e-01	-2.760687765444699515e+00	5.171171171171171466e+01
2.480610036638084548e-01	3.914862811005890286e+00	5.177177177177177470e+01
9.058796352167735044e-01	6.644276715458671490e+00	5.183183183183183473e+01
1.539689875315246148e+00	6.965402695937253696e+00	5.189189189189189477e+01
2.143574809286779015e+00	7.269109953379500055e+00	5.195195195195195481e+01
2.711862656509057778e+00	7.554062259142508395e+00	5.201201201201201485e+01
3.239023949623301757e+00	7.818106465443512398e+00	5.207207207207207489e+01
3.719813641709269092e+00	8.058667439198107019e+00	5.213213213213213493e+01
4.149348274954789417e+00	8.273484665524476256e+00	5.219219219219219497e+01
4.523157277528601306e+00	8.460084837036282224e+00	5.225225225225225500e+01
4.837221520790025764e+00	8.617639564903171845e+00	5.231231231231231504e+01
5.088047192627151993e+00	8.745423940901671855e+00	5.237237237237237508e+01
5.272767645537793868e+00	8.840231862193890677e+00	5.243243243243243512e+01
5.389144077552519896e+00	8.896361691888317935e+00	5.249249249249249516e+01
5.435565532234662101e+00	8.905616259039843996e+00	5.255255255255255520e+01
5.411077453164032214e+00	8.848195624973344664e+00	5.261261261261261524e+01
5.315652883946376583e+00	8.660210963544448859e+00	5.267267267267267528e+01
5.150216959841665165e+00	8.335966867927474766e+00	5.273273273273273531e+01
4.916726632689906396e+00	7.895293490661357438e+00	5.279279279279279535e+01
4.618181449285684970e+00	7.374458253978538380e+00	5.285285285285285539e+01
4.258355812906211568e+00	6.814002117263621372e+00	5.291291291291291543e+01
3.841659841501319672e+00	6.241318437844788569e+00	5.297297297297297547e+01
3.372980071357131404e+00	5.682152764401147138e+00	5.303303303303303551e+01
2.857600624376107401e+00	5.160612822832176150e+00	5.309309309309309555e+01
2.301052140090746434e+00	4.693221431423459933e+00	5.315315315315315559e+01
1.709008148410972705e+00	4.277967531007936586e+00	5.321321321321321562e+01
1.087178557940805534e+00	3.902941818899056781e+00	5.327327327327327566e+01
4.412422218293415299e-01	2.989761436789151183e+00	5.333333333333333570e+01
-2.183319486713213298e-01	-3.620570909336499277e+00	5.339339339339339574e+01
-8.667130206418658389e-01	-6.627144798927186109e+00	5.345345345345345578e+01
-1.487489269198051911e+00	-6.940380848090427435e+00	5.351351351351351582e+01
-2.074644249172090671e+00	-7.235063013912435892e+00	5.357357357357357586e+01
-2.622733643952575910e+00	-7.509785733036196120e+00	5.363363363363363590e+01
-3.126496021852793739e+00	-7.761924636115181464e+00	5.369369369369369593e+01
-3.581029909043569770e+00	-7.989274084916267782e+00	5.375375375375375597e+01
-3.981830705885330168e+00	-8.189759669830500854e+00	5.381381381381381601e+01
-4.324827721602741093e+00	-8.361297622628219628e+00	5.387387387387387605e+01
-4.606470307878048231e+00	-8.502141315946643019e+00	5.393393393393393609e+01
-4.823809047991297838e+00	-8.610831794687783258e+00	5.399399399399399613e+01
-4.974495992244515108e+00	-8.686197231713821409e+00	5.405405405405405617e+01
-5.056784925946610443e+00	-8.727585762747283482e+00	5.411411411411411621e+01
-5.069576776813548236e+00	-8.737181882047851289e+00	5.417417417417417624e+01
-5.012504359190722347e+00	-8.628961752224906689e+00	5.423423423423423628e+01
-4.886139796472072305e+00	-8.378327970848399531e+00	5.429429429429429632e+01
-4.692109156469920883e+00	-8.001073707436532345e+00	5.435435435435435636e+01
-4.433026097497410944e+00	-7.523187399482958782e+00	5.441441441441441640e+01
-4.112383336588119498e+00	-6.985211899552393966e+00	5.447447447447447644e+01
-3.734418701455528122e+00	-6.420623170331904106e+00	5.453453453453453648e+01
-3.303887165133455817e+00	-5.856149055555810001e+00	5.459459459459459651e+01
-2.825961848535604393e+00	-5.314992284443536441e+00	5.465465465465465655e+01
-2.306131052748492838e+00	-4.818292729950200304e+00	5.471471471471471659e+01
-1.750034034320585130e+00	-4.377286215752108411e+00	5.477477477477477663e+01
-1.163411695551475500e+00	-3.984662788549175438e+00	5.483483483483483667e+01
-5.519955215844148944e-01	-3.625928613742042117e+00	5.489489489489489671e+01
7.526784648173223680e-02	2.179180092600746743e+00	5.495495495495495675e+01
6.964612539993350060e-01	6.536674083763520215e+00	5.501501501501501679e+01
1.292031784714166243e+00	6.840216427780623221e+00	5.507507507507507682e+01
1.855206269133355290e+00	7.124009068915981402e+00	5.513513513513513686e+01
2.380613713653126684e+00	7.387998683381983511e+00	5.519519519519519690e+01
2.863084347975612065e+00	7.629838374238307352e+00	5.525525525525525694e+01
3.297783638409245377e+00	7.847435655801239029e+00	5.531531531531531698e+01
3.680257204191816900e+00	8.038833798305029532e+00	5.537537537537537702e+01
4.006483036164185663e+00	8.202031138044519665e+00	5.543543543543543706e+01
4.272920844013295749e+00	8.335294853021153472e+00	5.549549549549549710e+01
4.476618311131103312e+00	8.437176335349311884e+00	5.555555555555555713e+01
4.615215547288588738e+00	8.506505141307224349e+00	5.561561561561561717e+01
4.686945088635755319e+00	8.542388991336977710e+00	5.567567567567567721e+01
4.690677017118965786e+00	8.532532966842143907e+00	5.573573573573573725e+01
4.626000832028885235e+00	8.407446635015716652e+00	5.579579579579579729e+01
4.493482766203223733e+00	8.144941317815405313e+00	5.585585585585585733e+01
4.294703152514983913e+00	7.760233423815098064e+00	5.591591591591591737e+01
4.032193975144876319e+00	7.280549445363812211e+00	5.597597597597597741e+01
3.709342044350589340e+00	6.745306264897867443e+00	5.603603603603603744e+01
3.330266865473911597e+00	6.185748447611670642e+00	5.609609609609609748e+01
2.899585755641233220e+00	5.627529264635022344e+00	5.615615615615615752e+01
2.422328258803213341e+00	5.093688311845722794e+00	5.621621621621621756e+01
1.903839807290804487e+00	4.604395456529698727e+00	5.627627627627627760e+01
1.349624062420955450e+00	4.169669783858296341e+00	5.633633633633633764e+01
7.653614099522204617e-01	3.781774272062902842e+00	5.639639639639639768e+01
1.562298688846219807e-01	1.605728987711918521e-01	5.645645645645645772e+01
-4.602777964682798206e-01	-6.029878531865840330e+00	5.651651651651651775e+01
-1.060649227379453663e+00	-6.718805505546269430e+00	5.657657657657657779e+01
-1.634146132034441479e+00	-7.011129505099656711e+00	5.663663663663663783e+01
-2.175498437656774531e+00	-7.284061973764444531e+00	5.669669669669669787e+01
-2.679388359324710311e+00	-7.537266298354062144e+00	5.675675675675675791e+01
-3.140740831838715774e+00	-7.768590662866726504e+00	5.681681681681681795e+01
-3.554795034284200739e+00	-7.975907445004859930e+00	5.687687687687687799e+01
-3.917155121310176291e+00	-8.157248223662721287e+00	5.693693693693693803e+01
-4.223850434548369392e+00	-8.310694385332725531e+00	5.699699699699699806e+01
-4.471377484595190133e+00	-8.434512069716014082e+00	5.705705705705705810e+01
-4.656790384600200561e+00	-8.527251854927078156e+00	5.711711711711711814e+01
-4.777720726434940168e+00	-8.587739426405818222e+00	5.717717717717717818e+01
-4.832393435246177482e+00	-8.615183645835148951e+00	5.723723723723723822e+01
-4.819697916837735185e+00	-8.581115052960639034e+00	5.729729729729729826e+01
-4.739131681334837864e+00	-8.423697989741658176e+00	5.735735735735735830e+01
-4.591295658254077594e+00	-8.125710081517876660e+00	5.741741741741741833e+01
-4.377903616883591198e+00	-7.715394028450650588e+00	5.747747747747747837e+01
-4.101456486018704162e+00	-7.221252259506446336e+00	5.753753753753753841e+01
-3.765310718914436361e+00	-6.678578262131525278e+00	5.759759759759759845e+01
-3.373423892946148861e+00	-6.118144050171774317e+00	5.765765765765765849e+01
-2.930315350006267749e+00	-5.563452107844177874e+00	5.771771771771771853e+01
-2.440916029611203353e+00	-5.038210329393497666e+00	5.777777777777777857e+01
-1.910392883419040455e+00	-4.561166708791532187e+00	5.783783783783783861e+01
-1.344113393601012785e+00	-4.136756931622852740e+00	5.789789789789789864e+01
-7.474990098515790216e-01	-3.756086376771191837e+00	5.795795795795795868e+01
-1.268229310806742172e-01	1.425648325138411110e-01	5.801801801801801872e+01
4.994661457354913070e-01	6.426730567578584186e+00	5.807807807807807876e+01
1.108814153400175417e+00	6.744851724095740408e+00	5.813813813813813880e+01
1.691885962931996890e+00	7.040544403415971431e+00	5.819819819819819884e+01
2.243642176047833114e+00	7.318677286618054723e+00	5.825825825825825888e+01
2.758669898171436152e+00	7.577091972752553417e+00	5.831831831831831892e+01
3.231928676141925028e+00	7.814281216262588536e+00	5.837837837837837895e+01
3.658661557877031179e+00	8.027933940360336251e+00	5.843843843843843899e+01
4.034480568405997225e+00	8.215987793923805071e+00	5.849849849849849903e+01
4.355415827430290321e+00	8.376535239765356522e+00	5.855855855855855907e+01
4.617941256953064233e+00	8.507842173085565562e+00	5.861861861861861911e+01
4.819057800412870129e+00	8.608425350050485036e+00	5.867867867867867915e+01
4.956326866841544110e+00	8.677073743939779149e+00	5.873873873873873919e+01
5.027903014421423400e+00	8.712868485266071161e+00	5.879879879879879923e+01
5.032597750199656161e+00	8.698284876250220066e+00	5.885885885885885926e+01
4.969821281822927261e+00	8.576063995904535275e+00	5.891891891891891930e+01
4.839900189349903847e+00	8.317552019891092385e+00	5.897897897897897934e+01
4.644295978277387604e+00	7.934941527737755074e+00	5.903903903903903938e+01
4.385364125478417030e+00	7.461972953444275802e+00	5.909909909909909942e+01
4.066275105009488300e+00	6.931174357258121255e+00	5.915915915915915946e+01
3.690864936370997995e+00	6.374782392694585020e+00	5.921921921921921950e+01
3.263475005790678285e+00	5.819165044878566562e+00	5.927927927927927954e+01
2.788927241488329045e+00	5.285422211088365962e+00	5.933933933933933957e+01
2.272316383097052306e+00	4.795611785160652119e+00	5.939939939939939961e+01
1.718916423385946191e+00	4.358715873300625709e+00	5.945945945945945965e+01
1.134102032277437777e+00	3.968882821117473370e+00	5.951951951951951969e+01
5.231253259199322159e-01	3.610790227501297522e+00	5.957957957957957973e+01
-1.053181117231367647e-01	-2.480012161909554091e+00	5.963963963963963977e+01
-7.280754315068126425e-01	-6.553217932836053805e+00	5.969969969969969981e+01
-1.326468570323827478e+00	-6.857540221579002448e+00	5.975975975975975985e+01
-1.894517857082760770e+00	-7.143944635317470038e+00	5.981981981981981988e+01
-2.427442611017026852e+00	-7.411566906515954400e+00	5.987987987987987992e+01
-2.920083965208316368e+00	-7.658339303477094795e+00	5.993993993993993996e+01
-3.367697954637263180e+00	-7.882438076772297464e+00	6.000000000000000000e+01
