displacement 	force 	time
0.000000000000000000e+00	0.000000000000000000e+00	0.000000000000000000e+00
2.165277517471253043e-06	2.165275202517824152e-06	6.006006006006005954e-02
3.456543258632084137e-05	3.456483828590331542e-05	1.201201201201201191e-01
1.744627990047105772e-04	1.744477344880092232e-04	1.801801801801801717e-01
5.493375486436930877e-04	5.491881982391109323e-04	2.402402402402402382e-01
1.335199875001673786e-03	1.334317804728797716e-03	3.003003003003003046e-01
2.754374198828516123e-03	2.750622269652458225e-03	3.603603603603603434e-01
5.072776682071896553e-03	5.060060337951069812e-03	4.204204204204204376e-01
8.596712243590095420e-03	8.560234632216535966e-03	4.804804804804804763e-01
1.366922570829840269e-02	1.357715601689024609e-02	5.405405405405405705e-01
2.066604749543144576e-02	2.045608898313247201e-02	6.006006006006006093e-01
2.999118421679729599e-02	2.955036393966271879e-02	6.606606606606606480e-01
4.207221308447609692e-02	4.120818738010039589e-02	7.207207207207206867e-01
5.735534662978895859e-02	5.575766742139705995e-02	7.807807807807807254e-01
7.630034229149233738e-02	7.349049601592651249e-02	8.408408408408408752e-01
9.937533729998740406e-02	9.464496872568722852e-02	9.009009009009009139e-01
1.270516925254762119e-01	1.193892519483219228e-01	9.609609609609609526e-01
1.597989281792144556e-01	1.478059924325782759e-01	1.021021021021021102e+00
1.980798305770183343e-01	1.798794767811005835e-01	1.081081081081081141e+00
2.423458002768822672e-01	2.154865536284317484e-01	1.141141141141141180e+00
2.930324993344332052e-01	2.543924080617007699e-01	1.201201201201201219e+00
3.505558377927131541e-01	2.962520172360724735e-01	1.261261261261261257e+00
4.153083198988423708e-01	3.406177341664659575e-01	1.321321321321321296e+00
4.876557489954678748e-01	3.869529710881387530e-01	1.381381381381381335e+00
5.679342693573250500e-01	4.346514218581609690e-01	1.441441441441441373e+00
6.564477016036488477e-01	4.830607738660364081e-01	1.501501501501501412e+00
7.534651161215587534e-01	5.315093963733876770e-01	1.561561561561561451e+00
8.592185743985147894e-01	5.793342334822768613e-01	1.621621621621621712e+00
9.739009686053204939e-01	6.259079531995951351e-01	1.681681681681681750e+00
1.097663887795885973e+00	6.706635180378299754e-01	1.741741741741741789e+00
1.230615452597955128e+00	7.131145410790342698e-01	1.801801801801801828e+00
1.372818071621571212e+00	7.528702234304817109e-01	1.861861861861861867e+00
1.524286093579611645e+00	7.896441521791787155e-01	1.921921921921921905e+00
1.684983349573152767e+00	8.232567889010304896e-01	1.981981981981981944e+00
1.854820601610102759e+00	8.536320035241115045e-01	2.042042042042042205e+00
2.033652933387126271e+00	8.807884591870041024e-01	2.102102102102102243e+00
2.221277136298956734e+00	9.048269874755219266e-01	2.162162162162162282e+00
2.417429156436705195e+00	9.259152815354155797e-01	2.222222222222222321e+00
2.621781675525840516e+00	9.442712821480641061e-01	2.282282282282282360e+00
2.833941902156023485e+00	9.601465371986828146e-01	2.342342342342342398e+00
3.053449646843364729e+00	9.738106204791773246e-01	2.402402402402402437e+00
3.279775749149581365e+00	9.855374284877501667e-01	2.462462462462462476e+00
3.512320915547707756e+00	9.955938784861846358e-01	2.522522522522522515e+00
3.750415016281949843e+00	1.004231242394248991e+00	2.582582582582582553e+00
3.993316877452838476e+00	1.011679098755048134e+00	2.642642642642642592e+00
4.240214592968187368e+00	1.018141690488573836e+00	2.702702702702702631e+00
4.490226370236533704e+00	1.023796340663766236e+00	2.762762762762762669e+00
4.742401913590865270e+00	1.028793514050122981e+00	2.822822822822822708e+00
4.995724341490846321e+00	1.033258093745784922e+00	2.882882882882882747e+00
5.249112626900757306e+00	1.037291471062091519e+00	2.942942942942942786e+00
5.501424545156541335e+00	1.040974101202954749e+00	3.003003003003002824e+00
5.751460109766799889e+00	1.044368245462437894e+00	3.063063063063062863e+00
5.997965473867525432e+00	1.047520692286931787e+00	3.123123123123122902e+00
6.239637273337727663e+00	1.050465315459517601e+00	3.183183183183182940e+00
6.475127385017006354e+00	1.053225384229609318e+00	3.243243243243243423e+00
6.703048074649225363e+00	1.055815586708679366e+00	3.303303303303303462e+00
6.921977504774081247e+00	1.058243755398648567e+00	3.363363363363363501e+00
7.130465577821620826e+00	1.060512312523112621e+00	3.423423423423423539e+00
7.327040080544557021e+00	1.062619459012994927e+00	3.483483483483483578e+00
7.510213103326743855e+00	1.064560141215666667e+00	3.543543543543543617e+00
7.678487703471126302e+00	1.066326829656464525e+00	3.603603603603603656e+00
7.830364780077588627e+00	1.067910142099679494e+00	3.663663663663663694e+00
7.964350128748337809e+00	1.069299340068034621e+00	3.723723723723723733e+00
8.078961643473618892e+00	1.070482723576879236e+00	3.783783783783783772e+00
8.172736632170952475e+00	1.071447944179772627e+00	3.843843843843843811e+00
8.244239211586359417e+00	1.072182251815865239e+00	3.903903903903903849e+00
8.292067746806376149e+00	1.072672686443851831e+00	3.963963963963963888e+00
8.314862300205039247e+00	1.072906220885327722e+00	4.024024024024024371e+00
8.311312686853478127e+00	1.067550327047623426e+00	4.084084084084084409e+00
8.280191202182139776e+00	1.036428842376285520e+00	4.144144144144144448e+00
8.220418313908753660e+00	9.766559541028997371e-01	4.204204204204204487e+00
8.131086554330344995e+00	8.873241945244902951e-01	4.264264264264264526e+00
8.011470165962171208e+00	7.677078061563175071e-01	4.324324324324324564e+00
7.861033799859118432e+00	6.172714400532646195e-01	4.384384384384384603e+00
7.679440279872784991e+00	4.356779200669315122e-01	4.444444444444444642e+00
7.466557375246854811e+00	2.227950154410025807e-01	4.504504504504504681e+00
7.222463350828700612e+00	-1.701736730755622207e-02	4.564564564564564719e+00
6.947419116718884347e+00	-2.363654067288098459e-01	4.624624624624624758e+00
6.641734702330197138e+00	-4.196170681454982065e-01	4.684684684684684797e+00
6.305705975620480075e+00	-5.668078344257855283e-01	4.744744744744744835e+00
5.939618211167184469e+00	-6.808710318111440563e-01	4.804804804804804874e+00
5.543761004891935684e+00	-7.664665514087976028e-01	4.864864864864864913e+00
5.118448896016110972e+00	-8.289538249496596345e-01	4.924924924924924952e+00
4.664043974507841028e+00	-8.736165465133532981e-01	4.984984984984984990e+00
4.180977657708382367e+00	-9.051665315068148088e-01	5.045045045045045029e+00
3.669769825649585648e+00	-9.274979511562193579e-01	5.105105105105105068e+00
3.131044408816885838e+00	-9.436329370032331409e-01	5.165165165165165106e+00
2.565541215511297324e+00	-9.557913107511730733e-01	5.225225225225225145e+00
1.974124237920780622e+00	-9.655241562921637044e-01	5.285285285285285184e+00
1.357786911077100145e+00	-9.738658327078849597e-01	5.345345345345345223e+00
7.176548697435279900e-01	-9.814757126098533346e-01	5.405405405405405261e+00
5.498671496371909662e-02	-9.887554083483343081e-01	5.465465465465465300e+00
-6.288267835550268581e-01	-9.959376482751651771e-01	5.525525525525525339e+00
-1.332264723066044931e+00	-1.003149132273641220e+00	5.585585585585585378e+00
-2.053679107261894288e+00	-1.010452451584551659e+00	5.645645645645645416e+00
-2.791298729312852611e+00	-1.017872651890433744e+00	5.705705705705705455e+00
-3.543233791806879029e+00	-1.025413321640057163e+00	5.765765765765765494e+00
-4.307481192829146543e+00	-1.033065956357093640e+00	5.825825825825825532e+00
-5.081930429586734022e+00	-1.040815222244656502e+00	5.885885885885885571e+00
-5.864370083123680466e+00	-1.048641834118944960e+00	5.945945945945945610e+00
-6.652494856325905204e+00	-1.056524099750159928e+00	6.006006006006005649e+00
-7.443913133465796861e+00	-1.064438746667557112e+00	6.066066066066065687e+00
-8.236155039839859526e+00	-1.072361376208821104e+00	6.126126126126125726e+00
-9.026680969794629306e+00	-1.080266730676265219e+00	6.186186186186185765e+00
-9.812890552979133929e+00	-1.088128869523339759e+00	6.246246246246245803e+00
-1.059213202904268236e+01	-1.095921303768631727e+00	6.306306306306305842e+00
-1.136171199630762985e+01	-1.103617112308257209e+00	6.366366366366365881e+00
-1.211890549867817590e+01	-1.111189051395978566e+00	6.426426426426426808e+00
-1.286096641339844204e+01	-1.118609662423903472e+00	6.486486486486486847e+00
-1.358513810047872461e+01	-1.125851380175692196e+00	6.546546546546546885e+00
-1.428866427297578312e+01	-1.132886642319413273e+00	6.606606606606606924e+00
-1.496880004586467905e+01	-1.139688000250754119e+00	6.666666666666666963e+00
-1.562282311995583584e+01	-1.146228231091450889e+00	6.726726726726727001e+00
-1.624804505619816553e+01	-1.152480450504123510e+00	6.786786786786787040e+00
-1.684182259473672261e+01	-1.158418225915414101e+00	6.846846846846847079e+00
-1.740156897115677737e+01	-1.164015689693310707e+00	6.906906906906907118e+00
-1.792476518651211137e+01	-1.169247651854301351e+00	6.966966966966967156e+00
-1.840897117990026288e+01	-1.174089711792335677e+00	7.027027027027027195e+00
-1.885183685690533650e+01	-1.178518368564771990e+00	7.087087087087087234e+00
-1.925111292752234249e+01	-1.182511129272351358e+00	7.147147147147147273e+00
-1.960466150583066280e+01	-1.186046615056289832e+00	7.207207207207207311e+00
-1.991046642466120886e+01	-1.189104664245126841e+00	7.267267267267267350e+00
-2.016664321919745007e+01	-1.191666432190824798e+00	7.327327327327327389e+00
-2.037144873399919831e+01	-1.193714487339055275e+00	7.387387387387387427e+00
-2.052329030394215437e+01	-1.195232903038616623e+00	7.447447447447447466e+00
-2.062073447843672724e+01	-1.196207344783637216e+00	7.507507507507507505e+00
-2.066251522954375375e+01	-1.196625152294737315e+00	7.567567567567567544e+00
-2.064754447152399663e+01	-1.180050876391965042e+00	7.627627627627627582e+00
-2.057498677709980939e+01	-1.107493181967780016e+00	7.687687687687687621e+00
-2.044438015163425248e+01	-9.768865565022181174e-01	7.747747747747747660e+00
-2.025566200606689193e+01	-7.881684109348581213e-01	7.807807807807807698e+00
-2.000917327367493570e+01	-5.416796785429032202e-01	7.867867867867867737e+00
-1.970566034354757434e+01	-2.381667484155448877e-01	7.927927927927927776e+00
-1.934626454077380231e+01	7.611724167966896215e-02	7.987987987987987815e+00
-1.893235164664320891e+01	3.244366221183430099e-01	8.048048048048048742e+00
-1.846528126106652579e+01	5.068229125338841179e-01	8.108108108108108780e+00
-1.794638510327093428e+01	6.328613166896995823e-01	8.168168168168168819e+00
-1.737700185576460754e+01	7.156883537704180620e-01	8.228228228228228858e+00
-1.675852417182641219e+01	7.682465505545535978e-01	8.288288288288288896e+00
-1.609244437834227881e+01	8.012483447429459282e-01	8.348348348348348935e+00
-1.538039145325751456e+01	8.225430558379330792e-01	8.408408408408408974e+00
-1.462415688243767953e+01	8.373492797366584028e-01	8.468468468468469013e+00
-1.382571014544382493e+01	8.488586045279506997e-01	8.528528528528529051e+00
-1.298720596433427232e+01	8.588808963090808213e-01	8.588588588588589090e+00
-1.211098564099173558e+01	8.683709322460948510e-01	8.648648648648649129e+00
-1.119957440700370199e+01	8.777955554724999887e-01	8.708708708708709167e+00
-1.025567614671782124e+01	8.873620315450295726e-01	8.768768768768769206e+00
-9.282166355817453862e+00	8.971476601021407538e-01	8.828828828828829245e+00
-8.282083839963886973e+00	9.071678773291643738e-01	8.888888888888889284e+00
-7.258621434234986403e+00	9.174097306818229658e-01	8.948948948948949322e+00
-6.215115897792828470e+00	9.278474127989433384e-01	9.009009009009009361e+00
-5.155037074662042862e+00	9.384491344465559770e-01	9.069069069069069400e+00
-4.081976381807134402e+00	9.491800669843657445e-01	9.129129129129129439e+00
-2.999634669700520284e+00	9.600035959347202885e-01	9.189189189189189477e+00
-1.911809507877903158e+00	9.708818855830384509e-01	9.249249249249249516e+00
-8.223819323698410289e-01	9.817761741695547606e-01	9.309309309309309555e+00
2.646972958553922561e-01	9.926469707630409811e-01	9.369369369369369593e+00
1.345421867885385980e+00	1.003454217933843706e+00	9.429429429429429632e+00
2.415744495843406892e+00	1.014157444702870281e+00	9.489489489489489671e+00
3.471591817690011350e+00	1.024715918087983013e+00	9.549549549549549710e+00
4.508879580412036070e+00	1.035088795772604042e+00	9.609609609609609748e+00
5.523528054381857899e+00	1.045235280532386568e+00	9.669669669669669787e+00
6.511477609188836446e+00	1.055114776087629158e+00	9.729729729729729826e+00
7.468704398546474721e+00	1.064687043983828962e+00	9.789789789789789864e+00
8.391236097668187455e+00	1.073912360976031488e+00	9.849849849849849903e+00
9.275167623424039220e+00	1.082751676233971505e+00	9.909909909909909942e+00
1.011667678334573850e+01	1.091166767833341655e+00	9.969969969969969981e+00
1.091203978700310984e+01	1.099120397869978838e+00	1.003003003003003002e+01
1.165764655984614251e+01	1.106576465598436476e+00	1.009009009009009006e+01
1.235001579761046031e+01	1.113500157976092142e+00	1.015015015015015010e+01
1.298580969977338917e+01	1.119858096997727426e+00	1.021021021021021014e+01
1.356184832128282025e+01	1.125618483212824428e+00	1.027027027027027017e+01
1.407512348270719293e+01	1.130751234827069629e+00	1.033033033033033021e+01
1.452281218009672514e+01	1.135228121800965884e+00	1.039039039039039025e+01
1.490228943721715815e+01	1.139022894372170525e+00	1.045045045045045029e+01
1.521114054442662145e+01	1.142111405444265371e+00	1.051051051051051033e+01
1.544717263032124244e+01	1.144471726303211812e+00	1.057057057057057037e+01
1.560842551438584103e+01	1.146084255143857922e+00	1.063063063063063041e+01
1.569318179063726504e+01	1.146931817906372109e+00	1.069069069069069045e+01
1.569997644094045341e+01	1.140339983638325894e+00	1.075075075075075048e+01
1.562765032480669269e+01	1.068013867504565173e+00	1.081081081081081052e+01
1.547552545302269245e+01	9.158889957205649246e-01	1.087087087087087056e+01
1.524347937625177174e+01	6.838429189496448846e-01	1.093093093093093060e+01
1.493195089179122093e+01	3.723144344890935153e-01	1.099099099099099064e+01
1.454194075312627632e+01	-4.966641211399447364e-03	1.105105105105105068e+01
1.407491944908177928e+01	-3.229247487981234399e-01	1.111111111111111072e+01
1.353246585984591910e+01	-5.487113833000117902e-01	1.117117117117117076e+01
1.291611882377848630e+01	-6.956448556114851467e-01	1.123123123123123079e+01
1.222742094386854284e+01	-7.847604949559328080e-01	1.129129129129129083e+01
1.146799272389042201e+01	-8.364977979421601706e-01	1.135135135135135087e+01
1.063960430803356871e+01	-8.666482280553249318e-01	1.141141141141141091e+01
9.744229958255914426e+00	-8.856320538782602725e-01	1.147147147147147095e+01
8.784082277010897499e+00	-8.995077880286092009e-01	1.153153153153153099e+01
7.761629538137337470e+00	-9.114299691923550828e-01	1.159159159159159103e+01
6.679601272614593910e+00	-9.228807591947216782e-01	1.165165165165165106e+01
5.540986562271949190e+00	-9.344866165903999988e-01	1.171171171171171110e+01
4.349028052805769207e+00	-9.464782887886091789e-01	1.177177177177177114e+01
3.107213419609029970e+00	-9.589187867013064803e-01	1.183183183183183118e+01
1.819265172903732797e+00	-9.718048439535220684e-01	1.189189189189189122e+01
4.891292207291165761e-01	-9.851080455132354974e-01	1.195195195195195126e+01
-8.790376164959142757e-01	-9.987902075670597180e-01	1.201201201201201130e+01
-2.280881041210542470e+00	-1.012808768897880629e+00	1.207207207207207134e+01
-3.711863598305392919e+00	-1.027118626055035122e+00	1.213213213213213137e+01
-5.167279832455373700e+00	-1.041672795993706657e+00	1.219219219219219141e+01
-6.642272218686133378e+00	-1.056422721651111729e+00	1.225225225225225145e+01
-8.131847825558811138e+00	-1.071318478134392960e+00	1.231231231231231149e+01
-9.630895646211772743e+00	-1.086308956434892670e+00	1.237237237237237153e+01
-1.113420454062006826e+01	-1.101342045400083514e+00	1.243243243243243157e+01
-1.263648172294503524e+01	-1.116364817228068018e+00	1.249249249249249161e+01
-1.413237173194131735e+01	-1.131323717319097755e+00	1.255255255255255165e+01
-1.561647581610688107e+01	-1.146164758160995945e+00	1.261261261261261168e+01
-1.708337166335475032e+01	-1.160833716633530521e+00	1.267267267267267172e+01
-1.852763340331636854e+01	-1.175276334033159564e+00	1.273273273273273176e+01
-1.994385180883165987e+01	-1.189438518088315577e+00	1.279279279279279180e+01
-2.132665462182445282e+01	-1.203266546218244359e+00	1.285285285285285362e+01
-2.267072692764689634e+01	-1.216707269276468883e+00	1.291291291291291365e+01
-2.397083150112898409e+01	-1.229708315011289743e+00	1.297297297297297369e+01
-2.522182904700228079e+01	-1.242218290470022746e+00	1.303303303303303373e+01
-2.641869825709706632e+01	-1.254186982570970610e+00	1.309309309309309377e+01
-2.755655560674365745e+01	-1.265565556067436592e+00	1.315315315315315381e+01
-2.863067481315379581e+01	-1.276306748131537994e+00	1.321321321321321385e+01
-2.963650587922390045e+01	-1.286365058792239058e+00	1.327327327327327389e+01
-3.056969364719810400e+01	-1.295696936471981031e+00	1.333333333333333393e+01
-3.142609578796655612e+01	-1.304260957879665561e+00	1.339339339339339396e+01
-3.220180015346644353e+01	-1.312018001534664524e+00	1.345345345345345400e+01
-3.289314142171306088e+01	-1.318931414217130671e+00	1.351351351351351404e+01
-3.349671696460256953e+01	-1.324967169646025678e+00	1.357357357357357408e+01
-3.400940186686881361e+01	-1.330094018668688260e+00	1.363363363363363412e+01
-3.442836304964324512e+01	-1.334283630496432504e+00	1.369369369369369416e+01
-3.475107240882949355e+01	-1.337510724088294856e+00	1.375375375375375420e+01
-3.497531893711273909e+01	-1.339753189371127418e+00	1.381381381381381424e+01
-3.509921977383670111e+01	-1.340992197738366976e+00	1.387387387387387427e+01
-3.512123021636392650e+01	-1.337069484481236303e+00	1.393393393393393431e+01
-3.504019370804502387e+01	-1.256032976162336334e+00	1.399399399399399435e+01
-3.485555911691553632e+01	-1.071398385032848566e+00	1.405405405405405439e+01
-3.456749877143892746e+01	-7.833380395562411502e-01	1.411411411411411443e+01
-3.417691457795226739e+01	-3.927538460695787492e-01	1.417417417417417447e+01
-3.368541695950458603e+01	1.554845217020056625e-02	1.423423423423423451e+01
-3.309501168024696938e+01	3.057554716233302217e-01	1.429429429429429455e+01
-3.240769132417351983e+01	4.882435840858925791e-01	1.435435435435435458e+01
-3.162542863290721229e+01	5.924804479677824309e-01	1.441441441441441462e+01
-3.075027786919365980e+01	6.486259254049673295e-01	1.447447447447447466e+01
-2.978447938940276174e+01	6.792611112168615017e-01	1.453453453453453470e+01
-2.873053707626840847e+01	6.982002518454168971e-01	1.459459459459459474e+01
-2.759126336413963188e+01	7.126489346625912713e-01	1.465465465465465478e+01
-2.636979896234324983e+01	7.258779633240287632e-01	1.471471471471471482e+01
-2.506961669537648874e+01	7.391882877996134305e-01	1.477477477477477485e+01
-2.369451660240173396e+01	7.530256224585151203e-01	1.483483483483483489e+01
-2.224861645891427031e+01	7.675069551279342095e-01	1.489489489489489493e+01
-2.073633974916588585e+01	7.826350860527880871e-01	1.495495495495495497e+01
-1.916240195713875849e+01	7.983756661394056930e-01	1.501501501501501501e+01
-1.753179552242101025e+01	8.146819832332065081e-01	1.507507507507507505e+01
-1.584977360731728879e+01	8.315022524651582980e-01	1.513513513513513509e+01
-1.412183275952637196e+01	8.487816703819731634e-01	1.519519519519519513e+01
-1.235369452726366468e+01	8.664630543744407110e-01	1.525525525525525516e+01
-1.055128609803027118e+01	8.844871389572397380e-01	1.531531531531531520e+01
-8.720720023814635624e+00	9.027927997509614944e-01	1.537537537537537524e+01
-6.868273098341966865e+00	9.213172690147175548e-01	1.543543543543543528e+01
-5.000364464071243908e+00	9.399963553589840703e-01	1.549549549549549532e+01
-3.123533019550814416e+00	9.587646698044444138e-01	1.555555555555555536e+01
-1.244414211217121702e+00	9.775558578878212890e-01	1.561561561561561540e+01
6.302837136163892406e-01	9.963028371361626334e-01	1.567567567567567544e+01
2.493803894965747059e+00	1.014938038949657173e+00	1.573573573573573547e+01
4.339365425751886995e+00	1.033393654257518834e+00	1.579579579579579551e+01
6.160188180418986192e+00	1.051601881804189897e+00	1.585585585585585555e+01
7.949517837577293022e+00	1.069495178375772904e+00	1.591591591591591559e+01
9.700650983170659103e+00	1.087006509831706547e+00	1.597597597597597563e+01
1.140696022268303267e+01	1.104069602226830371e+00	1.603603603603603744e+01
1.306191919685936043e+01	1.120619191968593498e+00	1.609609609609609748e+01
1.465912740554244564e+01	1.136591274055424483e+00	1.615615615615615752e+01
1.619233474978118537e+01	1.151923347497811889e+00	1.621621621621621756e+01
1.765546569932979182e+01	1.166554656993297856e+00	1.627627627627627760e+01
1.904264299142340633e+01	1.180426429914233966e+00	1.633633633633633764e+01
2.034821076884094992e+01	1.193482107688409455e+00	1.639639639639639768e+01
2.156675706713582841e+01	1.205667570671358213e+00	1.645645645645645772e+01
2.269313556283725219e+01	1.216931355628372513e+00	1.651651651651651775e+01
2.372248649654793340e+01	1.227224864965479334e+00	1.657657657657657779e+01
2.465025668726280728e+01	1.236502566872628162e+00	1.663663663663663783e+01
2.547221855694983361e+01	1.244722185569498318e+00	1.669669669669669787e+01
2.618448808749784007e+01	1.251844880874978472e+00	1.675675675675675791e+01
2.678354163557946777e+01	1.257835416355794766e+00	1.681681681681681795e+01
2.726623153485028084e+01	1.262662315348502817e+00	1.687687687687687799e+01
2.762980041929906250e+01	1.266298004192990545e+00	1.693693693693693803e+01
2.787189420660667594e+01	1.268718942066066724e+00	1.699699699699699806e+01
2.799057368548176328e+01	1.269905736854817668e+00	1.705705705705705810e+01
2.798432635061915263e+01	1.251062976672137506e+00	1.711711711711711814e+01
2.785217418520383958e+01	1.118910811256825566e+00	1.717717717717717818e+01
2.759394827774235992e+01	8.606849037953472337e-01	1.723723723723723822e+01
2.721037096880642991e+01	4.771075948594135641e-01	1.729729729729729826e+01
2.670305145893941656e+01	1.026097593705754818e-02	1.735735735735735830e+01
2.607426694339071105e+01	-3.382698480992960555e-01	1.741741741741741833e+01
2.532638426804430054e+01	-5.516552863377410798e-01	1.747747747747747837e+01
2.446173529480503817e+01	-6.674266991095012536e-01	1.753753753753753841e+01
2.348274202477493233e+01	-7.258853778133920187e-01	1.759759759759759845e+01
2.239205525818723785e+01	-7.562393671953205887e-01	1.765765765765765849e+01
2.119265459933589568e+01	-7.751079019076754228e-01	1.771771771771771853e+01
1.988790245487808406e+01	-7.903165998260615055e-01	1.777777777777777857e+01
1.848156445392264047e+01	-8.049872520521742514e-01	1.783783783783783861e+01
1.697781071513663420e+01	-8.201780779254377318e-01	1.789789789789789864e+01
1.538120764141350172e+01	-8.361790473461576667e-01	1.795795795795795868e+01
1.369670516042420694e+01	-8.530313015294916923e-01	1.801801801801801872e+01
1.192962146800972789e+01	-8.707035039203957494e-01	1.807807807807807876e+01
1.008562602559062071e+01	-8.891436951808069367e-01	1.813813813813813880e+01
8.170721078090675604e+00	-9.082927826637325897e-01	1.819819819819819884e+01
6.191221805763055919e+00	-9.280877809924851229e-01	1.825825825825825888e+01
4.153735193318367713e+00	-9.484626479366216056e-01	1.831831831831831892e+01
2.065137682938125607e+00	-9.693486231538217535e-01	1.837837837837837895e+01
-6.744831408695720065e-02	-9.906744831387408468e-01	1.843843843843843899e+01
-2.236678954562017374e+00	-1.012366789545375401e+00	1.849849849849849903e+01
-4.435014485701343823e+00	-1.034350144856985398e+00	1.855855855855855907e+01
-6.654745643282683254e+00	-1.056547456432823662e+00	1.861861861861861911e+01
-8.888020854256815539e+00	-1.078880208542567720e+00	1.867867867867867915e+01
-1.112687412840401002e+01	-1.101268741284040065e+00	1.873873873873873919e+01
-1.336325355206863108e+01	-1.123632535520686204e+00	1.879879879879879923e+01
-1.558905028212958754e+01	-1.145890502821295787e+00	1.885885885885885926e+01
-1.779612793410690230e+01	-1.167961279341068970e+00	1.891891891891891930e+01
-1.997635225449683460e+01	-1.189763522544968311e+00	1.897897897897897934e+01
-2.212162097340613798e+01	-1.211216209734061300e+00	1.903903903903903938e+01
-2.422389372854155454e+01	-1.232238937285415448e+00	1.909909909909909942e+01
-2.627522194953291645e+01	-1.252752219495329111e+00	1.915915915915915946e+01
-2.826777859166917395e+01	-1.272677785916691784e+00	1.921921921921921950e+01
-3.019388760827063223e+01	-1.291938876082706411e+00	1.927927927927927954e+01
-3.204605305129496173e+01	-1.310460530512949529e+00	1.933933933933933957e+01
-3.381698769047387998e+01	-1.328169876904738755e+00	1.939939939939939961e+01
-3.549964104235369433e+01	-1.344996410423537014e+00	1.945945945945945965e+01
-3.708722670209816386e+01	-1.360872267020981630e+00	1.951951951951951969e+01
-3.857324887282852899e+01	-1.375732488728285352e+00	1.957957957957957973e+01
-3.995152798964525687e+01	-1.389515279896452515e+00	1.963963963963963977e+01
-4.121622533832129420e+01	-1.402162253383212986e+00	1.969969969969969981e+01
-4.236186657200843086e+01	-1.413618665720084433e+00	1.975975975975975985e+01
-4.338336403319125623e+01	-1.423833640331912509e+00	1.981981981981981988e+01
-4.427603779257564298e+01	-1.432760377925756501e+00	1.987987987987987992e+01
-4.503563531249459828e+01	-1.440356353124945921e+00	1.993993993993993996e+01
-4.565834966438536213e+01	-1.446583496643853550e+00	2.000000000000000000e+01
-4.614083621714680561e+01	-1.451408362171468180e+00	2.006006006006006004e+01
-4.648022771800395248e+01	-1.454802277180039516e+00	2.012012012012012008e+01
-4.667414773179576315e+01	-1.456741477317957667e+00	2.018018018018018012e+01
-4.672072238253388576e+01	-1.454672029860361704e+00	2.024024024024024015e+01
-4.661863381977094889e+01	-1.352583467097422609e+00	2.030030030030030019e+01
-4.636741443696777054e+01	-1.101364084294250922e+00	2.036036036036036023e+01
-4.596764218992675666e+01	-7.015918372532347069e-01	2.042042042042042027e+01
-4.542094612216657623e+01	-1.959074801408420274e-01	2.048048048048048031e+01
-4.472976985165997377e+01	1.761315254839177502e-01	2.054054054054054035e+01
-4.389668556332551930e+01	3.916824612816748319e-01	2.060060060060060039e+01
-4.292423653202277478e+01	5.004982515595133297e-01	2.066066066066066043e+01
-4.181510133428641041e+01	5.519727853858944489e-01	2.072072072072072046e+01
-4.057226368753092771e+01	5.785418027056912216e-01	2.078078078078078050e+01
-3.919912359680769498e+01	5.965558875357865887e-01	2.084084084084084054e+01
-3.769954959015173301e+01	6.126801853392005448e-01	2.090090090090090058e+01
-3.607789344417660260e+01	6.291569894900582716e-01	2.096096096096096062e+01
-3.433898622204209516e+01	6.465988787913361513e-01	2.102102102102102066e+01
-3.248812607410717135e+01	6.651169703868492489e-01	2.108108108108108070e+01
-3.053106221586060798e+01	6.846891278904505551e-01	2.114114114114114074e+01
-2.847397661419828196e+01	7.052602018960101304e-01	2.120120120120120077e+01
-2.632346385805807287e+01	7.267653576452349773e-01	2.126126126126126081e+01
-2.408650937586278218e+01	7.491349058299312524e-01	2.132132132132132085e+01
-2.177046609936958532e+01	7.722953389562925430e-01	2.138138138138138089e+01
-1.938302964126539862e+01	7.961697035784205401e-01	2.144144144144144093e+01
-1.693221208249090637e+01	8.206778791735199752e-01	2.150150150150150097e+01
-1.442631445432911796e+01	8.457368554564554941e-01	2.156156156156156101e+01
-1.187389800685399344e+01	8.712610199314201331e-01	2.162162162162162105e+01
-9.283754364712642371e+00	8.971624563528666219e-01	2.168168168168168108e+01
-6.664874674863106918e+00	9.233512532513676874e-01	2.174174174174174112e+01
-4.026417855655987310e+00	9.497358214434401535e-01	2.180180180180180116e+01
-1.377678049517176984e+00	9.762232195048282657e-01	2.186186186186186120e+01
1.271948597361680866e+00	1.002719485973616820e+00	2.192192192192192124e+01
3.912997699622989600e+00	1.029129976996229878e+00	2.198198198198198128e+01
6.535970847860252064e+00	1.055359708478602609e+00	2.204204204204204132e+01
9.131370121985096233e+00	1.081313701219851042e+00	2.210210210210210136e+01
1.168973280230101075e+01	1.106897328023010108e+00	2.216216216216216139e+01
1.420166612468167067e+01	1.132016661246816769e+00	2.222222222222222143e+01
1.665788198133285292e+01	1.156578819813328440e+00	2.228228228228228147e+01
1.904923142277195680e+01	1.180492314227719497e+00	2.234234234234234151e+01
2.136673883230110960e+01	1.203667388323011123e+00	2.240240240240240155e+01
2.360163565024371124e+01	1.226016356502437121e+00	2.246246246246246159e+01
2.574539352281462712e+01	1.247453935228146182e+00	2.252252252252252163e+01
2.778975674911255567e+01	1.267897567491125477e+00	2.258258258258258167e+01
2.972677390300610867e+01	1.287267739030061087e+00	2.264264264264264170e+01
3.154882850958695428e+01	1.305488285095869561e+00	2.270270270270270174e+01
3.324866865881798361e+01	1.322486686588179916e+00	2.276276276276276178e+01
3.481943544222372111e+01	1.338194354422237220e+00	2.282282282282282182e+01
3.625469010206588649e+01	1.352546901020658776e+00	2.288288288288288186e+01
3.754843978648907665e+01	1.365484397864890731e+00	2.294294294294294190e+01
3.869516180866994404e+01	1.376951618086699414e+00	2.300300300300300194e+01
3.968982631313270559e+01	1.386898263131327136e+00	2.306306306306306197e+01
4.052791725821187896e+01	1.395279172582118754e+00	2.312312312312312201e+01
4.120545163026558555e+01	1.402054516302655873e+00	2.318318318318318205e+01
4.171899681201099952e+01	1.407189968120110102e+00	2.324324324324324209e+01
4.206568601952049136e+01	1.410656860195204976e+00	2.330330330330330213e+01
4.224323176222591059e+01	1.412432317622259070e+00	2.336336336336336217e+01
4.224993838544865810e+01	1.394464818775250858e+00	2.342342342342342221e+01
4.208482177743534436e+01	1.229348210761937565e+00	2.348348348348348225e+01
4.174798191779873235e+01	8.925083511253300017e-01	2.354354354354354228e+01
4.124073625971362844e+01	3.856314524271662325e-01	2.360360360360360232e+01
4.056555287492864892e+01	-9.400267088896141487e-02	2.366366366366366236e+01
3.972541575027027960e+01	-3.810891525377709255e-01	2.372372372372372240e+01
3.872327735294961570e+01	-5.250694082080350489e-01	2.378378378378378244e+01
3.756217720812346528e+01	-5.900478173147598593e-01	2.384384384384384248e+01
3.624545941790908188e+01	-6.210245263709395225e-01	2.390390390390390252e+01
3.477692729684825679e+01	-6.407292081980444642e-01	2.396396396396396256e+01
3.316091809310519523e+01	-6.580924822326400525e-01	2.402402402402402259e+01
3.140232502631804579e+01	-6.759253500842907769e-01	2.408408408408408263e+01
2.950659383152735771e+01	-6.949263409995551921e-01	2.414414414414414267e+01
2.747970881085420558e+01	-7.152018946742435546e-01	2.420420420420420271e+01
2.532817439431165596e+01	-7.367181376892519840e-01	2.426426426426426275e+01
2.305899411970498036e+01	-7.594100465416112611e-01	2.432432432432432279e+01
2.067964756733081444e+01	-7.832035231681324650e-01	2.438438438438438283e+01
1.819806541895186669e+01	-8.080193456739226399e-01	2.444444444444444287e+01
1.562260274973910334e+01	-8.337739724804201780e-01	2.450450450450450290e+01
1.296201063319607982e+01	-8.603798936645918882e-01	2.456456456456456294e+01
1.022540616440707417e+01	-8.877459383554877625e-01	2.462462462462462298e+01
7.422240998346385510e+00	-9.157775900164786265e-01	2.468468468468468302e+01
4.562268512968142176e+00	-9.443773148703070719e-01	2.474474474474474306e+01
1.655509718438489486e+00	-9.734449028156140216e-01	2.480480480480480310e+01
-1.287781983763345073e+00	-1.002877819837633355e+00	2.486486486486486314e+01
-4.257157061991104996e+00	-1.032571570619911006e+00	2.492492492492492318e+01
-7.242006998661095984e+00	-1.062420069986610871e+00	2.498498498498498321e+01
-1.023160219842202956e+01	-1.092316021984220287e+00	2.504504504504504325e+01
-1.321513051818782891e+01	-1.122151305181878334e+00	2.510510510510510329e+01
-1.618173629185400131e+01	-1.151817362918539978e+00	2.516516516516516333e+01
-1.912055968196750300e+01	-1.181205596819675074e+00	2.522522522522522337e+01
-2.202077625213281564e+01	-1.210207762521328112e+00	2.528528528528528341e+01
-2.487163658958957768e+01	-1.238716365895895732e+00	2.534534534534534345e+01
-2.766250584640698662e+01	-1.266625058464069919e+00	2.540540540540540349e+01
-3.038290304722759316e+01	-1.293829030472275932e+00	2.546546546546546352e+01
-3.302254002142397127e+01	-1.320225400214239730e+00	2.552552552552552356e+01
-3.557135981612639597e+01	-1.345713598161264013e+00	2.558558558558558360e+01
-3.801957444658190610e+01	-1.370195744465819043e+00	2.564564564564564719e+01
-4.035770184247806469e+01	-1.393577018424780656e+00	2.570570570570570723e+01
-4.257660185130770714e+01	-1.415766018513077151e+00	2.576576576576576727e+01
-4.466751116269329458e+01	-1.436675111626932955e+00	2.582582582582582731e+01
-4.662207702093404293e+01	-1.456220770209340376e+00	2.588588588588588735e+01
-4.843238959692658341e+01	-1.474323895969265941e+00	2.594594594594594739e+01
-5.009101289510450528e+01	-1.490910128951044911e+00	2.600600600600600742e+01
-5.159101407618877033e+01	-1.505910140761887561e+00	2.606606606606606746e+01
-5.292599108176793266e+01	-1.519259910817679415e+00	2.612612612612612750e+01
-5.409009844240798515e+01	-1.530900984424079958e+00	2.618618618618618754e+01
-5.507807119180485245e+01	-1.540780711918048551e+00	2.624624624624624758e+01
-5.588524675501886207e+01	-1.548852467550188461e+00	2.630630630630630762e+01
-5.650758474327376035e+01	-1.555075847432737746e+00	2.636636636636636766e+01
-5.694168458519752107e+01	-1.559416845851975264e+00	2.642642642642642770e+01
-5.718480090551366857e+01	-1.561848009055136544e+00	2.648648648648648773e+01
-5.723485666631285085e+01	-1.556725223225319477e+00	2.654654654654654777e+01
-5.709052204168136768e+01	-1.412390598593838753e+00	2.660660660660660781e+01
-5.675160934686828540e+01	-1.073477903780756249e+00	2.666666666666666785e+01
-5.621930355908020971e+01	-5.413937141021191168e-01	2.672672672672672789e+01
-5.549609814383129702e+01	-3.521183055772836301e-02	2.678678678678678793e+01
-5.458508476705531365e+01	2.550535163959400942e-01	2.684684684684684797e+01
-5.348933235885628790e+01	3.918942760873059816e-01	2.690690690690690801e+01
-5.221203912264597591e+01	4.502565667325005849e-01	2.696696696696696804e+01
-5.075678713370634654e+01	4.783199405912400559e-01	2.702702702702702808e+01
-4.912770871035729670e+01	4.979164707709692328e-01	2.708708708708708812e+01
-4.732955772812971418e+01	5.165708719962027740e-01	2.714714714714714816e+01
-4.536772537903718217e+01	5.363039688354511725e-01	2.720720720720720820e+01
-4.324823204375115893e+01	5.575154245368245665e-01	2.726726726726726824e+01
-4.097771015676791251e+01	5.802226655474458372e-01	2.732732732732732828e+01
-3.856338312874580510e+01	6.043661478827293543e-01	2.738738738738738832e+01
-3.601304169662018495e+01	6.298695814303211238e-01	2.744744744744744835e+01
-3.333501804997465712e+01	6.566498193419203488e-01	2.750750750750750839e+01
-3.053815786332097559e+01	6.846184213199484336e-01	2.756756756756756843e+01
-2.763179033716412647e+01	7.136820966054380211e-01	2.762762762762762847e+01
-2.462569634358927928e+01	7.437430365524363429e-01	2.768768768768768851e+01
-2.153007479164294580e+01	7.746992520782717273e-01	2.774774774774774855e+01
-1.835550732120898587e+01	8.064449267860456239e-01	2.780780780780780859e+01
-1.511292145299136358e+01	8.388707854697015076e-01	2.786786786786786863e+01
-1.181355231767698477e+01	8.718644768232197695e-01	2.792792792792792866e+01
-8.468903097609558728e+00	9.053109690238883012e-01	2.798798798798798870e+01
-5.090704323631110029e+00	9.390929567636672193e-01	2.804804804804804874e+01
-1.690872178562444317e+00	9.730912782143735784e-01	2.810810810810810878e+01
1.718534070986742490e+00	1.007185340709867205e+00	2.816816816816816882e+01
5.125355335052930172e+00	1.041253553350529382e+00	2.822822822822822886e+01
8.517376511959193763e+00	1.075173765119591840e+00	2.828828828828828890e+01
1.188237068371554095e+01	1.108823706837155365e+00	2.834834834834834894e+01
1.520814355715694433e+01	1.142081435571569381e+00	2.840840840840840897e+01
1.848257796073899684e+01	1.174825779607389986e+00	2.846846846846846901e+01
2.169367825021167207e+01	1.206936782502116667e+00	2.852852852852852905e+01
2.482961446709196451e+01	1.238296144670919752e+00	2.858858858858858909e+01
2.787876607576150434e+01	1.268787660757614955e+00	2.864864864864864913e+01
3.082976512194973751e+01	1.298297651219497251e+00	2.870870870870870917e+01
3.367153865143966840e+01	1.326715386514396577e+00	2.876876876876876921e+01
3.639335023401959290e+01	1.353933502340195938e+00	2.882882882882882924e+01
3.898484043623450646e+01	1.379848404362345127e+00	2.888888888888888928e+01
4.143606609059925461e+01	1.404360660905992653e+00	2.894894894894894932e+01
4.373753821301853151e+01	1.427375382130185333e+00	2.900900900900900936e+01
4.588025842453078695e+01	1.448802584245307834e+00	2.906906906906906940e+01
4.785575373832757151e+01	1.468557537383275768e+00	2.912912912912912944e+01
4.965610957841073514e+01	1.486561095784107334e+00	2.918918918918918948e+01
5.127400090233632568e+01	1.502740009023363132e+00	2.924924924924924952e+01
5.270272130735626348e+01	1.517027213073562475e+00	2.930930930930930955e+01
5.393621000697253720e+01	1.529362100069725283e+00	2.936936936936936959e+01
5.496907656525122121e+01	1.539690765652512283e+00	2.942942942942942963e+01
5.579662329433594437e+01	1.547966232943359444e+00	2.948948948948948967e+01
5.641486522678438575e+01	1.554148652267843822e+00	2.954954954954954971e+01
5.682054755751131836e+01	1.558205475575113130e+00	2.960960960960960975e+01
5.701116052829733860e+01	1.560111605282973546e+00	2.966966966966966979e+01
5.698495644485066691e+01	1.518411474002279382e+00	2.972972972972972983e+01
5.674115796359637187e+01	1.274612992747989226e+00	2.978978978978978986e+01
5.628042052481748669e+01	8.138755539691012730e-01	2.984984984984984990e+01
5.560493530182924360e+01	2.153053933796044150e-01	2.990990990990990994e+01
5.471802819619420433e+01	-1.753730836930036396e-01	2.996996996996996998e+01
5.362317706193221056e+01	-3.642834171627055140e-01	3.003003003003003002e+01
5.232390689550989293e+01	-4.423556694092990460e-01	3.009009009009009006e+01
5.082408975049783351e+01	-4.763125566574344383e-01	3.015015015015015010e+01
4.912817457041865765e+01	-4.977191873642023978e-01	3.021021021021021014e+01
4.724129370256232363e+01	-5.174356606036594197e-01	3.027027027027027017e+01
4.516929063385197196e+01	-5.382880270784866639e-01	3.033033033033033021e+01
4.291871373303550996e+01	-5.608108542337564284e-01	3.039039039039039025e+01
4.049679789656725859e+01	-5.850318427148022415e-01	3.045045045045045029e+01
3.791144141470801543e+01	-6.108855724401804910e-01	3.051051051051051033e+01
3.517117992647395397e+01	-6.382881998839475823e-01	3.057057057057057037e+01
3.228515789633070199e+01	-6.671484209855897962e-01	3.063063063063063041e+01
2.926309774958097165e+01	-6.973690224856348152e-01	3.069069069069069045e+01
2.611526679311050003e+01	-7.288473320538675360e-01	3.075075075075075048e+01
2.285244202400484070e+01	-7.614755797457080089e-01	3.081081081081081052e+01
1.948587294217659149e+01	-7.951412705654987700e-01	3.087087087087087056e+01
1.602724250385966798e+01	-8.297275749544028578e-01	3.093093093093093060e+01
1.248862634343329248e+01	-8.651137365643357668e-01	3.099099099099099064e+01
8.882450415503448937e+00	-9.011754958452151687e-01	3.105105105105105068e+01
5.221447189078492812e+00	-9.377855281089921835e-01	3.111111111111111072e+01
1.518610565919895850e+00	-9.748138943407174128e-01	3.117117117117117076e+01
-2.212850321179941293e+00	-1.012128503211795261e+00	3.123123123123123079e+01
-5.959558288592306852e+00	-1.049595582885922918e+00	3.129129129129129083e+01
-9.708016058609663546e+00	-1.087080160586096689e+00	3.135135135135135087e+01
-1.344465484088927987e+01	-1.124446548408892799e+00	3.141141141141141091e+01
-1.715588336196190156e+01	-1.161558833619618980e+00	3.147147147147147095e+01
-2.082813717158114741e+01	-1.198281371715811394e+00	3.153153153153153099e+01
-2.444792801842639207e+01	-1.234479280184263894e+00	3.159159159159159103e+01
-2.800189315975243787e+01	-1.270018931597524325e+00	3.165165165165165106e+01
-3.147684439026260605e+01	-1.304768443902626140e+00	3.171171171171171110e+01
-3.485981662857469132e+01	-1.338598166285746904e+00	3.177177177177177114e+01
-3.813811587356848065e+01	-1.371381158735684780e+00	3.183183183183183118e+01
-4.129936635712050474e+01	-1.402993663571205030e+00	3.189189189189189122e+01
-4.433155671916368590e+01	-1.433315567191636886e+00	3.195195195195195126e+01
-4.722308503260379808e+01	-1.462230850326037945e+00	3.201201201201201485e+01
-4.996280250964592540e+01	-1.489628025096459307e+00	3.207207207207207489e+01
-5.254005572542431679e+01	-1.515400557254243274e+00	3.213213213213213493e+01
-5.494472719966439911e+01	-1.539447271996643885e+00	3.219219219219219497e+01
-5.716727418257820403e+01	-1.561672741825782085e+00	3.225225225225225500e+01
-5.919876549737719529e+01	-1.581987654973771917e+00	3.231231231231231504e+01
-6.103091629878050384e+01	-1.600309162987805012e+00	3.237237237237237508e+01
-6.265612061328661042e+01	-1.616561206132866246e+00	3.243243243243243512e+01
-6.406748152442474975e+01	-1.630674815244247622e+00	3.249249249249249516e+01
-6.525883891434678219e+01	-1.642588389143467831e+00	3.255255255255255520e+01
-6.622479460445079269e+01	-1.652247946044508087e+00	3.261261261261261524e+01
-6.696073482901317675e+01	-1.659607348290131679e+00	3.267267267267267528e+01
-6.746284995962062681e+01	-1.664628499596206179e+00	3.273273273273273531e+01
-6.772815137098227467e+01	-1.667281513709822693e+00	3.279279279279279535e+01
-6.775448619979977138e+01	-1.649470979575143659e+00	3.285285285285285539e+01
-6.754067733818507691e+01	-1.435662117960458062e+00	3.291291291291291543e+01
-6.708703652120472327e+01	-9.820213009801008752e-01	3.297297297297297547e+01
-6.639557335490984258e+01	-3.528976930620268404e-01	3.303303303303303551e+01
-6.546963047141116476e+01	6.633560179381448041e-02	3.309309309309309555e+01
-6.431278902773460970e+01	2.622875857754470852e-01	3.315315315315315559e+01
-6.292868669038030305e+01	3.395205984184357373e-01	3.321321321321321562e+01
-6.132135854545164477e+01	3.725389559050763522e-01	3.327327327327327566e+01
-5.949549464832507795e+01	3.943608795587221216e-01	3.333333333333333570e+01
-5.745655232263207068e+01	4.153454203416186985e-01	3.339339339339339574e+01
-5.521078150799822026e+01	4.378827586417103346e-01	3.345345345345345578e+01
-5.276521553625714489e+01	4.623470276128390788e-01	3.351351351351351582e+01
-5.012765044494808819e+01	4.887234370864254052e-01	3.357357357357357586e+01
-4.730661969647514553e+01	5.169337995033798094e-01	3.363363363363363590e+01
-4.431136585250143156e+01	5.468863412985103256e-01	3.369369369369369593e+01
-4.115180953423401178e+01	5.784819046025033717e-01	3.375375375375375597e+01
-3.783851581100462624e+01	6.116148418279857557e-01	3.381381381381381601e+01
-3.438265812204961946e+01	6.461734186939480651e-01	3.387387387387387605e+01
-3.079597986658697195e+01	6.820402012048270013e-01	3.393393393393393609e+01
-2.709075378459245087e+01	7.190924619780181271e-01	3.399399399399399613e+01
-2.327973927141425037e+01	7.572026071772779421e-01	3.405405405405405617e+01
-1.937613777343651478e+01	7.962386223151510789e-01	3.411411411411411621e+01
-1.539354642504257065e+01	8.360645358135940786e-01	3.417417417417417624e+01
-1.134591007454821110e+01	8.765408991813857797e-01	3.423423423423423628e+01
-7.247471894766737144e+00	9.175252810061323983e-01	3.429429429429429632e+01
-3.112722729736584260e+00	9.588727727073946827e-01	3.435435435435435636e+01
1.043650647898580308e+00	1.000436506476617859e+00	3.441441441441441640e+01
5.206818149822544761e+00	1.042068181498038371e+00	3.447447447447447644e+01
9.361859707228196825e+00	1.083618597072288914e+00	3.453453453453453648e+01
1.349381910819517927e+01	1.124938191081937822e+00	3.459459459459459651e+01
1.758775816278590653e+01	1.165877581627854154e+00	3.465465465465465655e+01
2.162881097647501250e+01	1.206288109764757088e+00	3.471471471471471659e+01
2.560223816748219505e+01	1.246022381674827706e+00	3.477477477477477663e+01
2.949348080579235898e+01	1.284934808057921041e+00	3.483483483483483667e+01
3.328821387577183799e+01	1.322882138757705439e+00	3.489489489489489671e+01
3.697239908107876971e+01	1.359723990810768113e+00	3.495495495495495675e+01
4.053233679224617703e+01	1.395323367922441049e+00	3.501501501501501679e+01
4.395471694270570850e+01	1.429547169427038744e+00	3.507507507507507682e+01
4.722666868429741527e+01	1.462266686842959684e+00	3.513513513513513686e+01
5.033580861759840275e+01	1.493358086175974098e+00	3.519519519519519690e+01
5.327028742035704312e+01	1.522702874203564649e+00	3.525525525525525694e+01
5.601883469528872439e+01	1.550188346952884544e+00	3.531531531531531698e+01
5.857080186982458514e+01	1.575708018698245283e+00	3.537537537537537702e+01
6.091620298688260959e+01	1.599162029868825829e+00	3.543543543543543706e+01
6.304575322765811762e+01	1.620457532276581514e+00	3.549549549549549710e+01
6.495090501955428408e+01	1.639509050195543161e+00	3.555555555555555713e+01
6.662388158956439099e+01	1.656238815895644034e+00	3.561561561561561717e+01
6.805770783385386835e+01	1.670577078338538524e+00	3.567567567567567721e+01
6.924623838599914905e+01	1.682462383859991473e+00	3.573573573573573725e+01
7.018418277521662674e+01	1.691841827752166294e+00	3.579579579579579729e+01
7.086712754720855401e+01	1.698671275472085629e+00	3.585585585585585733e+01
7.129155529776154765e+01	1.702915552977615432e+00	3.591591591591591737e+01
7.145486048265119905e+01	1.704548604826511937e+00	3.597597597597597741e+01
7.135538525922758879e+01	1.603132764519261233e+00	3.603603603603603744e+01
7.099279854682976065e+01	1.240546052121426879e+00	3.609609609609609748e+01
7.036858095559379933e+01	6.200717510124915677e-01	3.615615615615615752e+01
6.948595008950911733e+01	7.982511774497669244e-02	3.621621621621621756e+01
6.834882249762243589e+01	-1.862456806074203053e-01	3.627627627627627760e+01
6.696112819711233044e+01	-2.903642562404613603e-01	3.633633633633633764e+01
6.532712327959038134e+01	-3.308695996669985817e-01	3.639639639639639768e+01
6.345172605731983140e+01	-3.545845637663964656e-01	3.645645645645645772e+01
6.134067938872260584e+01	-3.764844270557750061e-01	3.651651651651651775e+01
5.900059354994374416e+01	-3.999835869817111034e-01	3.657657657657657779e+01
5.643894025205092646e+01	-4.256097888672286667e-01	3.663663663663663783e+01
5.366403117097333819e+01	-4.533596378239636016e-01	3.669669669669669787e+01
5.068499092931546102e+01	-4.831500881274257697e-01	3.675675675675675791e+01
4.751172667938224947e+01	-5.148827330568964689e-01	3.681681681681681795e+01
4.415489470265270455e+01	-5.484510529288305625e-01	3.687687687687687799e+01
4.062586418566538526e+01	-5.837413580808881175e-01	3.693693693693693803e+01
3.693667828171766843e+01	-6.206332170661108538e-01	3.699699699699699806e+01
3.310001260743351281e+01	-6.589998737752514879e-01	3.705705705705705810e+01
2.912913130823137209e+01	-6.987086869836599545e-01	3.711711711711711814e+01
2.503784084507721275e+01	-7.396215915413026920e-01	3.717717717717717818e+01
2.084044165868667520e+01	-7.815955831961765021e-01	3.723723723723723822e+01
1.655167790386605020e+01	-8.244832208948872365e-01	3.729729729729729826e+01
1.218668539129344452e+01	-8.681331461618466694e-01	3.735735735735735830e+01
7.760937942970185688e+00	-9.123906204382337126e-01	3.741741741741741833e+01
3.290192364674314085e+00	-9.570980763696240734e-01	3.747747747747747837e+01
-1.209567800430862317e+00	-1.002095677995141543e+00	3.753753753753753841e+01
-5.722189517693825778e+00	-1.047221895176196016e+00	3.759759759759759845e+01
-1.023140830224257591e+01	-1.092314083022566829e+00	3.765765765765765849e+01
-1.472090684856264176e+01	-1.137209068485478980e+00	3.771771771771771853e+01
-1.917437405273617301e+01	-1.181743740527127162e+00	3.777777777777777857e+01
-2.357556417493698220e+01	-1.225755641749959102e+00	3.783783783783783861e+01
-2.790835597706907123e+01	-1.269083559772000269e+00	3.789789789789789864e+01
-3.215681159249143661e+01	-1.311568115925502154e+00	3.795795795795795868e+01
-3.630523490691131627e+01	-1.353052349065528626e+00	3.801801801801801872e+01
-4.033822925272497883e+01	-1.393382292513878795e+00	3.807807807807807876e+01
-4.424075420265761949e+01	-1.432407541996995715e+00	3.813813813813813880e+01
-4.799818125029883475e+01	-1.469981812452800130e+00	3.819819819819819884e+01
-5.159634817133248674e+01	-1.505963481643715074e+00	3.825825825825825888e+01
-5.502161186444465102e+01	-1.540216118565504555e+00	3.831831831831831892e+01
-5.826089947584902262e+01	-1.572608994686659933e+00	3.837837837837837895e+01
-6.130175761641281440e+01	-1.603017576113507259e+00	3.843843843843843899e+01
-6.413239948676032043e+01	-1.631323994843040026e+00	3.849849849849849903e+01
-6.674174973356068108e+01	-1.657417497328532718e+00	3.855855855855855907e+01
-6.911948686582275059e+01	-1.681194868656832986e+00	3.861861861861861911e+01
-7.125608306782100954e+01	-1.702560830677799286e+00	3.867867867867867915e+01
-7.314284125688389793e+01	-1.721428412568695832e+00	3.873873873873873919e+01
-7.477192924424966236e+01	-1.737719292442456709e+00	3.879879879879879923e+01
-7.613641086952841874e+01	-1.751364108695273147e+00	3.885885885885885926e+01
-7.723027399049998110e+01	-1.762302739904995974e+00	3.891891891891891930e+01
-7.804845518806226323e+01	-1.770484551880620927e+00	3.897897897897897934e+01
-7.858686113103125592e+01	-1.775868611310311707e+00	3.903903903903903938e+01
-7.884238644776196736e+01	-1.778423864477618910e+00	3.909909909909909942e+01
-7.881293374409366947e+01	-1.726696391579573220e+00	3.915915915915915946e+01
-7.849767655791484344e+01	-1.411439205400744967e+00	3.921921921921921950e+01
-7.789766736996419638e+01	-8.114300174500901353e-01	3.927927927927927954e+01
-7.701591375990250299e+01	-2.037349403826592686e-01	3.933933933933933957e+01
-7.585642099312130426e+01	9.858325916380428211e-02	3.939939939939939961e+01
-7.442323713165190213e+01	2.140758955925183837e-01	3.945945945945945965e+01
-7.272073009814151590e+01	2.570176378953125118e-01	3.951951951951951969e+01
-7.075397641677020033e+01	2.816522452330560977e-01	3.957957957957957973e+01
-6.852895106471210340e+01	3.046231740714256953e-01	3.963963963963963977e+01
-6.605257687544809642e+01	3.294668925934494119e-01	3.969969969969969981e+01
-6.333271828767793465e+01	3.566723335696495578e-01	3.975975975975975985e+01
-6.037815840224693886e+01	3.862183908082751360e-01	3.981981981981981988e+01
-5.719857024400629797e+01	4.180142965080444473e-01	3.987987987987987992e+01
-5.380448438910178766e+01	4.519551560806210899e-01	3.993993993993993996e+01
-5.020725335925706645e+01	4.879274664987350851e-01	4.000000000000000000e+01
-4.641901291933125862e+01	5.258098709278463678e-01	4.006006006006006004e+01
-4.245264041947525868e+01	5.654735959823333769e-01	4.012012012012012008e+01
-3.832171032738034455e+01	6.067828966018211645e-01	4.018018018018018012e+01
-3.404044710390635942e+01	6.495955289328951832e-01	4.024024024024024015e+01
-2.962367557453322320e+01	6.937632444810157839e-01	4.030030030030030019e+01
-2.508676897245443627e+01	7.391323101888751523e-01	4.036036036036036023e+01
-2.044559484423817253e+01	7.855440514866831592e-01	4.042042042042042027e+01
-1.571645901518366628e+01	8.328354098341892442e-01	4.048048048048048031e+01
-1.091604776576699898e+01	8.808395222546450132e-01	4.054054054054054035e+01
-6.061368497179416615e+00	9.293863151147340185e-01	4.060060060060060039e+01
-1.169689020726645490e+00	9.783031097057717229e-01	4.066066066066066043e+01
3.741524248090517535e+00	1.027415242472835555e+00	4.072072072072072046e+01
8.654669017402810027e+00	1.076546690174009058e+00	4.078078078078078050e+01
1.355207051845253297e+01	1.125520705183200576e+00	4.084084084084084054e+01
1.841604534592238807e+01	1.174160453471377430e+00	4.090090090090090058e+01
2.322896553528339680e+01	1.222289655343812953e+00	4.096096096096096062e+01
2.797332261990929680e+01	1.269733226076052546e+00	4.102102102102102066e+01
3.263179142752616002e+01	1.316317914174343073e+00	4.108108108108108070e+01
3.718729342675332816e+01	1.361872934259107382e+00	4.114114114114114074e+01
4.162305935379373523e+01	1.406230593438580367e+00	4.120120120120120077e+01
4.592269088989682047e+01	1.449226908974922345e+00	4.126126126126126081e+01
5.007022118865811677e+01	1.490702212024267670e+00	4.132132132132132085e+01
5.405017401956042278e+01	1.530501740158046076e+00	4.138138138138138089e+01
5.784762129279319964e+01	1.568476212815550053e+00	4.144144144144144093e+01
6.144823876451810207e+01	1.604482387549285516e+00	4.150150150150150097e+01
6.483835973141763986e+01	1.638383597225093080e+00	4.156156156156156101e+01
6.800502648397277028e+01	1.670050264760594150e+00	4.162162162162162105e+01
7.093603934433548375e+01	1.699360393386638357e+00	4.168168168168168108e+01
7.362000309616668403e+01	1.726200030937699026e+00	4.174174174174174112e+01
7.604637063974428202e+01	1.750463706392406449e+00	4.180180180180180116e+01
7.820548369618907714e+01	1.772054836960770263e+00	4.186186186186186120e+01
8.008861040171017009e+01	1.790886104016683689e+00	4.192192192192192124e+01
8.168797965445354237e+01	1.806879796544411221e+00	4.198198198198198128e+01
8.299681208463549353e+01	1.819968120846318982e+00	4.204204204204204132e+01
8.400934753107108577e+01	1.830093475310697659e+00	4.210210210210210136e+01
8.472086887754947782e+01	1.837208688775488374e+00	4.216216216216216139e+01
8.512772219840205423e+01	1.841277221984016332e+00	4.222222222222222143e+01
8.522733311857328431e+01	1.837494704720780359e+00	4.228228228228228147e+01
8.501830710664371793e+01	1.628468692791215533e+00	4.234234234234234151e+01
8.450102741268752027e+01	1.111188998835014985e+00	4.240240240240240155e+01
8.367803876720498124e+01	4.156115683395504301e-01	4.246246246246246159e+01
8.255344439045526883e+01	2.028181286052621601e-02	4.252252252252252163e+01
8.113155886059040256e+01	-1.341125036127891468e-01	4.258258258258258167e+01
7.941691737906272408e+01	-1.878066235478131896e-01	4.264264264264264170e+01
7.741474112371676597e+01	-2.147689916995622061e-01	4.270270270270270174e+01
7.513119701020615082e+01	-2.385775871628228462e-01	4.276276276276276178e+01
7.257347402410390202e+01	-2.642567024833909484e-01	4.282282282282282182e+01
6.974978265577031777e+01	-2.925016652028608055e-01	4.288288288288288186e+01
6.666933179021792455e+01	-3.233066587715307527e-01	4.294294294294294190e+01
6.334229857724102430e+01	-3.565770133407790698e-01	4.300300300300300194e+01
5.977979428350074187e+01	-3.922020571767980135e-01	4.306306306306306197e+01
5.599382662860910642e+01	-4.300617337850740629e-01	4.312312312312312201e+01
5.199725875027674249e+01	-4.700274124882066751e-01	4.318318318318318205e+01
4.780376498351415648e+01	-5.119623498919962934e-01	4.324324324324324209e+01
4.342778355131110857e+01	-5.557221645003009858e-01	4.330330330330330213e+01
3.888446637302794073e+01	-6.011553363167916331e-01	4.336336336336336217e+01
3.418962612725309924e+01	-6.481037383610652736e-01	4.342342342342342221e+01
2.935968080741480790e+01	-6.964031920360140848e-01	4.348348348348348225e+01
2.441159589771859473e+01	-7.458840408929554577e-01	4.354354354354354228e+01
1.936282442448088403e+01	-7.963717559012603031e-01	4.360360360360360232e+01
1.423124506803265277e+01	-8.476875489875437264e-01	4.366366366366366236e+01
9.035098569035028504e+00	-8.996490143254999294e-01	4.372372372372372240e+01
3.792922636475187126e+00	-9.520707736794088438e-01	4.378378378378378244e+01
-1.476514384713423667e+00	-1.004765143815368633e+00	4.384384384384384248e+01
-6.754280878961179901e+00	-1.057542808779504018e+00	4.390390390390390252e+01
-1.202135009038977564e+01	-1.110213500921816809e+00	4.396396396396396256e+01
-1.725866878695207518e+01	-1.162586687827265042e+00	4.402402402402402259e+01
-2.244722621836702103e+01	-1.214472262133124314e+00	4.408408408408408263e+01
-2.756812308526320976e+01	-1.265681230830556503e+00	4.414414414414414267e+01
-3.260264032677898882e+01	-1.316026403276185253e+00	4.420420420420420271e+01
-3.753230740486957018e+01	-1.365323074041183471e+00	4.426426426426426275e+01
-4.233896991323636172e+01	-1.413389699074137473e+00	4.432432432432432279e+01
-4.700485618473844340e+01	-1.460048561920823884e+00	4.438438438438438283e+01
-5.151264273385426407e+01	-1.505126427142761347e+00	4.444444444444444287e+01
-5.584551821869909105e+01	-1.548455182198436919e+00	4.450450450450450290e+01
-5.998724573879791677e+01	-1.589872457478788581e+00	4.456456456456456294e+01
-6.392222322601515572e+01	-1.629222232240524315e+00	4.462462462462462298e+01
-6.763554168530940558e+01	-1.666355416749675022e+00	4.468468468468468302e+01
-7.111304108406703506e+01	-1.701130410722351716e+00	4.474474474474474306e+01
-7.434136368797292960e+01	-1.733413636785845702e+00	4.480480480480480310e+01
-7.730800462995107125e+01	-1.763080046248180377e+00	4.486486486486486314e+01
-8.000135952639618608e+01	-1.790013595250026679e+00	4.492492492492492318e+01
-8.241076896170595489e+01	-1.814107689614712360e+00	4.498498498498498321e+01
-8.452655966329633941e+01	-1.835265596631445284e+00	4.504504504504504325e+01
-8.634008221426329044e+01	-1.853400822142019955e+00	4.510510510510510329e+01
-8.784374516583409331e+01	-1.868437451658173210e+00	4.516516516516516333e+01
-8.903104542047978498e+01	-1.880310454204745962e+00	4.522522522522522337e+01
-8.989659473064511985e+01	-1.888965947306429305e+00	4.528528528528528341e+01
-9.043614225120295202e+01	-1.894361422512016890e+00	4.534534534534534345e+01
-9.064659299252213032e+01	-1.896465929925211125e+00	4.540540540540540349e+01
-9.052604960474667450e+01	-1.772873923325464229e+00	4.546546546546546352e+01
-9.007427908226762270e+01	-1.321103400846411535e+00	4.552552552552552356e+01
-8.929332581884875708e+01	-5.961608462869187886e-01	4.558558558558558360e+01
-8.818718901616580297e+01	-1.212155445191125391e-01	4.564564564564564364e+01
-8.676033812301189130e+01	6.733952808305576632e-02	4.570570570570570368e+01
-8.501740589028753448e+01	1.301905929556991248e-01	4.576576576576576372e+01
-8.296370131815230309e+01	1.591271678709461623e-01	4.582582582582582376e+01
-8.060553183877485139e+01	1.838277814931535969e-01	4.588588588588588379e+01
-7.795030358890240052e+01	2.104887479752205470e-01	4.594594594594594383e+01
-7.500652547150230021e+01	2.399343125805419863e-01	4.600600600600600387e+01
-7.178378571408471487e+01	2.721621255712444176e-01	4.606606606606606391e+01
-6.829272045311283534e+01	3.070727949168615689e-01	4.612612612612612395e+01
-6.454497796537273757e+01	3.445502203348358439e-01	4.618618618618618399e+01
-6.055317909500056572e+01	3.844682089468716146e-01	4.624624624624624403e+01
-5.633087405357191813e+01	4.266912593012968102e-01	4.630630630630630407e+01
-5.189249576139951614e+01	4.710750424441070283e-01	4.636636636636636410e+01
-4.725330983595850398e+01	5.174669015545270145e-01	4.642642642642642414e+01
-4.242936145830057626e+01	5.657063854129138480e-01	4.648648648648648418e+01
-3.743741928741152947e+01	6.156258071806047782e-01	4.654654654654654422e+01
-3.229491657938993399e+01	6.670508342232401855e-01	4.660660660660660426e+01
-2.701988978287819876e+01	7.198011019902368357e-01	4.666666666666666430e+01
-2.163091476151653936e+01	7.736908526242340933e-01	4.672672672672672434e+01
-1.614704092135697522e+01	8.285295906441454417e-01	4.678678678678678438e+01
-1.058772344055611825e+01	8.841227654493256649e-01	4.684684684684684441e+01
-4.972753860194738529e+00	9.402724615488359250e-01	4.690690690690690445e+01
6.778107203666368097e-01	9.967781071785665192e-01	4.696696696696696449e+01
6.343719591486982168e+00	1.053437195880711164e+00	4.702702702702702453e+01
1.200460126912859238e+01	1.110046012646773939e+00	4.708708708708708457e+01
1.764003695557458684e+01	1.166400369582482055e+00	4.714714714714714461e+01
2.322963434758246137e+01	1.222296343437329513e+00	4.720720720720720465e+01
2.875310155411489887e+01	1.277531015499488110e+00	4.726726726726726469e+01
3.419032083188471915e+01	1.331903208351403300e+00	4.732732732732732472e+01
3.952142186624542575e+01	1.385214218527518248e+00	4.738738738738738476e+01
4.472685436540189130e+01	1.437268543724417924e+00	4.744744744744744480e+01
4.978745966491084118e+01	1.487874596349476830e+00	4.750750750750750484e+01
5.468454109398729912e+01	1.536845411016722451e+00	4.756756756756756488e+01
5.939993286176374454e+01	1.583999328530379724e+00	4.762762762762762492e+01
6.391606718145298061e+01	1.629160671957091244e+00	4.768768768768768496e+01
6.821603940391634069e+01	1.672160394149120100e+00	4.774774774774774500e+01
7.228367092811144801e+01	1.712836709125081125e+00	4.780780780780780503e+01
7.610356961312452029e+01	1.751035696045412760e+00	4.786786786786786507e+01
7.966118752009455761e+01	1.786611875192080756e+00	4.792792792792792511e+01
8.294287573309742356e+01	1.819428757313523048e+00	4.798798798798798515e+01
8.593593606696471454e+01	1.849359360626387616e+00	4.804804804804804519e+01
8.862866946096097820e+01	1.876286694571447367e+00	4.810810810810810523e+01
9.101042087356546517e+01	1.900104208723971677e+00	4.816816816816816527e+01
9.307162051785196866e+01	1.920716205176479896e+00	4.822822822822822530e+01
9.480382127160210359e+01	1.938038212715313513e+00	4.828828828828828534e+01
9.619973209101897282e+01	1.951997320909971911e+00	4.834834834834834538e+01
9.725324735175945534e+01	1.962532473517517584e+00	4.840840840840840542e+01
9.795947198726631200e+01	1.969594719872625133e+00	4.846846846846846546e+01
9.831474226671656425e+01	1.973147422667139050e+00	4.852852852852852550e+01
9.831664532548367674e+01	1.930274262596393786e+00	4.858858858858858554e+01
9.796427791668770624e+01	1.577906853800427278e+00	4.864864864864864558e+01
9.725900735363354954e+01	8.775165165549819735e-01	4.870870870870870561e+01
9.620454306328230132e+01	2.838190165182029601e-01	4.876876876876876565e+01
9.480555117237409490e+01	3.501547638729496370e-02	4.882882882882882569e+01
9.306680741246248090e+01	-4.580690196716663554e-02	4.888888888888888573e+01
9.099369557542877374e+01	-7.836168114653641048e-02	4.894894894894894577e+01
8.859262342858106365e+01	-1.039195868707176729e-01	4.900900900900900581e+01
8.587116748165453828e+01	-1.312781834844061191e-01	4.906906906906906585e+01
8.283808791772516145e+01	-1.616186322731326674e-01	4.912912912912912589e+01
7.950330609170126195e+01	-1.949669216528840954e-01	4.918918918918918592e+01
7.587787213084277482e+01	-2.312212782026173974e-01	4.924924924924924596e+01
7.197392771845260029e+01	-2.702607227979995086e-01	4.930930930930930600e+01
6.780466477709552464e+01	-3.119533520685089378e-01	4.936936936936936604e+01
6.338428025032773405e+01	-3.561571974672836927e-01	4.942942942942942608e+01
5.872792714911781076e+01	-4.027207287326699525e-01	4.948948948948948612e+01
5.385166198390729164e+01	-4.514833799784095936e-01	4.954954954954954616e+01
4.877238883951348924e+01	-5.022761116791106817e-01	4.960960960960960620e+01
4.350780021568684930e+01	-5.549219975198782517e-01	4.966966966966966623e+01
3.807631489188634077e+01	-6.092368509761397766e-01	4.972972972972972627e+01
3.249701299577568392e+01	-6.650298703317120141e-01	4.978978978978978631e+01
2.678956853325457388e+01	-7.221043146261252321e-01	4.984984984984984635e+01
2.097417960028679573e+01	-7.802582038562220212e-01	4.990990990990990639e+01
1.507149652971359544e+01	-8.392850346511451232e-01	4.996996996996996643e+01
9.102548229581438832e+00	-8.989745177468813075e-01	5.003003003003002647e+01
3.088666972716882952e+00	-9.591133303108240193e-01	5.009009009009008651e+01
-2.948588090019303998e+00	-1.019485880907726072e+00	5.015015015015014654e+01
-8.987508426825113972e+00	-1.079875084245420558e+00	5.021021021021020658e+01
-1.500631434260423980e+01	-1.140063143287556757e+00	5.027027027027026662e+01
-2.098323364686662984e+01	-1.199832336514401909e+00	5.033033033033032666e+01
-2.689658047839095900e+01	-1.258965804932932198e+00	5.039039039039038670e+01
-3.272483400709963774e+01	-1.317248340010311880e+00	5.045045045045044674e+01
-3.844671673024261338e+01	-1.374467167117530142e+00	5.051051051051050678e+01
-4.404127207104053099e+01	-1.430412720825126049e+00	5.057057057057056682e+01
-4.948794100214620784e+01	-1.484879410010715883e+00	5.063063063063062685e+01
-5.476663740883877551e+01	-1.537666373947334630e+00	5.069069069069068689e+01
-5.985782193189148614e+01	-1.588578219454968465e+00	5.075075075075074693e+01
-6.474257398789654872e+01	-1.637425739722894624e+00	5.081081081081080697e+01
-6.940266174563649315e+01	-1.684026617479402077e+00	5.087087087087086701e+01
-7.382060974467779602e+01	-1.728206097485810666e+00	5.093093093093092705e+01
-7.797976397581736308e+01	-1.769797639617143981e+00	5.099099099099098709e+01
-8.186435410353274733e+01	-1.808643540882390877e+00	5.105105105105104712e+01
-8.545955266168749631e+01	-1.844595526551442211e+00	5.111111111111110716e+01
-8.875153097160202265e+01	-1.877515309683022604e+00	5.117117117117116720e+01
-9.172751157405177480e+01	-1.907275115701957624e+00	5.123123123123122724e+01
-9.437581698460783741e+01	-1.933758169812605177e+00	5.129129129129129439e+01
-9.668591458158635987e+01	-1.956859145806322475e+00	5.135135135135135442e+01
-9.864845745731001614e+01	-1.976484574571307551e+00	5.141141141141141446e+01
-1.002553210792556371e+02	-1.992553210791936147e+00	5.147147147147147450e+01
-1.014996355823315355e+02	-2.004996355823117860e+00	5.153153153153153454e+01
-1.023758136393575597e+02	-2.013758136393493103e+00	5.159159159159159458e+01
-1.028795737579695526e+02	-2.018795737579645699e+00	5.165165165165165462e+01
-1.030079589012782435e+02	-2.015360733130177273e+00	5.171171171171171466e+01
-1.027594512671457494e+02	-1.766853098997686278e+00	5.177177177177177470e+01
-1.021346919588018807e+02	-1.142093790653831986e+00	5.183183183183183473e+01
-1.011369165274521436e+02	-4.337288746297635056e-01	5.189189189189189477e+01
-9.977087543945181380e+01	-1.129078771618625687e-01	5.195195195195195481e+01
-9.804147491389910840e+01	-9.076097268006289021e-03	5.201201201201201485e+01
-9.595414219850003690e+01	2.814424456557695908e-02	5.207207207207207489e+01
-9.351533985690788597e+01	5.464464035129945607e-02	5.213213213213213493e+01
-9.073276568889426130e+01	8.265984589018837703e-02	5.219219219219219497e+01
-8.761538222744961502e+01	1.138456243736504225e-01	5.225225225225225500e+01
-8.417339594468495534e+01	1.482660228194662144e-01	5.231231231231231504e+01
-8.041822409585846287e+01	1.858177586179182716e-01	5.237237237237237508e+01
-7.636245622413137824e+01	2.263754377135110962e-01	5.243243243243243512e+01
-7.201981126107826015e+01	2.698018871844691802e-01	5.249249249249249516e+01
-6.740509044913059711e+01	3.159490956245261106e-01	5.255255255255255520e+01
-6.253412623178263630e+01	3.646587375418424148e-01	5.261261261261261524e+01
-5.742372728956388528e+01	4.157627271629503740e-01	5.267267267267267528e+01
-5.209161994190311873e+01	4.690838003737839434e-01	5.273273273273273531e+01
-4.655638606539182689e+01	5.244361393923474557e-01	5.279279279279279535e+01
-4.083739779353179955e+01	5.816260221970828148e-01	5.285285285285285539e+01
-3.495474920730917745e+01	6.404525078312003350e-01	5.291291291291291543e+01
-2.892918524852559869e+01	7.007081473075151834e-01	5.297297297297297547e+01
-2.278202812613587724e+01	7.621797185732601676e-01	5.303303303303303551e+01
-1.653510146161731598e+01	8.246489853281802063e-01	5.309309309309309555e+01
-1.021065245157374157e+01	8.878934755165784898e-01	5.315315315315315559e+01
-3.831272317445989728e+00	9.516872769674195043e-01	5.321321321321321562e+01
2.580184665584047909e+00	1.015801846698727307e+00	5.327327327327327566e+01
9.000683277997630682e+00	1.080006832916514670e+00	5.333333333333333570e+01
1.540709030340097208e+01	1.144070903166890973e+00	5.339339339339339574e+01
2.177625801724521182e+01	1.207762580203207703e+00	5.345345345345345578e+01
2.808510791947454877e+01	1.270851079297103503e+00	5.351351351351351582e+01
3.431071440041368703e+01	1.333107143625689606e+00	5.357357357357357586e+01
4.043038804747757808e+01	1.394303880329268441e+00	5.363363363363363590e+01
4.642175827817310108e+01	1.454217582686075039e+00	5.369369369369369593e+01
5.226285501261895661e+01	1.512628550334926381e+00	5.375375375375375597e+01
5.793218907040439092e+01	1.569321890693267552e+00	5.381381381381381601e+01
6.340883101802261024e+01	1.624088310036915228e+00	5.387387387387387605e+01
6.867248816283412793e+01	1.676724881868318695e+00	5.393393393393393609e+01
7.370357941220987641e+01	1.727035793881203096e+00	5.399399399399399613e+01
7.848330773328419241e+01	1.774833077389671665e+00	5.405405405405405617e+01
8.299372993021930256e+01	1.819937299188262303e+00	5.411411411411411621e+01
8.721782349704068338e+01	1.862178234736548088e+00	5.417417417417417624e+01
9.113955027243095230e+01	1.901395502679513516e+00	5.423423423423423628e+01
9.474391669345398270e+01	1.937439166967772408e+00	5.429429429429429632e+01
9.801703039699327746e+01	1.970170304007060169e+00	5.435435435435435636e+01
1.009461529616838504e+02	1.999461529629695367e+00	5.441441441441441640e+01
1.035197485835615936e+02	2.025197485822824994e+00	5.447447447447447644e+01
1.057275285244047467e+02	2.047275285235325537e+00	5.453453453453453648e+01
1.075604911519231734e+02	2.065604911517363362e+00	5.459459459459459651e+01
1.090109573891884054e+02	2.080109573891383068e+00	5.465465465465465655e+01
1.100726014801754928e+02	2.090726014801573385e+00	5.471471471471471659e+01
1.107404768833646358e+02	2.097404768833553312e+00	5.477477477477477663e+01
1.110110373138625732e+02	2.100110373138554642e+00	5.483483483483483667e+01
1.108821798644457459e+02	1.964996057807925300e+00	5.489489489489489671e+01
1.103537746394169403e+02	1.436590832779124804e+00	5.495495495495495675e+01
1.094284148687923022e+02	6.536488085176539453e-01	5.501501501501501679e+01
1.081107935189660623e+02	2.382121230485055863e-01	5.507507507507507682e+01
1.064059687719077090e+02	1.008038535720423567e-01	5.513513513513513686e+01
1.043194021614449980e+02	5.651330781682661897e-02	5.519519519519519690e+01
1.018575728012426254e+02	2.885879275298652846e-02	5.525525525525525694e+01
9.902825281151093861e+01	2.992439894935472466e-04	5.531531531531531698e+01
9.584055921397470001e+01	-3.159371806818789263e-02	5.537537537537537702e+01
9.230493646736273661e+01	-6.695061524504974937e-02	5.543543543543543706e+01
8.843312288887649686e+01	-1.056687706547592143e-01	5.549549549549549710e+01
8.423811105930850829e+01	-1.476188893873606744e-01	5.555555555555555713e+01
7.973410350583266393e+01	-1.926589646857236326e-01	5.561561561561561717e+01
7.493646391495649084e+01	-2.406353609256344228e-01	5.567567567567567721e+01
6.986166403809376391e+01	-2.913833593750809747e-01	5.573573573573573725e+01
6.452722646294790820e+01	-3.447277354500374313e-01	5.579579579579579729e+01
5.895166347914873484e+01	-4.004833651953982887e-01	5.585585585585585733e+01
5.315441221917258474e+01	-4.584558774941579484e-01	5.591591591591591737e+01
4.715576631510054995e+01	-5.184423367522241755e-01	5.597597597597597741e+01
4.097680431799791023e+01	-5.802319569421181544e-01	5.603603603603603744e+01
3.463931511574637057e+01	-6.436068488794586262e-01	5.609609609609609748e+01
2.816572062782255870e+01	-7.083427939666724349e-01	5.615615615615615752e+01
2.157899603997847393e+01	-7.742100396469155932e-01	5.621621621621621756e+01
1.490258786942799851e+01	-8.409741215347086296e-01	5.627627627627627760e+01
8.160330149220344609e+00	-9.083966985373952419e-01	5.633633633633633764e+01
1.376359031808075617e+00	-9.762364097946042429e-01	5.639639639639639768e+01
-5.424973883343406023e+00	-1.044249738874860611e+00	5.645645645645645772e+01
-1.221918918434071877e+01	-1.112191891790889953e+00	5.651651651651651775e+01
-1.898176793345389868e+01	-1.179817679324018265e+00	5.657657657657657779e+01
-2.568824028240081958e+01	-1.246882402727482742e+00	5.663663663663663783e+01
-3.231427409884921076e+01	-1.313142740876538817e+00	5.669669669669669787e+01
-3.883576328520805987e+01	-1.378357632849858128e+00	5.675675675675675791e+01
-4.522891546467098323e+01	-1.442289154614921465e+00	5.681681681681681795e+01
-5.147033872015677503e+01	-1.504703387325730723e+00	5.687687687687687799e+01
-5.753712706946627264e+01	-1.565371270785320901e+00	5.693693693693693803e+01
-6.340694436023502334e+01	-1.624069443590347106e+00	5.699699699699699806e+01
-6.905810628640413995e+01	-1.680581062688498051e+00	5.705705705705705810e+01
-7.446966021869074837e+01	-1.734696602362918227e+00	5.711711711711711814e+01
-7.962146255267771267e+01	-1.786214625403268474e+00	5.717717717717717818e+01
-8.449425330031586157e+01	-1.834942533053397273e+00	5.723723723723723822e+01
-8.906972764341425375e+01	-1.880697276237146331e+00	5.729729729729729826e+01
-9.333060417440663059e+01	-1.923306041660321597e+00	5.735735735735735830e+01
-9.726068958510892060e+01	-1.962606895896407133e+00	5.741741741741741833e+01
-1.008449395606807997e+02	-1.998449395643502324e+00	5.747747747747747837e+01
-1.040695156421002281e+02	-2.030695156455385231e+00	5.753753753753753841e+01
-1.069218378434185723e+02	-2.059218378450455411e+00	5.759759759759759845e+01
-1.093906328232479552e+02	-2.083906328223228854e+00	5.765765765765765849e+01
-1.114659774388558731e+02	-2.104659774382051651e+00	5.771771771771771853e+01
-1.131393375267696371e+02	-2.121393375266174441e+00	5.777777777777777857e+01
-1.144036017069438458e+02	-2.134036017068991598e+00	5.783783783783783861e+01
-1.152531101411277916e+02	-2.142531101411085714e+00	5.789789789789789864e+01
-1.156836780483545368e+02	-2.146836780483420526e+00	5.795795795795795868e+01
-1.156926173227354724e+02	-2.098972818865408652e+00	5.801801801801801872e+01
-1.152790331085528663e+02	-1.685388604682805269e+00	5.807807807807807876e+01
-1.144447285386608684e+02	-8.905564504357857958e-01	5.813813813813813880e+01
-1.131941286017233210e+02	-3.527136047870487179e-01	5.819819819819819884e+01
-1.115324584869297553e+02	-1.653337429417434112e-01	5.825825825825825888e+01
-1.094652233598677356e+02	-1.097147985693307515e-01	5.831831831831831892e+01
-1.069988866135393693e+02	-8.041865404848258514e-02	5.837837837837837895e+01
-1.041412474452945105e+02	-5.143714608436622537e-02	5.843843843843843899e+01
-1.009015278182834265e+02	-1.901624474800167608e-02	5.849849849849849903e+01
-9.729036112106797418e+01	1.709636269579717371e-02	5.855855855855855907e+01
-9.331975865225042810e+01	5.680241295330901163e-02	5.861861861861861911e+01
-8.900306911868985082e+01	9.996930876220810891e-02	5.867867867867867915e+01
-8.435493306771807909e+01	1.464506691595722776e-01	5.873873873873873919e+01
-7.939123255590163808e+01	1.960876745005889488e-01	5.879879879879879923e+01
-7.412903621137409971e+01	2.487096376632527139e-01	5.885885885885885926e+01
-6.858653990897050789e+01	3.041346007765151072e-01	5.891891891891891930e+01
-6.278300323279529493e+01	3.621699677484018220e-01	5.897897897897897934e+01
-5.673868197259374568e+01	4.226131804620679722e-01	5.903903903903903938e+01
-5.047475687737027528e+01	4.852524312427535236e-01	5.909909909909909942e+01
-4.401325891607343266e+01	5.498674108882262157e-01	5.915915915915915946e+01
-3.737699131543449482e+01	6.162300869120428404e-01	5.921921921921921950e+01
-3.058944864504697847e+01	6.841055135814431143e-01	5.927927927927927954e+01
-2.367473323797108975e+01	7.532526677594781894e-01	5.933933933933933957e+01
-1.665746924446401422e+01	8.234253077535604870e-01	5.939939939939939961e+01
-9.562714624363023219e+00	8.943728537341947282e-01	5.945945945945945965e+01
-2.415871392100903847e+00	9.658412859009947171e-01	5.951951951951951969e+01
4.757405563454271125e+00	1.037574055425499742e+00	5.957957957957957973e+01
1.193130075795467882e+01	1.109313007604252777e+00	5.963963963963963977e+01
1.907993115828026376e+01	1.180799311642205085e+00	5.969969969969969981e+01
2.617743966099189024e+01	1.251774396692055813e+00	5.975975975975975985e+01
3.319808866540432035e+01	1.321980886788441945e+00	5.981981981981981988e+01
4.011635340280569295e+01	1.391163534018618808e+00	5.987987987987987992e+01
4.690701468389352868e+01	1.459070146747737606e+00	5.993993993993993996e+01
5.354525072892815274e+01	1.525452507239697164e+00	6.000000000000000000e+01
