displacement 	force 	time
0.000000000000000000e+00	0.000000000000000000e+00	0.000000000000000000e+00
2.557292983681335640e-07	2.557292507556043235e-07	6.006006006006005954e-02
1.652574893877449631e-06	1.652573314463715425e-06	1.201201201201201191e-01
6.491509686229683364e-06	6.491485756264857904e-06	1.801801801801801717e-01
1.856575962957013890e-05	1.856557540089873106e-05	2.402402402402402382e-01
4.299589117505642270e-05	4.299493733627526338e-05	3.003003003003003046e-01
8.633805149011411918e-05	8.633427497855029604e-05	3.603603603603603434e-01
1.566283965934254911e-04	1.566160877125910079e-04	4.204204204204204376e-01
2.629051080293446025e-04	2.628704615461930922e-04	4.804804804804804763e-01
4.154655486892909499e-04	4.153779687963565369e-04	5.405405405405405705e-01
6.252584599903877492e-04	6.250606327396697774e-04	6.006006006006006093e-01
9.042375336185263287e-04	9.038261377828530957e-04	6.606606606606606480e-01
1.265034903524692731e-03	1.264231759172861503e-03	7.207207207207206867e-01
1.720708819150469941e-03	1.719226010827862609e-03	7.807807807807807254e-01
2.284684304567936343e-03	2.282078497925780786e-03	8.408408408408408752e-01
2.970630452217490596e-03	2.966234164114974533e-03	9.009009009009009139e-01
3.792134445072234232e-03	3.784978764463683802e-03	9.609609609609609526e-01
4.762624306467573565e-03	4.751355992178609745e-03	1.021021021021021102e+00
5.895162500471343853e-03	5.877922554445899617e-03	1.081081081081081141e+00
7.202219240721085582e-03	7.176512483408345813e-03	1.141141141141141180e+00
8.695671392759861396e-03	8.658255912879522093e-03	1.201201201201201219e+00
1.038633498580317747e-02	1.033302634489035969e-02	1.261261261261261257e+00
1.228404684133645522e-02	1.220956629980774963e-02	1.321321321321321296e+00
1.439722777688627955e-02	1.429502971595049236e-02	1.381381381381381335e+00
1.673297755301465101e-02	1.659506777118974208e-02	1.441441441441441373e+00
1.929669897189227948e-02	1.911347872424766850e-02	1.501501501501501412e+00
2.209221915418287108e-02	2.185232019938301504e-02	1.561561561561561451e+00
2.512130411601778621e-02	2.481145431673088472e-02	1.621621621621621712e+00
2.838391239435855695e-02	2.798880826153794105e-02	1.681681681681681750e+00
3.187770364202065221e-02	3.137995893888882032e-02	1.741741741741741789e+00
3.559831681713522544e-02	3.497839251412325490e-02	1.801801801801801828e+00
3.953897573451366915e-02	3.877526013680442085e-02	1.861861861861861867e+00
4.369063244018790704e-02	4.275942795317558970e-02	1.921921921921921905e+00
4.804186106432956072e-02	4.691755005182265265e-02	1.981981981981981944e+00
5.257878175672722754e-02	5.123410793171898070e-02	2.042042042042042205e+00
5.728476194607797639e-02	5.569107787197487974e-02	2.102102102102102243e+00
6.214084197395767367e-02	6.026849210554895142e-02	2.162162162162162282e+00
6.712570197431114161e-02	6.494448107169251139e-02	2.222222222222222321e+00
7.221556011220102433e-02	6.969522968841000699e-02	2.282282282282282360e+00
7.738452401315165652e-02	7.449539118775344582e-02	2.342342342342342398e+00
8.260435080842823408e-02	7.931793816507844153e-02	2.402402402402402437e+00
8.784432944889573880e-02	8.413412579338636066e-02	2.462462462462462476e+00
9.307168891721881443e-02	8.891390922755784687e-02	2.522522522522522515e+00
9.825174007777048857e-02	9.362611944175543155e-02	2.582582582582582553e+00
1.033479878590534973e-01	9.823859000751293535e-02	2.642642642642642592e+00
1.083223242665677793e-01	1.027183617094708512e-01	2.702702702702702631e+00
1.131351000041281724e-01	1.070317072277623127e-01	2.762762762762762669e+00
1.177453118547286542e-01	1.111443104821714517e-01	2.822822822822822708e+00
1.221108864477895573e-01	1.150214316678386806e-01	2.882882882882882747e+00
1.261888281519494281e-01	1.186280006802033077e-01	2.942942942942942786e+00
1.299354546576933500e-01	1.219286697099155603e-01	3.003003003003002824e+00
1.333065443066099864e-01	1.248880381107242282e-01	3.063063063063062863e+00
1.362576122453867944e-01	1.274706801999136441e-01	3.123123123123122902e+00
1.387443374459991774e-01	1.296410207694968231e-01	3.183183183183182940e+00
1.407225486809801362e-01	1.313636871395700290e-01	3.243243243243243423e+00
1.421485695895666479e-01	1.326035079928516158e-01	3.303303303303303462e+00
1.429797796598598070e-01	1.333254264615718054e-01	3.363363363363363501e+00
1.431747164653518756e-01	1.334918901344805675e-01	3.423423423423423539e+00
1.426932318167306868e-01	1.330112025269639675e-01	3.483483483483483578e+00
1.414971403935142702e-01	1.318151111037475232e-01	3.543543543543543617e+00
1.395505596981012064e-01	1.298685304083344594e-01	3.603603603603603656e+00
1.368202704686138638e-01	1.271382411788471167e-01	3.663663663663663694e+00
1.332761150561385943e-01	1.235940857663718334e-01	3.723723723723723733e+00
1.288911500886295303e-01	1.192091207988627555e-01	3.783783783783783772e+00
1.236418716553258496e-01	1.139598423655590886e-01	3.843843843843843811e+00
1.175085310498800301e-01	1.078265017601132553e-01	3.903903903903903849e+00
1.104755237933793266e-01	1.007934945036125657e-01	3.963963963963963888e+00
1.025317426703117735e-01	9.284971338054499868e-02	4.024024024024024371e+00
9.367054520993051137e-02	8.398851592016373657e-02	4.084084084084084409e+00
8.388995226656177640e-02	7.420792297679501548e-02	4.144144144144144448e+00
7.319277404168503254e-02	6.351074475191825774e-02	4.204204204204204487e+00
6.158724910151760351e-02	5.190521981175082872e-02	4.264264264264264526e+00
4.908687460671806724e-02	3.940484531695129244e-02	4.324324324324324564e+00
3.571036385630375898e-02	2.602833456653698765e-02	4.384384384384384603e+00
2.148168692949620900e-02	1.179965763972943942e-02	4.444444444444444642e+00
6.430142013729157370e-03	-3.242307285995055591e-03	4.504504504504504681e+00
-9.408655818667349333e-03	-1.890568266284357174e-02	4.564564564564564719e+00
-2.599418547475557117e-02	-3.504650992319583575e-02	4.624624624624624758e+00
-4.328167068161625081e-02	-5.159078521456846034e-02	4.684684684684684797e+00
-6.122211841470961979e-02	-6.846333979047580787e-02	4.744744744744744835e+00
-7.976228499525676863e-02	-8.558808507560819456e-02	4.804804804804804874e+00
-9.884450501775905729e-02	-1.028885696890591561e-01	4.864864864864864913e+00
-1.184072449231609453e-01	-1.202890235460466611e-01	4.924924924924924952e+00
-1.383849876784790933e-01	-1.377147079290627907e-01	4.984984984984984990e+00
-1.587095157313245242e-01	-1.550932551327706410e-01	5.045045045045045029e+00
-1.793086362903416053e-01	-1.723540398716871813e-01	5.105105105105105068e+00
-2.001073906015551351e-01	-1.894293318411298388e-01	5.165165165165165106e+00
-2.210282153634258728e-01	-2.062545860987980151e-01	5.225225225225225145e+00
-2.419909226516122058e-01	-2.227684833871181325e-01	5.285285285285285184e+00
-2.629127995229713077e-01	-2.389129692080476097e-01	5.345345345345345223e+00
-2.837087306091783390e-01	-2.546332976003138904e-01	5.405405405405405261e+00
-3.042920183195517159e-01	-2.698784686147621126e-01	5.465465465465465300e+00
-3.245744831561795385e-01	-2.846010825586045012e-01	5.525525525525525339e+00
-3.444666595907381335e-01	-2.987570679283115815e-01	5.585585585585585378e+00
-3.638777997784995999e-01	-3.123056812463090859e-01	5.645645645645645416e+00
-3.827163013917742607e-01	-3.252090400199020848e-01	5.705705705705705455e+00
-4.008898184757446748e-01	-3.374319995306804265e-01	5.765765765765765494e+00
-4.183057676731059549e-01	-3.489418701982323623e-01	5.825825825825825532e+00
-4.348715490343850743e-01	-3.597082011994395812e-01	5.885885885885885571e+00
-4.504947543791829045e-01	-3.697022690373663045e-01	5.945945945945945610e+00
-4.650834460057072794e-01	-3.788968136500283634e-01	6.006006006006005649e+00
-4.785464988735841363e-01	-3.872655740784343714e-01	6.066066066066065687e+00
-4.907938673612580183e-01	-3.947829468366919614e-01	6.126126126126125726e+00
-5.017368477520377512e-01	-4.014236044478426968e-01	6.186186186186185765e+00
-5.112885817150382151e-01	-4.071618264909835361e-01	6.246246246246245803e+00
-5.193640650101688516e-01	-4.119715114121517141e-01	6.306306306306305842e+00
-5.258808013024384165e-01	-4.158253522745110065e-01	6.366366366366365881e+00
-5.307592738139217392e-01	-4.186941887575021393e-01	6.426426426426426808e+00
-5.339229322024880986e-01	-4.205471482110754722e-01	6.486486486486486847e+00
-5.352986262989792854e-01	-4.213510929429805096e-01	6.546546546546546885e+00
-5.348117375675245366e-01	-4.208407522303385107e-01	6.606606606606606924e+00
-5.324091952309846221e-01	-4.184382098937985406e-01	6.666666666666666963e+00
-5.280289687079234850e-01	-4.140579833707375146e-01	6.726726726726727001e+00
-5.216226938803825153e-01	-4.076517085431967113e-01	6.786786786786787040e+00
-5.131501732282460759e-01	-3.991791878910602720e-01	6.846846846846847079e+00
-5.025800984347800204e-01	-3.886091130975943275e-01	6.906906906906907118e+00
-4.898904396842801989e-01	-3.759194543470945060e-01	6.966966966966967156e+00
-4.750683295998161526e-01	-3.610973442626304042e-01	7.027027027027027195e+00
-4.581115599848133990e-01	-3.441405746476277061e-01	7.087087087087087234e+00
-4.390278063349478677e-01	-3.250568209977621192e-01	7.147147147147147273e+00
-4.178350575976202963e-01	-3.038640722604346034e-01	7.207207207207207311e+00
-3.945613777376635323e-01	-2.805903924004777839e-01	7.267267267267267350e+00
-3.692458037367090662e-01	-2.552748183995233733e-01	7.327327327327327389e+00
-3.419380528559269883e-01	-2.279670675187412676e-01	7.387387387387387427e+00
-3.126983316545722258e-01	-1.987273463173865884e-01	7.447447447447447466e+00
-2.815973609295861491e-01	-1.676263755924004561e-01	7.507507507507507505e+00
-2.487167436009468380e-01	-1.347457582637611173e-01	7.567567567567567544e+00
-2.141485444717325382e-01	-1.001775591345468591e-01	7.627627627627627582e+00
-1.779948184229873942e-01	-6.402383308580172905e-02	7.687687687687687621e+00
-1.403674442134297817e-01	-2.639645887624408882e-02	7.747747747747747660e+00
-1.013885534643034214e-01	1.248793554609665089e-02	7.807807807807807698e+00
-6.118846454094129667e-02	5.136663920550717244e-02	7.867867867867867737e+00
-1.990244485466304003e-02	8.971815957712993284e-02	7.927927927927927776e+00
2.233119078324356105e-02	1.273628258822924186e-01	7.987987987987987815e+00
6.537203688494158671e-02	1.641437625644653342e-01	8.048048048048048742e+00
1.090778899644118255e-01	1.999266651380335602e-01	8.108108108108108780e+00
1.533053275211907207e-01	2.345981059439698202e-01	8.168168168168168819e+00
1.979102565733080465e-01	2.680656682615153441e-01	8.228228228228228858e+00
2.427481347795287514e-01	3.002555877684390251e-01	8.288288288288288896e+00
2.876737616239740669e-01	3.311126894667054121e-01	8.348348348348348935e+00
3.325413913168172031e-01	3.605967940473107092e-01	8.408408408408408974e+00
3.772060780598799345e-01	3.886821620312125303e-01	8.468468468468469013e+00
4.215232383736673416e-01	4.153556111284711361e-01	8.528528528528529051e+00
4.653486895837599668e-01	4.406147228532827365e-01	8.588588588588589090e+00
5.085389523489617369e-01	4.644662488490948760e-01	8.648648648648649129e+00
5.509512444615611848e-01	4.869244382908400337e-01	8.708708708708709167e+00
5.924435161271259798e-01	5.080098829367291069e-01	8.768768768768769206e+00
6.328745720524256990e-01	5.277479250524819143e-01	8.828828828828829245e+00
6.721042561637358137e-01	5.461666938612141919e-01	8.888888888888889284e+00
7.099939617789955415e-01	5.632976541872357634e-01	8.948948948948949322e+00
7.464065563992194896e-01	5.791735251960640207e-01	9.009009009009009361e+00
7.812060464800753001e-01	5.938274815460408140e-01	9.069069069069069400e+00
8.142580557844146805e-01	6.072922895853188896e-01	9.129129129129129439e+00
8.454299540958389869e-01	6.195996500022309394e-01	9.189189189189189477e+00
8.745911246936644012e-01	6.307795987655416825e-01	9.249249249249249516e+00
9.016132232813329761e-01	6.408599188863299823e-01	9.309309309309309555e+00
9.263704773217579236e-01	6.498656682522332417e-01	9.369369369369369593e+00
9.487398842863803416e-01	6.578184567326170740e-01	9.429429429429429632e+00
9.686014144212216070e-01	6.647362089182513589e-01	9.489489489489489671e+00
9.858382634400572053e-01	6.706326082512840125e-01	9.549549549549549710e+00
1.000337247210745462e+00	6.755165994521978856e-01	9.609609609609609748e+00
1.011989211462208438e+00	6.793920815522729306e-01	9.669669669669669787e+00
1.020689225363768049e+00	6.822573031723347947e-01	9.729729729729729826e+00
1.026337200886679568e+00	6.841044368683609767e-01	9.789789789789789864e+00
1.028838083122212366e+00	6.849191065197841599e-01	9.849849849849849903e+00
1.028102471563698384e+00	6.840945311186306110e-01	9.909909909909909942e+00
1.024049720131927854e+00	6.800417796868599707e-01	9.969969969969969981e+00
1.016612687564559803e+00	6.726047471194918081e-01	1.003003003003003002e+01
1.005739473631362291e+00	6.617315331862944072e-01	1.009009009009009006e+01
9.913934126727669272e-01	6.473854722276990437e-01	1.015015015015015010e+01
9.735541416311664920e-01	6.295462011860986085e-01	1.021021021021021014e+01
9.522170339011273299e-01	6.082090934560594464e-01	1.027027027027027017e+01
9.273947948552090370e-01	5.833868544101411535e-01	1.033033033033033021e+01
8.991169537520855570e-01	5.551090133070176735e-01	1.039039039039039025e+01
8.674297053806155899e-01	5.234217649355477064e-01	1.045045045045045029e+01
8.323963774373867031e-01	4.883884369923189861e-01	1.051051051051051033e+01
7.940973697627667915e-01	4.500894293176990191e-01	1.057057057057057037e+01
7.526301579929365326e-01	4.086222175478687602e-01	1.063063063063063041e+01
7.081090310456069625e-01	3.641010906005390235e-01	1.069069069069069045e+01
6.606647336204911625e-01	3.166567931754233900e-01	1.075075075075075048e+01
6.104437210471309605e-01	2.664357806020631325e-01	1.081081081081081052e+01
5.576090819237943252e-01	2.136011414787263862e-01	1.087087087087087056e+01
5.023386745685289867e-01	1.583307341234609367e-01	1.093093093093093060e+01
4.448251517352950768e-01	1.008172112902271100e-01	1.099099099099099064e+01
3.852752552725222657e-01	4.126731482745426421e-02	1.105105105105105068e+01
3.239090992026447124e-01	-1.982556866121665956e-02	1.111111111111111072e+01
2.609571743580345604e-01	-7.944949656878422251e-02	1.117117117117117076e+01
1.966517960897493644e-01	-1.366407384029079963e-01	1.123123123123123079e+01
1.312227637517574819e-01	-1.912178613264771954e-01	1.129129129129129083e+01
6.489659400633530917e-02	-2.430585634870383593e-01	1.135135135135135087e+01
-2.103810967830374232e-03	-2.920924059968718622e-01	1.141141141141141091e+01
-6.955955091411293589e-02	-3.382936622914234359e-01	1.147147147147147095e+01
-1.372558876475159229e-01	-3.816742490414266609e-01	1.153153153153153099e+01
-2.049822868027320610e-01	-4.222770341334600719e-01	1.159159159159159103e+01
-2.725324167947195120e-01	-4.601697403589387614e-01	1.165165165165165106e+01
-3.397039850259518379e-01	-4.954391844287480140e-01	1.171171171171171110e+01
-4.062985551135959716e-01	-5.281864106086624489e-01	1.177177177177177114e+01
-4.721214571542921568e-01	-5.585225764351103850e-01	1.183183183183183118e+01
-5.369816733108674356e-01	-5.865651321819748132e-01	1.189189189189189122e+01
-6.006913490930188004e-01	-6.124347215140689693e-01	1.195195195195195126e+01
-6.630660889021638971e-01	-6.362527543222885607e-01	1.201201201201201130e+01
-7.239243056155002520e-01	-6.581391939962304427e-01	1.207207207207207134e+01
-7.830877405507254974e-01	-6.782111323203238173e-01	1.213213213213213137e+01
-8.403806981339140281e-01	-6.965811975159590386e-01	1.219219219219219141e+01
-8.956304171365450095e-01	-7.133568698192432889e-01	1.225225225225225145e+01
-9.486672565037745919e-01	-7.286397221144615965e-01	1.231231231231231149e+01
-9.993242376665945059e-01	-7.425246525764829242e-01	1.237237237237237153e+01
-1.047437303787480012e+00	-7.550997114127271370e-01	1.243243243243243157e+01
-1.092845530143055965e+00	-7.664462447754610830e-01	1.249249249249249161e+01
-1.135391343203431935e+00	-7.766382908684750230e-01	1.255255255255255165e+01
-1.174920566626833196e+00	-7.857427339420042234e-01	1.261261261261261168e+01
-1.211282511548525509e+00	-7.938197124988812803e-01	1.267267267267267172e+01
-1.244330585245960519e+00	-8.009215576010435544e-01	1.273273273273273176e+01
-1.273922353338233338e+00	-8.070939303552998600e-01	1.279279279279279180e+01
-1.299920079472125067e+00	-8.123748709116784816e-01	1.285285285285285362e+01
-1.322190814769573564e+00	-8.167959542262737127e-01	1.291291291291291365e+01
-1.340606530034396116e+00	-8.203818318630784479e-01	1.297297297297297369e+01
-1.355045171988109809e+00	-8.231497763833973691e-01	1.303303303303303373e+01
-1.365390350878040948e+00	-8.251098287806328813e-01	1.309309309309309377e+01
-1.371532417461376330e+00	-8.262643847658782681e-01	1.315315315315315381e+01
-1.373368230489257824e+00	-8.265940989399370720e-01	1.321321321321321385e+01
-1.370803397720488537e+00	-8.240292661711681177e-01	1.327327327327327389e+01
-1.363758239944677264e+00	-8.169841083953568450e-01	1.333333333333333393e+01
-1.352173587120326426e+00	-8.053994555710063397e-01	1.339339339339339396e+01
-1.336012600411880191e+00	-7.892384688625601052e-01	1.345345345345345400e+01
-1.315260583466523414e+00	-7.684864519172034392e-01	1.351351351351351404e+01
-1.289925494191386468e+00	-7.431513626420662710e-01	1.357357357357357408e+01
-1.260038148683734871e+00	-7.132640171344146740e-01	1.363363363363363412e+01
-1.225652276521744355e+00	-6.788781449724242689e-01	1.369369369369369416e+01
-1.186844696746090611e+00	-6.400705651967701915e-01	1.375375375375375420e+01
-1.143714968422906431e+00	-5.969408368735864556e-01	1.381381381381381424e+01
-1.096385550583381940e+00	-5.496114190340616323e-01	1.387387387387387427e+01
-1.045001036440341480e+00	-4.982269048910215603e-01	1.393393393393393431e+01
-9.897283025042972193e-01	-4.429541709549771888e-01	1.399399399399399435e+01
-9.307549700054515984e-01	-3.839808384561318455e-01	1.405405405405405439e+01
-8.682898585066821662e-01	-3.215157269573623577e-01	1.411411411411411443e+01
-8.025625137701590806e-01	-2.557883822208393831e-01	1.417417417417417447e+01
-7.338210878456240538e-01	-1.870469562963042731e-01	1.423423423423423451e+01
-6.623323509341630944e-01	-1.155582193848432165e-01	1.429429429429429455e+01
-5.883804402056056482e-01	-4.160630865628592301e-02	1.435435435435435458e+01
-5.122663352329119846e-01	3.372346419101847348e-02	1.441441441441441462e+01
-4.343005775324471629e-01	1.058437779213904223e-01	1.447447447447447466e+01
-3.547922322261091166e-01	1.738831215166915800e-01	1.453453453453453470e+01
-2.740418469897516474e-01	2.377270982633404306e-01	1.459459459459459474e+01
-1.923420715730675135e-01	2.973464406924635206e-01	1.465465465465465478e+01
-1.099774625042729687e-01	3.527822121184904236e-01	1.471471471471471482e+01
-2.722446376246511618e-02	4.041314329096482583e-01	1.477477477477477485e+01
5.564861145096307998e-02	4.515341179826249385e-01	1.483483483483483489e+01
1.383813212707676599e-01	4.951614825828196675e-01	1.489489489489489493e+01
2.207202894446981811e-01	5.352065112412366377e-01	1.495495495495495497e+01
3.024193627657049688e-01	5.718755714734482520e-01	1.501501501501501501e+01
3.832384904569743345e-01	6.053815066458496652e-01	1.507507507507507505e+01
4.629439898212515669e-01	6.359383897227006699e-01	1.513513513513513509e+01
5.413075807372136339e-01	6.637571020172311487e-01	1.519519519519519513e+01
6.181064839344446726e-01	6.890422342622997132e-01	1.525525525525525516e+01
6.931224536057176699e-01	7.119895178752234655e-01	1.531531531531531520e+01
7.661424302534485253e-01	7.327838776322131986e-01	1.537537537537537524e+01
8.369573801852109307e-01	7.515998199733644469e-01	1.543543543543543528e+01
9.053625710341145494e-01	7.685990717007532558e-01	1.549549549549549532e+01
9.711576392894161192e-01	7.839310125349054914e-01	1.555555555555555536e+01
1.034146440950619583e+00	7.977328348927499313e-01	1.561561561561561540e+01
1.094136826992177847e+00	8.101304169956669021e-01	1.567567567567567544e+01
1.150941617095691649e+00	8.212357650091183237e-01	1.573573573573573547e+01
1.204377711624711189e+00	8.311511587911757371e-01	1.579579579579579551e+01
1.254267014536460056e+00	8.399666452285897700e-01	1.585585585585585555e+01
1.300435833627717530e+00	8.477637166908323918e-01	1.591591591591591559e+01
1.342715900442091659e+00	8.546133953985197707e-01	1.597597597597597563e+01
1.380944431278447126e+00	8.605773118898709662e-01	1.603603603603603744e+01
1.414964647852002155e+00	8.657084551876360612e-01	1.609609609609609748e+01
1.444625880637448345e+00	8.700511963184844877e-01	1.615615615615615752e+01
1.469784306258011375e+00	8.736420375354500001e-01	1.621621621621621756e+01
1.490302367678423501e+00	8.765089022337737568e-01	1.627627627627627760e+01
1.506051002207541956e+00	8.786726168758527411e-01	1.633633633633633764e+01
1.516908219843364547e+00	8.801459610217561291e-01	1.639639639639639768e+01
1.522760785526936944e+00	8.809337019685693493e-01	1.645645645645645772e+01
1.523503706396212465e+00	8.807477818908016065e-01	1.651651651651651775e+01
1.519044440965218179e+00	8.762885164598074317e-01	1.657657657657657779e+01
1.509311498461723300e+00	8.665555739563125526e-01	1.663663663663663783e+01
1.494259865549248278e+00	8.515039410438374201e-01	1.669669669669669787e+01
1.473871550548086828e+00	8.311156260426760811e-01	1.675675675675675791e+01
1.448155885403141774e+00	8.053999608977309155e-01	1.681681681681681795e+01
1.417149723161485575e+00	7.743937986560748277e-01	1.687687687687687799e+01
1.380917359028494884e+00	7.381614345230844698e-01	1.693693693693693803e+01
1.339550753442455555e+00	6.967948289370450299e-01	1.699699699699699806e+01
1.293169092424308442e+00	6.504131679188980275e-01	1.705705705705705810e+01
1.241918844501091357e+00	5.991629199956809426e-01	1.711711711711711814e+01
1.185972873051724052e+00	5.432169485463133052e-01	1.717717717717717818e+01
1.125529995968545638e+00	4.827740714631349461e-01	1.723723723723723822e+01
1.060814247791294296e+00	4.180583232858836595e-01	1.729729729729729826e+01
9.920743051363466458e-01	3.493183806309362871e-01	1.735735735735735830e+01
9.195821104575380156e-01	2.768261859521276014e-01	1.741741741741741833e+01
8.436320728322060924e-01	2.008761483267955950e-01	1.747747747747747837e+01
7.645397762016115095e-01	1.217838516962010259e-01	1.753753753753753841e+01
6.826415986180812689e-01	3.988567411267093799e-02	1.759759759759759845e+01
5.982915359584367598e-01	-4.319947235565035903e-02	1.765765765765765849e+01
5.118541721501069786e-01	-1.219705801435683606e-01	1.771771771771771853e+01
4.236890857041301639e-01	-1.956739839263509362e-01	1.777777777777777857e+01
3.341452075473752559e-01	-2.642424406398590775e-01	1.783783783783783861e+01
2.435610116136396608e-01	-3.277116970362170534e-01	1.789789789789789864e+01
1.522642400611598501e-01	-3.861991619315000013e-01	1.795795795795795868e+01
6.057208439803437455e-02	-4.398842575763352580e-01	1.801801801801801872e+01
-3.120843780574174275e-02	-4.889912449619667756e-01	1.807807807807807876e+01
-1.227799706682691366e-01	-5.337745660263255587e-01	1.813813813813813880e+01
-2.138542437882066938e-01	-5.745066651295178684e-01	1.819819819819819884e+01
-3.041514855954625673e-01	-6.114681303247723188e-01	1.825825825825825888e+01
-3.933998261769008353e-01	-6.449399087374909634e-01	1.831831831831831892e+01
-4.813347294403526599e-01	-6.751973437841354286e-01	1.837837837837837895e+01
-5.676984758159124844e-01	-7.025057666063621031e-01	1.843843843843843899e+01
-6.522397095630291242e-01	-7.271173820392810017e-01	1.849849849849849903e+01
-7.347130796810773523e-01	-7.492691583059326588e-01	1.855855855855855907e+01
-8.148788606038063209e-01	-7.691817895607185873e-01	1.861861861861861911e+01
-8.925028516517272692e-01	-7.870588173055528269e-01	1.867867867867867915e+01
-9.673562025654591778e-01	-8.030869751727299777e-01	1.873873873873873919e+01
-1.039215172338050941e+00	-8.174361816865819419e-01	1.879879879879879923e+01
-1.107861626160467239e+00	-8.302597219659979544e-01	1.885885885885885926e+01
-1.173082392834097432e+00	-8.416965913137089972e-01	1.891891891891891930e+01
-1.234669911147384891e+00	-8.518705264681636358e-01	1.897897897897897934e+01
-1.292422353297115301e+00	-8.608915990458352319e-01	1.903903903903903938e+01
-1.346143647350377837e+00	-8.688575491739896073e-01	1.909909909909909942e+01
-1.395644049356254746e+00	-8.758538932970555413e-01	1.915915915915915946e+01
-1.440740540101899336e+00	-8.819541116736523412e-01	1.921921921921921950e+01
-1.481257046223488416e+00	-8.872220325192432533e-01	1.927927927927927954e+01
-1.517025038522427538e+00	-8.917114750878400997e-01	1.933933933933933957e+01
-1.547883389539005616e+00	-8.954677997760928099e-01	1.939939939939939961e+01
-1.573679365355013182e+00	-8.985274179478516254e-01	1.945945945945945965e+01
-1.594268574171770592e+00	-9.009181260271930114e-01	1.951951951951951969e+01
-1.609515889035449510e+00	-9.026598294044371196e-01	1.957957957957957973e+01
-1.619295838571821688e+00	-9.037642715515147307e-01	1.963963963963963977e+01
-1.623493261507671814e+00	-9.042352678022546053e-01	1.969969969969969981e+01
-1.622003700480085575e+00	-9.025989358440104082e-01	1.975975975975975985e+01
-1.614740039501593616e+00	-8.953352748655180049e-01	1.981981981981981988e+01
-1.601643306376210107e+00	-8.822385417401344965e-01	1.987987987987987992e+01
-1.582684920987468713e+00	-8.632801563513932130e-01	1.993993993993993996e+01
-1.557867159096389287e+00	-8.384623944603138979e-01	2.000000000000000000e+01
-1.527223234975212174e+00	-8.078184703391368959e-01	2.006006006006006004e+01
-1.490817634091560206e+00	-7.714128694554847065e-01	2.012012012012012008e+01
-1.448745687166297591e+00	-7.293409225302222021e-01	2.018018018018018012e+01
-1.401133680726515784e+00	-6.817289160904407286e-01	2.024024024024024015e+01
-1.348137589870976427e+00	-6.287328252349011493e-01	2.030030030030030019e+01
-1.289944361809705953e+00	-5.705395971736307859e-01	2.036036036036036023e+01
-1.226769752896718302e+00	-5.073649882606432460e-01	2.042042042042042027e+01
-1.158856689553188435e+00	-4.394519249171136566e-01	2.048048048048048031e+01
-1.086476752941333279e+00	-3.670719883052582788e-01	2.054054054054054035e+01
-1.009928105699895440e+00	-2.905233410638204394e-01	2.060060060060060039e+01
-9.295331424137073251e-01	-2.101283777776322692e-01	2.066066066066066043e+01
-8.456399703235875087e-01	-1.262352056875127304e-01	2.072072072072072046e+01
-7.586176913133148014e-01	-3.921292667723993985e-02	2.078078078078078050e+01
-6.688559317464568554e-01	4.892567080700102600e-02	2.084084084084084054e+01
-5.767554634379788991e-01	1.320601939393353241e-01	2.090090090090090058e+01
-4.827107341231456905e-01	2.094901122657076009e-01	2.096096096096096062e+01
-3.871041261969754288e-01	2.811721646994901902e-01	2.102102102102102066e+01
-2.903060422680039387e-01	3.471803594707851826e-01	2.108108108108108070e+01
-1.926747120824532644e-01	4.076802503714996306e-01	2.114114114114114074e+01
-9.455624297988345084e-02	4.629044461540848254e-01	2.120120120120120077e+01
3.714020198998288502e-03	5.131329387631795580e-01	2.126126126126126081e+01
1.018119066439926446e-01	5.586758508544428237e-01	2.132132132132132085e+01
1.994229108320596522e-01	5.998590611081447976e-01	2.138138138138138089e+01
2.962421334240449289e-01	6.370133458811648719e-01	2.144144144144144093e+01
3.919732496555051737e-01	6.704655870832331166e-01	2.150150150150150097e+01
4.863279347816052423e-01	7.005326051169776802e-01	2.156156156156156101e+01
5.790247933431387217e-01	7.275162934067576082e-01	2.162162162162162105e+01
6.697896818227682125e-01	7.517006055775506956e-01	2.168168168168168108e+01
7.583549139146606999e-01	7.733504733815683707e-01	2.174174174174174112e+01
8.444589561322640714e-01	7.927101199602051285e-01	2.180180180180180116e+01
9.278462774975918537e-01	8.100029532386355813e-01	2.186186186186186120e+01
1.008267030951575771e+00	8.254325792906701542e-01	2.192192192192192124e+01
1.085477242445377577e+00	8.391827498341348779e-01	2.198198198198198128e+01
1.159239108544589447e+00	8.514172784755632550e-01	2.204204204204204132e+01
1.229320692160758899e+00	8.622828399924175047e-01	2.210210210210210136e+01
1.295496050159010704e+00	8.719100920211190209e-01	2.216216216216216139e+01
1.357545299100595626e+00	8.804148021111070088e-01	2.222222222222222143e+01
1.415255661079551253e+00	8.878985503661648293e-01	2.228228228228228147e+01
1.468421357905950630e+00	8.944496950596253493e-01	2.234234234234234151e+01
1.516844026824292424e+00	9.001447109531142132e-01	2.240240240240240155e+01
1.560333352206456636e+00	9.050493068131293395e-01	2.246246246246246159e+01
1.598707107247284043e+00	9.092186076334590750e-01	2.252252252252252163e+01
1.631791910453602945e+00	9.126986605455982282e-01	2.258258258258258167e+01
1.659424109490459820e+00	9.155264881743643279e-01	2.264264264264264170e+01
1.681449520718870438e+00	9.177306296543195074e-01	2.270270270270270174e+01
1.697724044228792861e+00	9.193314438779550679e-01	2.276276276276276178e+01
1.708114412083663769e+00	9.203413029483412666e-01	2.282282282282282182e+01
1.712498518673903902e+00	9.207645786626690310e-01	2.288288288288288186e+01
1.710766697930353741e+00	9.188996105395178526e-01	2.294294294294294190e+01
1.702829165886990292e+00	9.109620784961544038e-01	2.300300300300300194e+01
1.688626786053053275e+00	8.967596986622172750e-01	2.306306306306306197e+01
1.668133939818425615e+00	8.762668524275897264e-01	2.312312312312312201e+01
1.641358778475436653e+00	8.494916910846007641e-01	2.318318318318318205e+01
1.608343365794034030e+00	8.164762784031978082e-01	2.324324324324324209e+01
1.569163733531831362e+00	7.772966461409954730e-01	2.330330330330330213e+01
1.523930347919335127e+00	7.320632605284985717e-01	2.336336336336336217e+01
1.472785880568482142e+00	6.809187931776455871e-01	2.342342342342342221e+01
1.415906800141182753e+00	6.240397127503459762e-01	2.348348348348348225e+01
1.353502093385234639e+00	5.616350059943983064e-01	2.354354354354354228e+01
1.285812464429374469e+00	4.939453770385383025e-01	2.360360360360360232e+01
1.213109047357686432e+00	4.212419599668500436e-01	2.366366366366366236e+01
1.135692554444621249e+00	3.438254670537851942e-01	2.372372372372372240e+01
1.053892081569143713e+00	2.620249941783077685e-01	2.378378378378378244e+01
9.680636084872478175e-01	1.761965210964118733e-01	2.384384384384384248e+01
8.785890339963513540e-01	8.672194660551538203e-02	2.390390390390390252e+01
7.858735753773802291e-01	-5.895300216128693954e-03	2.396396396396396256e+01
6.903412397890615892e-01	-9.579790343389087137e-02	2.402402402402402259e+01
5.924192492995369319e-01	-1.795453591024908091e-01	2.408408408408408263e+01
4.925222670465080332e-01	-2.570312319345250951e-01	2.414414414414414267e+01
3.910521022295174176e-01	-3.282967662879841542e-01	2.420420420420420271e+01
2.883973992521433605e-01	-3.934984328062512970e-01	2.426426426426426275e+01
1.849335087304930236e-01	-4.528803762954207723e-01	2.432432432432432279e+01
8.102397299911703876e-02	-5.067469258402925725e-01	2.438438438438438283e+01
-2.298001337301435604e-02	-5.554416721737464036e-01	2.444444444444444287e+01
-1.267374337268971085e-01	-5.993299899985262691e-01	2.450450450450450290e+01
-2.299180621552223969e-01	-6.387855467800677145e-01	2.456456456456456294e+01
-3.322011020331225306e-01	-6.741789504168113067e-01	2.462462462462462298e+01
-4.332743042029729708e-01	-7.058698049201311830e-01	2.468468468468468302e+01
-5.328333789525941944e-01	-7.342009877560476960e-01	2.474474474474474306e+01
-6.305814077600501166e-01	-7.594951236366825897e-01	2.480480480480480310e+01
-7.262284275840579229e-01	-7.820522527110863598e-01	2.486486486486486314e+01
-8.194910310860317182e-01	-8.021484324466660043e-01	2.492492492492492318e+01
-9.100919529448457945e-01	-8.200355946336427282e-01	2.498498498498498321e+01
-9.977595684316930003e-01	-8.359421288255155513e-01	2.504504504504504325e+01
-1.082228583190136151e+00	-8.500737906580952963e-01	2.510510510510510329e+01
-1.163240026729324139e+00	-8.626147782951020249e-01	2.516516516516516333e+01
-1.240540800172150737e+00	-8.737292010695543176e-01	2.522522522522522337e+01
-1.313884166796729813e+00	-8.835625138316689497e-01	2.528528528528528341e+01
-1.383030047237057802e+00	-8.922429432582440478e-01	2.534534534534534345e+01
-1.447745383262852181e+00	-8.998830820780121531e-01	2.540540540540540349e+01
-1.507804377927518313e+00	-9.065809872241757938e-01	2.546546546546546352e+01
-1.562989030913032984e+00	-9.124213917706082144e-01	2.552552552552552356e+01
-1.613089649813764348e+00	-9.174773827745257293e-01	2.558558558558558360e+01
-1.657905449885223481e+00	-9.218111975013754122e-01	2.564564564564564719e+01
-1.697244705998544045e+00	-9.254746961262328986e-01	2.570570570570570723e+01
-1.730925615815727125e+00	-9.285109498908173942e-01	2.576576576576576727e+01
-1.758776206389567554e+00	-9.309538364412083267e-01	2.582582582582582731e+01
-1.780635657392431792e+00	-9.328295683786140824e-01	2.588588588588588735e+01
-1.796354079287451500e+00	-9.341560707257634544e-01	2.594594594594594739e+01
-1.805793993655882668e+00	-9.349439278856800373e-01	2.600600600600600742e+01
-1.808830619303029685e+00	-9.351862723701936941e-01	2.606606606606606746e+01
-1.805352722825105172e+00	-9.317115199280822102e-01	2.612612612612612750e+01
-1.795274234664298030e+00	-9.216330317672749572e-01	2.618618618618618754e+01
-1.778543767678675724e+00	-9.049025647816525408e-01	2.624624624624624758e+01
-1.755146094333843720e+00	-8.815048914368209809e-01	2.630630630630630762e+01
-1.725102301198101706e+00	-8.514610983010791889e-01	2.636636636636636766e+01
-1.688470217059190981e+00	-8.148290141621680194e-01	2.642642642642642770e+01
-1.645343857365109352e+00	-7.717026544680867239e-01	2.648648648648648773e+01
-1.595853870813398911e+00	-7.222126679163761720e-01	2.654654654654654777e+01
-1.540166440501329559e+00	-6.665252376043067084e-01	2.660660660660660781e+01
-1.478483113555398631e+00	-6.048419106583762250e-01	2.666666666666666785e+01
-1.411039685859601711e+00	-5.373984829625797488e-01	2.672672672672672789e+01
-1.338105973673115345e+00	-4.644647707760932165e-01	2.678678678678678793e+01
-1.259983837394621276e+00	-3.863426344975992022e-01	2.684684684684684797e+01
-1.177006559206816183e+00	-3.033653563097940542e-01	2.690690690690690801e+01
-1.089537027612129005e+00	-2.158958247151068488e-01	2.696696696696696804e+01
-9.979665145813513272e-01	-1.243253116843291012e-01	2.702702702702702808e+01
-9.027131819708442695e-01	-2.907197907382214758e-02	2.708708708708708812e+01
-8.042174799323539292e-01	6.646895886023698741e-02	2.714714714714714816e+01
-7.029317062630641155e-01	1.556665077076177239e-01	2.720720720720720820e+01
-5.992980572065244038e-01	2.381466217859635748e-01	2.726726726726726824e+01
-4.937449400810589584e-01	3.139180291695040093e-01	2.732732732732732828e+01
-3.866867121643911553e-01	3.831280695523674451e-01	2.738738738738738832e+01
-2.785238652108678048e-01	4.460291886938307915e-01	2.744744744744744835e+01
-1.696435193796103635e-01	5.029480949015345814e-01	2.750750750750750839e+01
-6.042014575544851773e-02	5.542600717182850634e-01	2.756756756756756843e+01
4.878358444507602948e-02	6.003678887334176206e-01	2.762762762762762847e+01
1.576159334948164514e-01	6.416850018472166628e-01	2.768768768768768851e+01
2.657352196421457480e-01	6.786227159636228912e-01	2.774774774774774855e+01
3.728086304323207645e-01	7.115804557103704298e-01	2.780780780780780859e+01
4.785118906985732501e-01	7.409390605990334722e-01	2.786786786786786863e+01
5.825286614257662032e-01	7.670560009311359062e-01	2.792792792792792866e+01
6.845492727339019812e-01	7.902636493130626993e-01	2.798798798798798870e+01
7.842707276453592113e-01	8.108669429687135333e-01	2.804804804804804874e+01
8.813965719413835442e-01	8.291441238626960919e-01	2.810810810810810878e+01
9.756366815202653919e-01	8.453463746841913817e-01	2.816816816816816882e+01
1.066707086665345638e+00	8.596991413163564966e-01	2.822822822822822886e+01
1.154330113664581159e+00	8.724020917528564345e-01	2.828828828828828890e+01
1.238233850023996219e+00	8.836346330216729994e-01	2.834834834834834894e+01
1.318152856167965847e+00	8.935549115986506363e-01	2.840840840840840897e+01
1.393828713096702199e+00	9.023018094884073248e-01	2.846846846846846901e+01
1.465010086232407804e+00	9.099970759366911022e-01	2.852852852852852905e+01
1.531453041001797022e+00	9.167462982589363873e-01	2.858858858858858909e+01
1.592921724923161086e+00	9.226414306774131102e-01	2.864864864864864913e+01
1.649188409327366100e+00	9.277608042613264550e-01	2.870870870870870917e+01
1.700034920311790376e+00	9.321714525925084427e-01	2.876876876876876921e+01
1.745252752112021577e+00	9.359315351272547989e-01	2.882882882882882924e+01
1.784643143313012992e+00	9.390877289069128331e-01	2.888888888888888928e+01
1.818017874389890931e+00	9.416782842130038134e-01	2.894894894894894932e+01
1.845200057332194499e+00	9.437332822011078592e-01	2.900900900900900936e+01
1.866024638201595254e+00	9.452751525560209034e-01	2.906906906906906940e+01
1.880338998594841327e+00	9.463190354206181265e-01	2.912912912912912944e+01
1.888003674702650514e+00	9.468725480275915762e-01	2.918918918918918948e+01
1.888893183000159404e+00	9.465012423751277826e-01	2.924924924924924952e+01
1.882899379461595357e+00	9.405074388365636251e-01	2.930930930930930955e+01
1.869945964902548052e+00	9.275540242775165423e-01	2.936936936936936959e+01
1.849993733973459342e+00	9.076017933484279432e-01	2.942942942942942963e+01
1.823042587028655070e+00	8.806506464036241155e-01	2.948948948948948967e+01
1.789131119713134099e+00	8.467391790881028113e-01	2.954954954954954971e+01
1.748336613775532733e+00	8.059446731505015560e-01	2.960960960960960975e+01
1.700775320283610004e+00	7.583833796585788267e-01	2.966966966966966979e+01
1.646601675583091229e+00	7.042097349580601628e-01	2.972972972972972983e+01
1.586007997902328492e+00	6.436160572772973154e-01	2.978978978978978986e+01
1.519223716445837757e+00	5.768317758208068025e-01	2.984984984984984990e+01
1.446513777786865074e+00	5.041218371618336747e-01	2.990990990990990994e+01
1.368178992446705156e+00	4.257870518216735345e-01	2.996996996996996998e+01
1.284554261500489458e+00	3.421623208754579482e-01	3.003003003003003002e+01
1.196005378620843107e+00	2.536134379958114859e-01	3.009009009009009006e+01
1.102930126573876901e+00	1.605381859488449470e-01	3.015015015015015010e+01
1.005754825815273312e+00	6.336288519024144139e-02	3.021021021021021014e+01
9.049334311015567733e-01	-3.638294948340837359e-02	3.027027027027027017e+01
8.009366871881018479e-01	-1.307201050790160746e-01	3.033033033033033021e+01
6.942319254800525252e-01	-2.179439298788110879e-01	3.039039039039039025e+01
5.852715855731491779e-01	-2.980197345183110968e-01	3.045045045045045029e+01
4.744935663847026364e-01	-3.710770517608318886e-01	3.051051051051051033e+01
3.623209768889409932e-01	-4.373695486039692604e-01	3.057057057057057037e+01
2.491624821574460191e-01	-4.972403697369786602e-01	3.063063063063063041e+01
1.354133343301940073e-01	-5.510908732135183508e-01	3.069069069069069045e+01
2.145671941791213455e-02	-5.993566379456748416e-01	3.075075075075075048e+01
-9.233687552096690732e-02	-6.424880446433651748e-01	3.081081081081081052e+01
-2.056065576418444063e-01	-6.809342321920289764e-01	3.087087087087087056e+01
-3.180008657232573643e-01	-7.151322655656773275e-01	3.093093093093093060e+01
-4.291772202627158195e-01	-7.454992973795040445e-01	3.099099099099099064e+01
-5.388009425608432101e-01	-7.724276450578815290e-01	3.105105105105105068e+01
-6.465456388137325039e-01	-7.962791910311901589e-01	3.111111111111111072e+01
-7.520913836812412878e-01	-8.173866121843352817e-01	3.117117117117117076e+01
-8.551243710213873861e-01	-8.360526301543267369e-01	3.123123123123123079e+01
-9.553370226083784944e-01	-8.525498630869635663e-01	3.129129129129129083e+01
-1.052427894240573591e+00	-8.671225402271289795e-01	3.135135135135135087e+01
-1.146101856898234850e+00	-8.799881594941640905e-01	3.141141141141141091e+01
-1.236070109654149096e+00	-8.913392691349165675e-01	3.147147147147147095e+01
-1.322050313165048285e+00	-9.013458541717712658e-01	3.153153153153153099e+01
-1.403767007721332671e+00	-9.101568186604112043e-01	3.159159159159159103e+01
-1.480951858966095713e+00	-9.179022438284263341e-01	3.165165165165165106e+01
-1.553344096857263379e+00	-9.246952358803096628e-01	3.171171171171171110e+01
-1.620691117878808818e+00	-9.306336271458758302e-01	3.177177177177177114e+01
-1.682749082722816203e+00	-9.358015494025330172e-01	3.183183183183183118e+01
-1.739283352836971552e+00	-9.402708909579848839e-01	3.189189189189189122e+01
-1.790068980420421285e+00	-9.441024163079234643e-01	3.195195195195195126e+01
-1.834891488455984820e+00	-9.473470551891269853e-01	3.201201201201201485e+01
-1.873547520862569815e+00	-9.500466681636681177e-01	3.207207207207207489e+01
-1.905845398406052604e+00	-9.522348475641508880e-01	3.213213213213213493e+01
-1.931605737771159292e+00	-9.539375152458078322e-01	3.219219219219219497e+01
-1.950662062234321370e+00	-9.551733610497445959e-01	3.225225225225225500e+01
-1.962861399993085731e+00	-9.559541201943695388e-01	3.231231231231231504e+01
-1.968064607785448228e+00	-9.562846820516262003e-01	3.237237237237237508e+01
-1.966148095132364659e+00	-9.541835523913784201e-01	3.243243243243243512e+01
-1.957011522221063116e+00	-9.450469794800772094e-01	3.249249249249249516e+01
-1.940592340693170215e+00	-9.286277979521843084e-01	3.255255255255255520e+01
-1.916868423812644773e+00	-9.049038810716587555e-01	3.261261261261261524e+01
-1.885858490567813517e+00	-8.738939478268272776e-01	3.267267267267267528e+01
-1.847622180398521996e+00	-8.356576376575359788e-01	3.273273273273273531e+01
-1.802259970860264682e+00	-7.902954281192786645e-01	3.279279279279279535e+01
-1.749912894803793195e+00	-7.379483520628071780e-01	3.285285285285285539e+01
-1.690762058670128853e+00	-6.787975159291423921e-01	3.291291291291291543e+01
-1.625027982066885146e+00	-6.130634393258987958e-01	3.297297297297297547e+01
-1.552969822222330487e+00	-5.410052794813438037e-01	3.303303303303303551e+01
-1.474884195376523044e+00	-4.629196526355364716e-01	3.309309309309309555e+01
-1.391103915098798716e+00	-3.791393723578123653e-01	3.315315315315315559e+01
-1.301996490991337296e+00	-2.900319482503507795e-01	3.321321321321321562e+01
-1.207962758933848857e+00	-1.959982161928621736e-01	3.327327327327327566e+01
-1.109434809971831859e+00	-9.747026723084513400e-02	3.333333333333333570e+01
-1.006873662104234013e+00	4.975179106622708639e-03	3.339339339339339574e+01
-9.007650542064037369e-01	1.041885008951363156e-01	3.345345345345345578e+01
-7.915981701084737754e-01	1.959590236105586969e-01	3.351351351351351582e+01
-6.798475304245740203e-01	2.801962200564849792e-01	3.357357357357357586e+01
-5.659722636840196497e-01	3.570006460561933603e-01	3.363363363363363590e+01
-4.504162455051706759e-01	4.266178596595749384e-01	3.369369369369369593e+01
-3.336081477366638626e-01	4.893994610681369206e-01	3.375375375375375597e+01
-2.159622766162859475e-01	5.457671915855949463e-01	3.381381381381381601e+01
-9.788032649398689666e-02	5.961847967100404322e-01	3.387387387387387605e+01
2.024912422097252529e-02	6.411353914261076481e-01	3.393393393393393609e+01
1.380476865482037629e-01	6.811030200845196170e-01	3.399399399399399613e+01
2.551470206375908711e-01	7.165600258318778337e-01	3.405405405405405617e+01
3.711881058409624012e-01	7.479583174395663114e-01	3.411411411411411621e+01
4.858206581841554850e-01	7.757214713128333106e-01	3.417417417417417624e+01
5.987017433782851894e-01	8.002416643627497939e-01	3.423423423423423628e+01
7.094952617050831467e-01	8.218786614429031134e-01	3.429429429429429632e+01
8.178717324307863690e-01	8.409589650570251651e-01	3.435435435435435636e+01
9.235080277360570022e-01	8.577764080813036207e-01	3.441441441441441640e+01
1.026087195817406261e+00	8.725940398741179882e-01	3.447447447447447644e+01
1.125298516215008426e+00	8.856444092432017579e-01	3.453453453453453648e+01
1.220837492045169004e+00	8.971344111400408883e-01	3.459459459459459651e+01
1.312406041235437915e+00	9.072445115846177188e-01	3.465465465465465655e+01
1.399712964199726351e+00	9.161340958274469815e-01	3.471471471471471659e+01
1.482474184346974866e+00	9.239410098208749034e-01	3.477477477477477663e+01
1.560413342050070096e+00	9.307854104260481209e-01	3.483483483483483667e+01
1.633262497321526618e+00	9.367710896770616857e-01	3.489489489489489671e+01
1.700762388950519233e+00	9.419867806289980994e-01	3.495495495495495675e+01
1.762663301716646647e+00	9.465090771611770482e-01	3.501501501501501679e+01
1.818725038673360439e+00	9.504019587932441837e-01	3.507507507507507682e+01
1.868718361159678709e+00	9.537201142496195549e-01	3.513513513513513686e+01
1.912424869052880227e+00	9.565080109302267486e-01	3.519519519519519690e+01
1.949638551127836461e+00	9.588024206613677825e-01	3.525525525525525694e+01
1.980166124433989427e+00	9.606320255415158327e-01	3.531531531531531698e+01
2.003827974654715405e+00	9.620185315795021230e-01	3.537537537537537702e+01
2.020458431560414159e+00	9.629769077957462953e-01	3.543543543543543706e+01
2.029906207775347138e+00	9.635153781245794358e-01	3.549549549549549710e+01
2.032034491273098986e+00	9.634788398136097110e-01	3.555555555555555713e+01
2.026724579964094719e+00	9.581689285046049998e-01	3.561561561561561717e+01
2.013890436490219038e+00	9.453347850307293188e-01	3.567567567567567721e+01
1.993487807242674270e+00	9.249321557831844398e-01	3.573573573573573725e+01
1.965514989157863379e+00	8.969593376983734379e-01	3.579579579579579729e+01
1.930013057410951527e+00	8.614574059514619186e-01	3.585585585585585733e+01
1.887065869787133199e+00	8.185102183276435905e-01	3.591591591591591737e+01
1.836799860169219034e+00	7.682442087097292038e-01	3.597597597597597741e+01
1.779383621768006130e+00	7.108279703085164103e-01	3.603603603603603744e+01
1.715027281684241123e+00	6.464716302247517365e-01	3.609609609609609748e+01
1.643981664264443809e+00	5.754260128049543122e-01	3.615615615615615752e+01
1.566537218356305106e+00	4.979815668968153308e-01	3.621621621621621756e+01
1.483022701821957057e+00	4.144670503624676150e-01	3.627627627627627760e+01
1.393804233663321401e+00	3.252485822038317376e-01	3.633633633633633764e+01
1.299283215315240714e+00	2.307275638557509112e-01	3.639639639639639768e+01
1.199894556474879082e+00	1.313389050153892235e-01	3.645645645645645772e+01
1.096104987759211058e+00	2.754933629972121725e-02	3.651651651651651775e+01
9.884098083224348574e-01	-7.617134937357725177e-02	3.657657657657657779e+01
8.773156841482890878e-01	-1.723276141370439773e-01	3.663663663663663783e+01
7.633166265253960026e-01	-2.606191154136799915e-01	3.669669669669669787e+01
6.468923341733924248e-01	-3.411049986263925415e-01	3.675675675675675791e+01
5.285048471882585197e-01	-4.140143871205365644e-01	3.681681681681681795e+01
4.086021208213125866e-01	-4.796985572365405903e-01	3.687687687687687799e+01
2.876157939711567746e-01	-5.385935042850020782e-01	3.693693693693693803e+01
1.659647635752967143e-01	-5.911857640407807146e-01	3.699699699699699806e+01
4.405414314538241144e-02	-6.379870652392002350e-01	3.705705705705705810e+01
-7.772247612802687944e-02	-6.795135975860780997e-01	3.711711711711711814e+01
-1.989809818160253041e-01	-7.162703243651751261e-01	3.717717717717717818e+01
-3.193471103900007435e-01	-7.487407878381566739e-01	3.723723723723723822e+01
-4.384554049862269265e-01	-7.773798510278943086e-01	3.729729729729729826e+01
-5.559482004830127444e-01	-8.026091803722260609e-01	3.735735735735735830e+01
-6.714750124948881682e-01	-8.248147250866281199e-01	3.741741741741741833e+01
-7.846917605114864802e-01	-8.443476594176663186e-01	3.747747747747747837e+01
-8.952610216946805810e-01	-8.615217164314128429e-01	3.753753753753753841e+01
-1.002851556436948011e+00	-8.766167277402010516e-01	3.759759759759759845e+01
-1.107138206716512974e+00	-8.898814831918581136e-01	3.765765765765765849e+01
-1.207801950889638043e+00	-9.015361376326513909e-01	3.771771771771771853e+01
-1.304530271702170507e+00	-9.117732418322828103e-01	3.777777777777777857e+01
-1.397017413081051762e+00	-9.207611841980554157e-01	3.783783783783783861e+01
-1.484964877811921546e+00	-9.286464459994726584e-01	3.789789789789789864e+01
-1.568081818566858798e+00	-9.355555972947054988e-01	3.795795795795795868e+01
-1.646085617237638354e+00	-9.415979312585676109e-01	3.801801801801801872e+01
-1.718702685719818879e+00	-9.468675407574735914e-01	3.807807807807807876e+01
-1.785668745246425271e+00	-9.514444931164031116e-01	3.813813813813813880e+01
-1.846729510126814189e+00	-9.553966914763847296e-01	3.819819819819819884e+01
-1.901642171908065837e+00	-9.587815363548231051e-01	3.825825825825825888e+01
-1.950174968737502512e+00	-9.616467547488298795e-01	3.831831831831831892e+01
-1.992107943261425707e+00	-9.640313507669795445e-01	3.837837837837837895e+01
-2.027234321794908034e+00	-9.659666059760543266e-01	3.843843843843843899e+01
-2.055361560288811340e+00	-9.674767364616276843e-01	3.849849849849849903e+01
-2.076311553539934796e+00	-9.685793263951398835e-01	3.855855855855855907e+01
-2.089920473363194642e+00	-9.692856132139101577e-01	3.861861861861861911e+01
-2.096039524522388398e+00	-9.696006598529318676e-01	3.867867867867867915e+01
-2.094536641671021382e+00	-9.677605725570942452e-01	3.873873873873873919e+01
-2.085305392790695045e+00	-9.585293236767682412e-01	3.879879879879879923e+01
-2.068279085980557319e+00	-9.415030168666309596e-01	3.885885885885885926e+01
-2.043435335490599414e+00	-9.166592663766730542e-01	3.891891891891891930e+01
-2.010795974168284150e+00	-8.840199050543587900e-01	3.897897897897897934e+01
-1.970427320536747517e+00	-8.436512514228217130e-01	3.903903903903903938e+01
-1.922440161704073835e+00	-7.956640925901478090e-01	3.909909909909909942e+01
-1.866989332074149299e+00	-7.402132629602233838e-01	3.915915915915915946e+01
-1.804273082081201851e+00	-6.774970129672759356e-01	3.921921921921921950e+01
-1.734532315379110790e+00	-6.077562462651848740e-01	3.927927927927927954e+01
-1.658049626116640862e+00	-5.312735570027150578e-01	3.933933933933933957e+01
-1.575148210468545029e+00	-4.483721413546186141e-01	3.939939939939939961e+01
-1.486190384966364242e+00	-3.594143158524380488e-01	3.945945945945945965e+01
-1.391575944638169249e+00	-2.647998755242430557e-01	3.951951951951951969e+01
-1.291740308079517785e+00	-1.649642389655916197e-01	3.957957957957957973e+01
-1.187152679604317695e+00	-6.037661049039206446e-02	3.963963963963963977e+01
-1.078313591322440645e+00	4.672298246130401206e-02	3.969969969969969981e+01
-9.657436657158197102e-01	1.471272645198589413e-01	3.975975975975975985e+01
-8.499560632756233414e-01	2.393858210056886981e-01	3.981981981981981988e+01
-7.314477373106584857e-01	3.235067429825147500e-01	3.987987987987987992e+01
-6.106993970595276933e-01	3.996915436207607031e-01	3.993993993993993996e+01
-4.881751442081680992e-01	4.682848898292217288e-01	4.000000000000000000e+01
-3.643239991212820494e-01	5.297289858543674512e-01	4.006006006006006004e+01
-2.395801185753983764e-01	5.845283031222315850e-01	4.012012012012012008e+01
-1.143644064791695114e-01	6.332196575826698481e-01	4.018018018018018012e+01
1.091500370365919292e-02	6.763484654444013033e-01	4.024024024024024015e+01
1.358598802852334642e-01	7.144504424687589950e-01	4.030030030030030019e+01
2.600832157684686563e-01	7.480396565295422961e-01	4.036036036036036023e+01
3.832058818638214293e-01	7.776009943179866823e-01	4.042042042042042027e+01
5.048561822218680106e-01	8.035839500220566256e-01	4.048048048048048031e+01
6.246700279314764126e-01	8.264004832955622604e-01	4.054054054054054035e+01
7.422900906016912659e-01	8.464245939180571332e-01	4.060060060060060039e+01
8.573661051100783803e-01	8.639897799137794543e-01	4.066066066066066043e+01
9.695537603484076783e-01	8.793941894465140408e-01	4.072072072072072046e+01
1.078514278099091728e+00	8.929031039592465469e-01	4.078078078078078050e+01
1.183915119696432594e+00	9.047493501075142275e-01	4.084084084084084054e+01
1.285430455775858460e+00	9.151370013635246048e-01	4.090090090090090058e+01
1.382741236440004240e+00	9.242442625030736769e-01	4.096096096096096062e+01
1.475535455899698478e+00	9.322250315881650540e-01	4.102102102102102066e+01
1.563508832132237902e+00	9.392131180430903781e-01	4.108108108108108070e+01
1.646365401266436601e+00	9.453236951509690345e-01	4.114114114114114074e+01
1.723817925186765132e+00	9.506551071566171629e-01	4.120120120120120077e+01
1.795588707674899309e+00	9.552917111198839795e-01	4.126126126126126081e+01
1.861410476156688087e+00	9.593050110181788881e-01	4.132132132132132085e+01
1.921026808615617032e+00	9.627550155510323782e-01	4.138138138138138089e+01
1.974192787697597540e+00	9.656921425539608528e-01	4.144144144144144093e+01
2.020676182322981962e+00	9.681578611763682618e-01	4.150150150150150097e+01
2.060257895829145980e+00	9.701856078752408852e-01	4.156156156156156101e+01
2.092732434770832928e+00	9.718018721505284896e-01	4.162162162162162105e+01
2.117909111477033868e+00	9.730264658411748036e-01	4.168168168168168108e+01
2.135612541928739727e+00	9.738730116445655227e-01	4.174174174174174112e+01
2.145683060572457723e+00	9.743493006631587239e-01	4.180180180180180116e+01
2.147977788445999181e+00	9.742927987876963680e-01	4.186186186186186120e+01
2.142372578200035793e+00	9.686875885417327581e-01	4.192192192192192124e+01
2.128779145694259523e+00	9.550941560359567095e-01	4.198198198198198128e+01
2.107153974959311338e+00	9.334689853010079696e-01	4.204204204204204132e+01
2.077499068271548399e+00	9.038140786132452531e-01	4.210210210210210136e+01
2.039863149369225415e+00	8.661781597109220465e-01	4.216216216216216139e+01
1.994340256160830105e+00	8.206552665025272919e-01	4.222222222222222143e+01
1.941070068120533731e+00	7.673850784622304744e-01	4.228228228228228147e+01
1.880237822406452208e+00	7.065528327481491733e-01	4.234234234234234151e+01
1.812073181382173326e+00	6.383881917238702908e-01	4.240240240240240155e+01
1.736849198656458260e+00	5.631642089981552246e-01	4.246246246246246159e+01
1.654881838289844920e+00	4.811968486315424398e-01	4.252252252252252163e+01
1.566527344543124256e+00	3.928423548848216096e-01	4.258258258258258167e+01
1.472181717971024373e+00	2.984967283127215598e-01	4.264264264264264170e+01
1.372280557321506445e+00	1.985955676632041589e-01	4.270270270270270174e+01
1.267290251060366746e+00	9.360526140206452961e-02	4.276276276276276178e+01
1.157715305573723263e+00	-1.558752750956843812e-02	4.282282282282282182e+01
1.044086631517691099e+00	-1.201430243991967739e-01	4.288288288288288186e+01
9.269313870876970674e-01	-2.163259371074160164e-01	4.294294294294294190e+01
8.067654931525051198e-01	-3.040790279583859834e-01	4.300300300300300194e+01
6.840857990669456656e-01	-3.835663879417435251e-01	4.306306306306306197e+01
5.593726888907948336e-01	-4.551159858878348619e-01	4.312312312312312201e+01
4.330902911759889617e-01	-5.191711001540810777e-01	4.318318318318318205e+01
3.056876630855289712e-01	-5.762482848165547678e-01	4.324324324324324209e+01
1.775997480624069980e-01	-6.269045268443245167e-01	4.330330330330330213e+01
4.924904117734983655e-02	-6.717106941751403992e-01	4.336336336336336217e+01
-7.895371178917155730e-02	-7.112313382114751059e-01	4.342342342342342221e+01
-2.066075313822647308e-01	-7.460103950062294542e-01	4.348348348348348225e+01
-3.333209050633637038e-01	-7.765607272939905048e-01	4.354354354354354228e+01
-4.587100574705224587e-01	-8.033593773099597657e-01	4.360360360360360232e+01
-5.823990935908963662e-01	-8.268437115804248005e-01	4.366366366366366236e+01
-7.040189646886564345e-01	-8.474098115164097056e-01	4.372372372372372240e+01
-8.232065062947749867e-01	-8.654146973937150156e-01	4.378378378378378244e+01
-9.396050469194666688e-01	-8.811732782959122989e-01	4.384384384384384248e+01
-1.052863913552018804e+00	-8.949653327493368726e-01	4.390390390390390252e+01
-1.162638276528414893e+00	-9.070379055990001049e-01	4.396396396396396256e+01
-1.268589935284158310e+00	-9.176067013553408369e-01	4.402402402402402259e+01
-1.370387418263390611e+00	-9.268594268978037620e-01	4.408408408408408263e+01
-1.467706397034393540e+00	-9.349592122339215328e-01	4.414414414414414267e+01
-1.560229972183471592e+00	-9.420458175812799206e-01	4.420420420420420271e+01
-1.647649588271776100e+00	-9.482405087204620608e-01	4.426426426426426275e+01
-1.729665429865351545e+00	-9.536466373683576414e-01	4.432432432432432279e+01
-1.805987189139783844e+00	-9.583523477595132789e-01	4.438438438438438283e+01
-1.876335053534478492e+00	-9.624327773794663088e-01	4.444444444444444287e+01
-1.940439732124654260e+00	-9.659506221239690937e-01	4.450450450450450290e+01
-1.998043809361288226e+00	-9.689590771536042979e-01	4.456456456456456294e+01
-2.048903233861723461e+00	-9.715018465075562215e-01	4.462462462462462298e+01
-2.092786231484775161e+00	-9.736145712890066362e-01	4.468468468468468302e+01
-2.129475410555476067e+00	-9.753256596803713263e-01	4.474474474474474306e+01
-2.158768217205809581e+00	-9.766569502817435966e-01	4.480480480480480310e+01
-2.180478119178932417e+00	-9.776242868795429475e-01	4.486486486486486314e+01
-2.194434919914838744e+00	-9.782376078902664807e-01	4.492492492492492318e+01
-2.200485464246886291e+00	-9.785013399084089292e-01	4.498498498498498321e+01
-2.198493246045807314e+00	-9.762584732771942830e-01	4.504504504504504325e+01
-2.188349606876132558e+00	-9.661148341075176393e-01	4.510510510510510329e+01
-2.169989824570293990e+00	-9.477550518016787384e-01	4.516516516516516333e+01
-2.143396251334099389e+00	-9.211614785654845816e-01	4.522522522522522337e+01
-2.108598395501253275e+00	-8.863636227326379124e-01	4.528528528528528341e+01
-2.065673125447065939e+00	-8.434383526784501317e-01	4.534534534534534345e+01
-2.014745401242257206e+00	-7.925106284736417317e-01	4.540540540540540349e+01
-1.955985338192965051e+00	-7.337505654243495767e-01	4.546546546546546352e+01
-1.889610193148908213e+00	-6.673754203802926277e-01	4.552552552552552356e+01
-1.815882578662026514e+00	-5.936478058934110402e-01	4.558558558558558360e+01
-1.735109071701391281e+00	-5.128742989327753632e-01	4.564564564564564364e+01
-1.647639103127771509e+00	-4.254043303591559244e-01	4.570570570570570368e+01
-1.553863278041043516e+00	-3.316285052724282090e-01	4.576576576576576372e+01
-1.454212106156389961e+00	-2.319773333877751531e-01	4.582582582582582376e+01
-1.349153304998043756e+00	-1.269185322294290597e-01	4.588588588588588379e+01
-1.239190474827414956e+00	-1.695577449410991255e-02	4.594594594594594383e+01
-1.124856998128431984e+00	9.162998238877825830e-02	4.600600600600600387e+01
-1.006697562638740218e+00	1.916772908715894397e-01	4.606606606606606391e+01
-8.852423312540168565e-01	2.830441382327713584e-01	4.612612612612612395e+01
-7.610034075516576291e-01	3.658467943605956396e-01	4.618618618618618399e+01
-6.344767605305631220e-01	4.403877996792932570e-01	4.624624624624624403e+01
-5.061407576176896184e-01	5.071035280645431742e-01	4.630630630630630407e+01
-3.764580442551472284e-01	5.665174641036153647e-01	4.636636636636636410e+01
-2.458772372289909913e-01	6.192027760996974273e-01	4.642642642642642414e+01
-1.148335737725691835e-01	6.657527016734618996e-01	4.648648648648648418e+01
1.624969287745205854e-02	7.067579068088286620e-01	4.654654654654654422e+01
1.469598567711583315e-01	7.427900980323225433e-01	4.660660660660660426e+01
2.768944192227867362e-01	7.743903373605323104e-01	4.666666666666666430e+01
4.056577793511568775e-01	8.020620678209746668e-01	4.672672672672672434e+01
5.328620946083537646e-01	8.262671414439100026e-01	4.678678678678678438e+01
6.581270859990241417e-01	8.474246691169414758e-01	4.684684684684684441e+01
7.810787662531767372e-01	8.659108499677010684e-01	4.690690690690690445e+01
9.013491079700084452e-01	8.820606857759977215e-01	4.696696696696696449e+01
1.018576296348805421e+00	8.961701292626429449e-01	4.702702702702702453e+01
1.132404419052825961e+00	9.084996169170654889e-01	4.708708708708708457e+01
1.242483915241837655e+00	9.192765836256893142e-01	4.714714714714714461e+01
1.348471820469105520e+00	9.286984537292851671e-01	4.720720720720720465e+01
1.450032181952458421e+00	9.369366915430193954e-01	4.726726726726726469e+01
1.546836577358927656e+00	9.441386772352874379e-01	4.732732732732732472e+01
1.638564646399981672e+00	9.504311689545045239e-01	4.738738738738738476e+01
1.724904924557872476e+00	9.559222186359761508e-01	4.744744744744744480e+01
1.805555583924075336e+00	9.607055442942167289e-01	4.750750750750750484e+01
1.880224882519248242e+00	9.648589678567399686e-01	4.756756756756756488e+01
1.948632025451952687e+00	9.684485450886133329e-01	4.762762762762762492e+01
2.010507998914431216e+00	9.715294782875698587e-01	4.768768768768768496e+01
2.065596299870717800e+00	9.741478962710652389e-01	4.774774774774774500e+01
2.113653847908446792e+00	9.763413694150890887e-01	4.780780780780780503e+01
2.154451907048486881e+00	9.781403024997171736e-01	4.786786786786786507e+01
2.187777162198949910e+00	9.795683568619557580e-01	4.792792792792792511e+01
2.213432179848003667e+00	9.806432641274536177e-01	4.798798798798798515e+01
2.231235602621036929e+00	9.813769857769379934e-01	4.804804804804804519e+01
2.241022989810008248e+00	9.817761592273234195e-01	4.810810810810810523e+01
2.242647922747238010e+00	9.814796832701262463e-01	4.816816816816816527e+01
2.235985790091799874e+00	9.748175506146873337e-01	4.822822822822822530e+01
2.220950483886097171e+00	9.597822444089848526e-01	4.828828828828828534e+01
2.197503808014519944e+00	9.363355685374078474e-01	4.834834834834834538e+01
2.165656363559638198e+00	9.044881240825259905e-01	4.840840840840840542e+01
2.125467178020126191e+00	8.642989385430144278e-01	4.846846846846846546e+01
2.077044091193558817e+00	8.158758517164472757e-01	4.852852852852852550e+01
2.020543088696717504e+00	7.593748492196068511e-01	4.858858858858858554e+01
1.956167670334598707e+00	6.949994308574879431e-01	4.864864864864864558e+01
1.884168170327815250e+00	6.229999308507048195e-01	4.870870870870870561e+01
1.804840932031534839e+00	5.436726925544242972e-01	4.876876876876876565e+01
1.718526654425495126e+00	4.573584149483840844e-01	4.882882882882882569e+01
1.625608950296612676e+00	3.644407108195020784e-01	4.888888888888888573e+01
1.526512927870310232e+00	2.653446883931998013e-01	4.894894894894894577e+01
1.421702714597423700e+00	1.605344751203131859e-01	4.900900900900900581e+01
1.311679694069910918e+00	5.051145459280010491e-02	4.906906906906906585e+01
1.196979382285383364e+00	-6.133318866755745058e-02	4.912912912912912589e+01
1.078157270125256195e+00	-1.652227518643934745e-01	4.918918918918918592e+01
9.557575422501078943e-01	-2.602234169670776254e-01	4.924924924924924596e+01
8.303078219686800265e-01	-3.463916083103667498e-01	4.930930930930930600e+01
7.023175180726484168e-01	-4.239957092780213821e-01	4.936936936936936604e+01
5.722794374585987720e-01	-4.934570248575863571e-01	4.942942942942942608e+01
4.406695380129970196e-01	-5.552995278537975476e-01	4.948948948948948612e+01
3.079483804270062852e-01	-6.101082310857345314e-01	4.954954954954954616e+01
1.745630890170821736e-01	-6.584954372813690560e-01	4.960960960960960620e+01
4.094910153822881038e-02	-7.010752304845871974e-01	4.966966966966966623e+01
-9.246961592886290826e-02	-7.384452465848085900e-01	4.972972972972972627e+01
-2.252789101149663686e-01	-7.711734558440291876e-01	4.978978978978978631e+01
-3.570731902779082367e-01	-7.997896852514493338e-01	4.984984984984984635e+01
-4.874546067463058074e-01	-8.247808404218952560e-01	4.990990990990990639e+01
-6.160324832871669765e-01	-8.465882681000406196e-01	4.996996996996996643e+01
-7.424221744457850658e-01	-8.656096680995885029e-01	5.003003003003002647e+01
-8.662453591539854836e-01	-8.821986099528746905e-01	5.009009009009008651e+01
-9.871297900083652044e-01	-8.966687020436364675e-01	5.015015015015014654e+01
-1.104709350629098363e+00	-9.092936442277446130e-01	5.021021021021020658e+01
-1.218623949147690011e+00	-9.203127865299002286e-01	5.027027027027026662e+01
-1.328520136768408300e+00	-9.299326790860669156e-01	5.033033033033032666e+01
-1.434051117993046631e+00	-9.383346195622065400e-01	5.039039039039038670e+01
-1.534877624072984892e+00	-9.456737607288311365e-01	5.045045045045044674e+01
-1.630668392489950103e+00	-9.520830410967977553e-01	5.051051051051050678e+01
-1.721100771311597555e+00	-9.576757612415136567e-01	5.057057057057056682e+01
-1.805861683763063663e+00	-9.625489342143702665e-01	5.063063063063062685e+01
-1.884648245493962815e+00	-9.667842924217373568e-01	5.069069069069068689e+01
-1.957168982461101825e+00	-9.704517182753658044e-01	5.075075075075074693e+01
-2.023144043089874167e+00	-9.736090486643934616e-01	5.081081081081080697e+01
-2.082306080044570518e+00	-9.763044524071581298e-01	5.087087087087086701e+01
-2.134400768632090273e+00	-9.785775420834753602e-01	5.093093093093092705e+01
-2.179188378270379367e+00	-9.804605215087858205e-01	5.099099099099098709e+01
-2.216445177514752007e+00	-9.819788942661601405e-01	5.105105105105104712e+01
-2.245962609228498330e+00	-9.831520465326915037e-01	5.111111111111110716e+01
-2.267548741407297452e+00	-9.839937659768828171e-01	5.117117117117116720e+01
-2.281029028068554343e+00	-9.845126123602454538e-01	5.123123123123122724e+01
-2.286246924561690985e+00	-9.847120611165546267e-01	5.129129129129129439e+01
-2.283065271809512797e+00	-9.814684992352605830e-01	5.135135135135135442e+01
-2.271378319231019294e+00	-9.697815466567665244e-01	5.141141141141141446e+01
-2.251127508529599641e+00	-9.495307359553470938e-01	5.147147147147147450e+01
-2.222303892450594454e+00	-9.207071198763419062e-01	5.153153153153153454e+01
-2.184948337605453705e+00	-8.833515650312010470e-01	5.159159159159159458e+01
-2.139151359798636687e+00	-8.375545872243841394e-01	5.165165165165165462e+01
-2.085053169310254972e+00	-7.834563967360025361e-01	5.171171171171171466e+01
-2.022842938798845136e+00	-7.212461662245926997e-01	5.177177177177177470e+01
-1.952757969534004046e+00	-6.511611969597519423e-01	5.183183183183183473e+01
-1.875082921146605353e+00	-5.734861485723531382e-01	5.189189189189189477e+01
-1.790148626778681917e+00	-4.885518542044298140e-01	5.195195195195195481e+01
-1.698330406352934752e+00	-3.967336337786830369e-01	5.201201201201201485e+01
-1.600046413868627893e+00	-2.984496412943759558e-01	5.207207207207207489e+01
-1.495755482466206265e+00	-1.941587098919546062e-01	5.213213213213213493e+01
-1.385955736323599918e+00	-8.435896374934839792e-02	5.219219219219219497e+01
-1.271181735419971037e+00	2.949010604028524940e-02	5.225225225225225500e+01
-1.151994897086880965e+00	1.371752384547713643e-01	5.231231231231231504e+01
-1.028953463661914425e+00	2.358068041613493593e-01	5.237237237237237508e+01
-9.025983903012856358e-01	3.253709243998654244e-01	5.243243243243243512e+01
-7.734531900207227695e-01	4.060915527363135880e-01	5.249249249249249516e+01
-6.420233185257323560e-01	4.783675912905838157e-01	5.255255255255255520e+01
-5.087975443747144721e-01	5.427166360343818052e-01	5.261261261261261524e+01
-3.742486675142170927e-01	5.997301921644765388e-01	5.267267267267267528e+01
-2.388352247918396343e-01	6.500361248759665145e-01	5.273273273273273531e+01
-1.030032625623059916e-01	6.942699924514970089e-01	5.279279279279279535e+01
3.281278763622298700e-02	7.330538626715320527e-01	5.285285285285285539e+01
1.681887670840593874e-01	7.669816435401435317e-01	5.291291291291291543e+01
3.027096285289009314e-01	7.966089431698111234e-01	5.297297297297297547e+01
4.359676458329271309e-01	8.224467484788234861e-01	5.303303303303303551e+01
5.675623258458706299e-01	8.449602008082082172e-01	5.309309309309309555e+01
6.970996853782178704e-01	8.645672787794455028e-01	5.315315315315315559e+01
8.241918486854388215e-01	8.816407683510308901e-01	5.321321321321321562e+01
9.484569908686739659e-01	8.965091419908512993e-01	5.327327327327327566e+01
1.069519160146065850e+00	9.094619843668252379e-01	5.333333333333333570e+01
1.187008459411040606e+00	9.207504334854798023e-01	5.339339339339339574e+01
1.300561619499368549e+00	9.305943586798426370e-01	5.345345345345345578e+01
1.409822030836379803e+00	9.391822449039282095e-01	5.351351351351351582e+01
1.514440258900369596e+00	9.466771072091285655e-01	5.357357357357357586e+01
1.614075030693803647e+00	9.532187040303056191e-01	5.363363363363363590e+01
1.708393494442169258e+00	9.589255311306793539e-01	5.369369369369369593e+01
1.797072350864898471e+00	9.638996776599885186e-01	5.375375375375375597e+01
1.879797967529042380e+00	9.682262727124476553e-01	5.381381381381381601e+01
1.956267936183368139e+00	9.719782009399481337e-01	5.387387387387387605e+01
2.026191790318997654e+00	9.752160605664988990e-01	5.393393393393393609e+01
2.089291954433988074e+00	9.779903331393264843e-01	5.399399399399399613e+01
2.145304454145784412e+00	9.803430711666737407e-01	5.405405405405405617e+01
2.193979059208547522e+00	9.823079419449463057e-01	5.411411411411411621e+01
2.235080619077970177e+00	9.839123832971111705e-01	5.417417417417417624e+01
2.268389705192302319e+00	9.851771458710287810e-01	5.423423423423423628e+01
2.293704800719464032e+00	9.861178976287201525e-01	5.429429429429429632e+01
2.310841674061379525e+00	9.867449436417627950e-01	5.435435435435435636e+01
2.319634058042529201e+00	9.870636435631331418e-01	5.441441441441441640e+01
2.319934481651239722e+00	9.861815035758147996e-01	5.447447447447447644e+01
2.311620730663378254e+00	9.778677525879526655e-01	5.453453453453453648e+01
2.294613481931916166e+00	9.608605038564903555e-01	5.459459459459459651e+01
2.268884202285722740e+00	9.351312242102969297e-01	5.465465465465465655e+01
2.234454876890614727e+00	9.007018988151875849e-01	5.471471471471471659e+01
2.191398549485930491e+00	8.576455714105037931e-01	5.477477477477477663e+01
2.139838892734673426e+00	8.060859146592460611e-01	5.483483483483483667e+01
2.079949688346697023e+00	7.461967102712693256e-01	5.489489489489489671e+01
2.011954350285232174e+00	6.782013722098043651e-01	5.495495495495495675e+01
1.936124922666761172e+00	6.023719445913330306e-01	5.501501501501501679e+01
1.852780904556501129e+00	5.190279264810735427e-01	5.507507507507507682e+01
1.762287842130769278e+00	4.285348640553414690e-01	5.513513513513513686e+01
1.665055774533417354e+00	3.313027964579897122e-01	5.519519519519519690e+01
1.561537264959180549e+00	2.277842868837527956e-01	5.525525525525525694e+01
1.452225304157308550e+00	1.184723260818806162e-01	5.531531531531531698e+01
1.337651005447488384e+00	3.943696279043456751e-03	5.537537537537537702e+01
1.218378424046323572e+00	-1.074985659329424359e-01	5.543543543543543706e+01
1.094977517903901854e+00	-2.097689280176682769e-01	5.549549549549549710e+01
9.680025668655506399e-01	-3.027705555199202703e-01	5.555555555555555713e+01
8.379897434816832025e-01	-3.866746721062611636e-01	5.561561561561561717e+01
7.054569809831584548e-01	-4.618480076170121684e-01	5.567567567567567721e+01
5.709051437546688312e-01	-5.287957052696902194e-01	5.573573573573573725e+01
4.348186447361788165e-01	-5.881104646961803351e-01	5.579579579579579729e+01
2.976671775095745542e-01	-6.404315193659095851e-01	5.585585585585585733e+01
1.599065731509879684e-01	-6.864128959076777337e-01	5.591591591591591737e+01
2.198144345646405734e-02	-7.266990604012756316e-01	5.597597597597597741e+01
-1.156744076190800441e-01	-7.619082071248646226e-01	5.603603603603603744e+01
-2.526364836954990145e-01	-7.926208653120246916e-01	5.609609609609609748e+01
-3.884878714188382820e-01	-8.193729012541739465e-01	5.615615615615615752e+01
-5.228194919088379189e-01	-8.426523631600043585e-01	5.621621621621621756e+01
-6.552282081140514691e-01	-8.628985089810579101e-01	5.627627627627627760e+01
-7.853174669965117261e-01	-8.805029374468197334e-01	5.633633633633633764e+01
-9.126967782681466579e-01	-8.958119271970051978e-01	5.639639639639639768e+01
-1.036981411509887208e+00	-9.091294427664118327e-01	5.645645645645645772e+01
-1.157792661772709231e+00	-9.207207250083777605e-01	5.651651651651651775e+01
-1.274758106038327732e+00	-9.308160620497191173e-01	5.657657657657657779e+01
-1.387511842416804253e+00	-9.396133445006444873e-01	5.663663663663663783e+01
-1.495695188112825313e+00	-9.472839646649557910e-01	5.669669669669669787e+01
-1.598957196460056407e+00	-9.539747822492825602e-01	5.675675675675675791e+01
-1.696955473373461309e+00	-9.598103153259537335e-01	5.681681681681681795e+01
-1.789357000593311486e+00	-9.648965951257044704e-01	5.687687687687687799e+01
-1.875838807171416267e+00	-9.693235683425802662e-01	5.693693693693693803e+01
-1.956088256531214986e+00	-9.731669385744666778e-01	5.699699699699699806e+01
-2.029804424792385653e+00	-9.764903794866162112e-01	5.705705705705705810e+01
-2.096699553538788230e+00	-9.793468810013350456e-01	5.711711711711711814e+01
-2.156499525575062304e+00	-9.817803347137020742e-01	5.717717717717717818e+01
-2.208944463195788632e+00	-9.838265845336000570e-01	5.723723723723723822e+01
-2.253789580967811457e+00	-9.855144875418712092e-01	5.729729729729729826e+01
-2.290806011223223582e+00	-9.868666743560523535e-01	5.735735735735735830e+01
-2.319782184598918384e+00	-9.879001746385559501e-01	5.741741741741741833e+01
-2.340524008315010285e+00	-9.886268845801099436e-01	5.747747747747747837e+01
-2.352855273722898488e+00	-9.890538609861102559e-01	5.753753753753753841e+01
-2.356619073484058191e+00	-9.891654669515361764e-01	5.759759759759759845e+01
-2.351679956461077747e+00	-9.842263499285552886e-01	5.765765765765765849e+01
-2.337939123309895617e+00	-9.704855167773724922e-01	5.771771771771771853e+01
-2.315347778515065347e+00	-9.478941719825424439e-01	5.777777777777777857e+01
-2.283909239502002197e+00	-9.164556329694792947e-01	5.783783783783783861e+01
-2.243678453333794565e+00	-8.762248468012718838e-01	5.789789789789789864e+01
-2.194761653051423345e+00	-8.273080465189008859e-01	5.795795795795795868e+01
-2.137317032608016198e+00	-7.698634260754932956e-01	5.801801801801801872e+01
-2.071553363531120517e+00	-7.040997569985973925e-01	5.807807807807807876e+01
-1.997729174475822767e+00	-6.302755679432997526e-01	5.813813813813813880e+01
-1.916151908027392103e+00	-5.486983014948696447e-01	5.819819819819819884e+01
-1.827176372674874649e+00	-4.597227661423518019e-01	5.825825825825825888e+01
-1.731203108442156857e+00	-3.637495019096340099e-01	5.831831831831831892e+01
-1.628676987976527268e+00	-2.612233814440044211e-01	5.837837837837837895e+01
-1.520084533732664500e+00	-1.526309272001416528e-01	5.843843843843843899e+01
-1.405951956630948185e+00	-3.849835009842533795e-02	5.849849849849849903e+01
-1.286841746002865605e+00	7.633406760737350416e-02	5.855855855855855907e+01
-1.163333553507612583e+00	1.822293860381018760e-01	5.861861861861861911e+01
-1.035993851534380950e+00	2.786939356259270917e-01	5.867867867867867915e+01
-9.053708318107667186e-01	3.658324549138417536e-01	5.873873873873873919e+01
-7.719946298201204593e-01	4.439724792140453680e-01	5.879879879879879923e+01
-6.363774472393438630e-01	5.135990302061198554e-01	5.885885885885885926e+01
-4.990146404980335126e-01	5.753003671837637611e-01	5.891891891891891930e+01
-3.603859310803704252e-01	6.297232190579644673e-01	5.897897897897897934e+01
-2.209579046829388271e-01	6.775362273286582582e-01	5.903903903903903938e+01
-8.118390238603240272e-02	7.194047376573222685e-01	5.909909909909909942e+01
5.849326876011193277e-02	7.559700782659192209e-01	5.915915915915915946e+01
1.976397219355373880e-01	7.878370623507121584e-01	5.921921921921921950e+01
3.358309274370304132e-01	8.155658545783661673e-01	5.927927927927927954e+01
4.726494474721305572e-01	8.396676217558282085e-01	5.933933933933933957e+01
6.076839479731579452e-01	8.606030164273029692e-01	5.939939939939939961e+01
7.405294917117464237e-01	8.787843871611545898e-01	5.945945945945945965e+01
8.707875391315997859e-01	8.945747903393145295e-01	5.951951951951951969e+01
9.980653307793265760e-01	9.082927015145400018e-01	5.957957957957957973e+01
1.121975783238048141e+00	9.202172841589582042e-01	5.963963963963963977e+01
1.242137994878871332e+00	9.305903583690423586e-01	5.969969969969969981e+01
1.358177577082777532e+00	9.396207069288340374e-01	5.975975975975975985e+01
1.469727113148419750e+00	9.474875355717740089e-01	5.981981981981981988e+01
1.576426818349179859e+00	9.543439649816806147e-01	5.987987987987987992e+01
1.677925333403761599e+00	9.603218308344421139e-01	5.993993993993993996e+01
1.773880306429314935e+00	9.655319781123837819e-01	6.000000000000000000e+01
