Time [s]	Force [kN]	Displacement [m]
0.000000000000000000e+00	0.000000000000000000e+00	0.000000000000000000e+00
7.956028744632249325e-10	3.977995430151914434e-10	2.002002002002001985e-02
1.281190237191846510e-08	6.405944097226666863e-09	4.004004004004003969e-02
6.492895505228990559e-08	3.246447615420347128e-08	6.006006006006005954e-02
2.050631465080630820e-07	1.025315726265064673e-07	8.008008008008007939e-02
5.001430986485846077e-07	2.500714927482335695e-07	1.001001001001000923e-01
1.036079762734922824e-06	5.180395931706035574e-07	1.201201201201201191e-01
1.917509637605210099e-06	9.587538444832103795e-07	1.401401401401401459e-01
3.267710086762481719e-06	1.633852424559942076e-06	1.601601601601601588e-01
5.228256013878057205e-06	2.614121321944105291e-06	1.801801801801801717e-01
7.958969972623379266e-06	3.979469307811097911e-06	2.002002002002001846e-01
1.163775911773555200e-05	5.818845804033323773e-06	2.202202202202202252e-01
1.646031962707230180e-05	8.230092567782472117e-06	2.402402402402402382e-01
2.263982393803554391e-05	1.131978531329339443e-05	2.602602602602602788e-01
3.040657382779794781e-05	1.520305826269290829e-05	2.802802802802802917e-01
4.000797646737786048e-05	2.000359196754828822e-05	3.003003003003003046e-01
5.170811201517980617e-05	2.585339378064843377e-05	3.203203203203203175e-01
6.578744505993566792e-05	3.289265142504386069e-05	3.403403403403403304e-01
8.254227932271222779e-05	4.126945378030741178e-05	3.603603603603603434e-01
1.022846280132337545e-04	5.113972465498799956e-05	3.803803803803803563e-01
1.253418743271102827e-04	6.266704824797222873e-05	4.004004004004003692e-01
1.520563292222318558e-04	7.602244236357075322e-05	4.204204204204204376e-01
1.827846512447518822e-04	9.138405754248431830e-05	4.404404404404404505e-01
2.178976086697238530e-04	1.089370539376994580e-04	4.604604604604604634e-01
2.577797169345656149e-04	1.288734124616785516e-04	4.804804804804804763e-01
3.028287283987929910e-04	1.513916694776570285e-04	5.005005005005005447e-01
3.534549749956784935e-04	1.766965713296479289e-04	5.205205205205205576e-01
4.100811250136966800e-04	2.049989466232327267e-04	5.405405405405405705e-01
4.731417090070452964e-04	2.365154560060751256e-04	5.605605605605605835e-01
5.430825563354204017e-04	2.714682944327492559e-04	5.805805805805805964e-01
6.203600910122038800e-04	3.100848159066187104e-04	6.006006006006006093e-01
7.054411142868138558e-04	3.525974174472601484e-04	6.206206206206206222e-01
7.988021817351625498e-04	3.992432059522247017e-04	6.406406406406406351e-01
9.009289552531322964e-04	4.502636496422530868e-04	6.606606606606606480e-01
1.012315583756743208e-03	5.059042435290679509e-04	6.806806806806806609e-01
1.133464399332677428e-03	5.664143445624938815e-04	7.007007007007006738e-01
1.264885202089434477e-03	6.320467839559732034e-04	7.207207207207206867e-01
1.407094499235852754e-03	7.030574511156153367e-04	7.407407407407406996e-01
1.560615091238855019e-03	7.797050672105951654e-04	7.607607607607607125e-01
1.725975517732010293e-03	8.622508808092154472e-04	7.807807807807807254e-01
1.903709331865179608e-03	9.509582685678411550e-04	8.008008008008007383e-01
2.094354318929815377e-03	1.046092302646818616e-03	8.208208208208208623e-01
2.298452190411602591e-03	1.147919580965757773e-03	8.408408408408408752e-01
2.516547812199153474e-03	1.256707798825682171e-03	8.608608608608608881e-01
2.749188398513180420e-03	1.372725299041420302e-03	8.808808808808809010e-01
2.996922988316541841e-03	1.496240779311376091e-03	9.009009009009009139e-01
3.260301895687784529e-03	1.627522984315498203e-03	9.209209209209209268e-01
3.539875926295495655e-03	1.766840266530092041e-03	9.409409409409409397e-01
3.836195538255010584e-03	1.914460113948009221e-03	9.609609609609609526e-01
4.149810507044728557e-03	2.070648961351306740e-03	9.809809809809809655e-01
4.481269118674587049e-03	2.235671735841061099e-03	1.001001001001001089e+00
4.831117325360081982e-03	2.409791380284775561e-03	1.021021021021021102e+00
5.199898202814921648e-03	2.593268546754231869e-03	1.041041041041041115e+00
5.588151370425259445e-03	2.786361269086609985e-03	1.061061061061061128e+00
5.996412176645347231e-03	2.989324503081556249e-03	1.081081081081081141e+00
6.425210857200888172e-03	3.202409651251307901e-03	1.101101101101101154e+00
6.875072186237213452e-03	3.425864366129602583e-03	1.121121121121121167e+00
7.346514646402240931e-03	3.659932082622068764e-03	1.141141141141141180e+00
7.840049575853975591e-03	3.904851538986210679e-03	1.161161161161161193e+00
8.356180648239019265e-03	4.160856484921174499e-03	1.181181181181181206e+00
8.895403270459307371e-03	4.428175344735481821e-03	1.201201201201201219e+00
9.458203769710524580e-03	4.707030763869384481e-03	1.221221221221221231e+00
1.004505857605812215e-02	4.997639155622641410e-03	1.241241241241241244e+00
1.065643388245563622e-02	5.300210513439604712e-03	1.261261261261261257e+00
1.129278481937513734e-02	5.614947955509062838e-03	1.281281281281281270e+00
1.195455463054898894e-02	5.942047275933552697e-03	1.301301301301301283e+00
1.264217417311414710e-02	6.281696673107074226e-03	1.321321321321321296e+00
1.335606134243580261e-02	6.634076439598905056e-03	1.341341341341341309e+00
1.409662029728750259e-02	6.999358546503977284e-03	1.361361361361361322e+00
1.486424066236848376e-02	7.377706223646249457e-03	1.381381381381381335e+00
1.565929723089311970e-02	7.769273804007404208e-03	1.401401401401401348e+00
1.648214918371677593e-02	8.174206315307767576e-03	1.421421421421421361e+00
1.733313933857068972e-02	8.592639098869817721e-03	1.441441441441441373e+00
1.821259362029447465e-02	9.024697542956884241e-03	1.461461461461461386e+00
1.912082061127713672e-02	9.470496859624109864e-03	1.481481481481481399e+00
2.005811083063097425e-02	9.930141725795236379e-03	1.501501501501501412e+00
2.102473596764817612e-02	1.040372592285072027e-02	1.521521521521521425e+00
2.202094860407757468e-02	1.089133220612707557e-02	1.541541541541541438e+00
2.304698158290000715e-02	1.139303200964665586e-02	1.561561561561561451e+00
2.410304736230715200e-02	1.190888515398897708e-02	1.581581581581581464e+00
2.518933737634040243e-02	1.243893957505134984e-02	1.601601601601601477e+00
2.630602182368810271e-02	1.298323123530701825e-02	1.621621621621621712e+00
2.745324896696445249e-02	1.354178382238171996e-02	1.641641641641641725e+00
2.863114455815293780e-02	1.411460852952094343e-02	1.661661661661661737e+00
2.983981135582524508e-02	1.470170387965557060e-02	1.681681681681681750e+00
3.107932889661213158e-02	1.530305564376011930e-02	1.701701701701701763e+00
3.234975282504026772e-02	1.591863658535758175e-02	1.721721721721721776e+00
3.365111438755746115e-02	1.654840631661640832e-02	1.741741741741741789e+00
3.498342006010302790e-02	1.719231119373438449e-02	1.761761761761761802e+00
3.634665133541104681e-02	1.785028425897363866e-02	1.781781781781781815e+00
3.774076410185727565e-02	1.852224504302911121e-02	1.801801801801801828e+00
3.916568823174194219e-02	1.920809950387560028e-02	1.821821821821821841e+00
4.062132724752621354e-02	1.990773997640279264e-02	1.841841841841841854e+00
4.210755819885955015e-02	2.062104515526980847e-02	1.861861861861861867e+00
4.362423107861310156e-02	2.134787996394359524e-02	1.881881881881881879e+00
4.517116853223843154e-02	2.208809555432233659e-02	1.901901901901901892e+00
4.674816551550238508e-02	2.284152933823923801e-02	1.921921921921921905e+00
4.835498925937142811e-02	2.360800498963250282e-02	1.941941941941941918e+00
4.999137884235103912e-02	2.438733243169708548e-02	1.961961961961961931e+00
5.165704489408354944e-02	2.517930779988168666e-02	1.981981981981981944e+00
5.335166934692700536e-02	2.598371363032324355e-02	2.002002002002002179e+00
5.507490536076722204e-02	2.680031889162293179e-02	2.022022022022022192e+00
5.682637723473614455e-02	2.762887901856664677e-02	2.042042042042042205e+00
5.860567994790680940e-02	2.846913596026748663e-02	2.062062062062062218e+00
6.041237911667780153e-02	2.932081832182961353e-02	2.082082082082082231e+00
6.224601090100354700e-02	3.018364160584177322e-02	2.102102102102102243e+00
6.410608199479699010e-02	3.105730822307686129e-02	2.122122122122122256e+00
6.599206944453260559e-02	3.194150763351909922e-02	2.142142142142142269e+00
6.790342043096092572e-02	3.283591644488753625e-02	2.162162162162162282e+00
6.983955239224844125e-02	3.374019877127429345e-02	2.182182182182182295e+00
7.179985302345026632e-02	3.465400635155780479e-02	2.202202202202202308e+00
7.378368024726252028e-02	3.557697864319196712e-02	2.222222222222222321e+00
7.579036205138241222e-02	3.650874304421294209e-02	2.242242242242242334e+00
7.781919667109743477e-02	3.744891520536786089e-02	2.262262262262262347e+00
7.986945269800795055e-02	3.839709928286622054e-02	2.282282282282282360e+00
8.194036909170762661e-02	3.935288803086178788e-02	2.302302302302302373e+00
8.403115514684629528e-02	4.031586307474714637e-02	2.322322322322322385e+00
8.614099074790146360e-02	4.128559526064062152e-02	2.342342342342342398e+00
8.826902655608942494e-02	4.226164492826538915e-02	2.362362362362362411e+00
9.041438406555468710e-02	4.324356205230132227e-02	2.382382382382382424e+00
9.257615568434719722e-02	4.423088653948354515e-02	2.402402402402402437e+00
9.475340512889628142e-02	4.522314865046411086e-02	2.422422422422422450e+00
9.694516760454030546e-02	4.621986920964234191e-02	2.442442442442442463e+00
9.915044993802482609e-02	4.722055983302466536e-02	2.462462462462462476e+00
1.013682308084654093e-01	4.822472325331910586e-02	2.482482482482482489e+00
1.035974612474163670e-01	4.923185376838052491e-02	2.502502502502502502e+00
1.058370647761519845e-01	5.024143738165434692e-02	2.522522522522522515e+00
1.080859376504559044e-01	5.125295211806392415e-02	2.542542542542542527e+00
1.103429493308357157e-01	5.226586842404030986e-02	2.562562562562562540e+00
1.126069428918779619e-01	5.327964948828833175e-02	2.582582582582582553e+00
1.148767352401049990e-01	5.429375144602746617e-02	2.602602602602602566e+00
1.171511174946520684e-01	5.530762372267689075e-02	2.622622622622622579e+00
1.194288556500385234e-01	5.632070948065271560e-02	2.642642642642642592e+00
1.217086908095772468e-01	5.733244578548222364e-02	2.662662662662662605e+00
1.239893395836044188e-01	5.834226392155034135e-02	2.682682682682682618e+00
1.262694947432834169e-01	5.934958979679404167e-02	2.702702702702702631e+00
1.285478256913422102e-01	6.035384422043024721e-02	2.722722722722722644e+00
1.308229788134250005e-01	6.135444313012275441e-02	2.742742742742742657e+00
1.330935780816132619e-01	6.235079794592775226e-02	2.762762762762762669e+00
1.353582257805580613e-01	6.334231593966074825e-02	2.782782782782782682e+00
1.376155028298948757e-01	6.432840040400496229e-02	2.802802802802802695e+00
1.398639693666191286e-01	6.530845096093182423e-02	2.822822822822822708e+00
1.421021656090113994e-01	6.628186394615093180e-02	2.842842842842842721e+00
1.443286122463282029e-01	6.724803258109121606e-02	2.862862862862862734e+00
1.465418110246211325e-01	6.820634723520589693e-02	2.882882882882882747e+00
1.487402456164033937e-01	6.915619576721566963e-02	2.902902902902902760e+00
1.509223822004707449e-01	7.009696374298170218e-02	2.922922922922922773e+00
1.530866699969769262e-01	7.102803463323391353e-02	2.942942942942942786e+00
1.552315421331686984e-01	7.194879011016185044e-02	2.962962962962962798e+00
1.573554164223283092e-01	7.285861029557670621e-02	2.982982982982982811e+00
1.594566958596045358e-01	7.375687391027020701e-02	3.003003003003002824e+00
1.615337694695258564e-01	7.464295852058527858e-02	3.023023023023022837e+00
1.635850132594230122e-01	7.551624079316898719e-02	3.043043043043042850e+00
1.656087907048469920e-01	7.637609661413641282e-02	3.063063063063062863e+00
1.676034535873469344e-01	7.722190128850695001e-02	3.083083083083082876e+00
1.695673430642431478e-01	7.805302977529532393e-02	3.103103103103102889e+00
1.714987901797004610e-01	7.886885679033409091e-02	3.123123123123122902e+00
1.733961167176954477e-01	7.966875696502906390e-02	3.143143143143142915e+00
1.752576363101869539e-01	8.045210504133386287e-02	3.163163163163162928e+00
1.770816550392373956e-01	8.121827596937575278e-02	3.183183183183182940e+00
1.788664722720107181e-01	8.196664502298804666e-02	3.203203203203202953e+00
1.806103817982498139e-01	8.269658795345113944e-02	3.223223223223223410e+00
1.823116725424903106e-01	8.340748107852916093e-02	3.243243243243243423e+00
1.839686293646655424e-01	8.409870135923847023e-02	3.263263263263263436e+00
1.855795342208769183e-01	8.476962651248676206e-02	3.283283283283283449e+00
1.871426669897431616e-01	8.541963508565326990e-02	3.303303303303303462e+00
1.886563062372315913e-01	8.604810650156267948e-02	3.323323323323323475e+00
1.901187303902089620e-01	8.665442113105117916e-02	3.343343343343343488e+00
1.915282186747289672e-01	8.723796034759380424e-02	3.363363363363363501e+00
1.928830518501514213e-01	8.779810654711048268e-02	3.383383383383383514e+00
1.941815133855273601e-01	8.833424318315928614e-02	3.403403403403403527e+00
1.954218905022802322e-01	8.884575479736891990e-02	3.423423423423423539e+00
1.966024748852703008e-01	8.933202701955809955e-02	3.443443443443443552e+00
1.977215638546430121e-01	8.979244656961662963e-02	3.463463463463463565e+00
1.987774615011735080e-01	9.022640126136527439e-02	3.483483483483483578e+00
1.997684793824854310e-01	9.063327998726629364e-02	3.503503503503503591e+00
2.006929376862055525e-01	9.101247269186095445e-02	3.523523523523523604e+00
2.015491664429079066e-01	9.136337034884298158e-02	3.543543543543543617e+00
2.023355062152779049e-01	9.168536493366911955e-02	3.563563563563563630e+00
2.030503092518985697e-01	9.197784937373364167e-02	3.583583583583583643e+00
2.036919407596440856e-01	9.224021750068764347e-02	3.603603603603603656e+00
2.042587795927927885e-01	9.247186401359792918e-02	3.623623623623623669e+00
2.047492194007650701e-01	9.267218441097826997e-02	3.643643643643643681e+00
2.051616699377346864e-01	9.284057492263117495e-02	3.663663663663663694e+00
2.054945577601160756e-01	9.297643246547404594e-02	3.683683683683683707e+00
2.057463273721768238e-01	9.307915456254803321e-02	3.703703703703703720e+00
2.059154425469547633e-01	9.314813926070536487e-02	3.723723723723723733e+00
2.060003870234552448e-01	9.318278508175809050e-02	3.743743743743743746e+00
2.059996657935718178e-01	9.318146638637506141e-02	3.763763763763763759e+00
2.059118067525694262e-01	9.313753686587387948e-02	3.783783783783783772e+00
2.057353637329142060e-01	9.304931535604625548e-02	3.803803803803803785e+00
2.054689181271246723e-01	9.291609255315148863e-02	3.823823823823823798e+00
2.051110801421032193e-01	9.273717356064076212e-02	3.843843843843843811e+00
2.046604898808215001e-01	9.251187842999990252e-02	3.863863863863863823e+00
2.041158182275271682e-01	9.223954260335273658e-02	3.883883883883883836e+00
2.034757681907016780e-01	9.191951758494000535e-02	3.903903903903903849e+00
2.027390759258928532e-01	9.155117145253557909e-02	3.923923923923923862e+00
2.019045115952829983e-01	9.113388928723065163e-02	3.943943943943943875e+00
2.009708806708929152e-01	9.066707382503561008e-02	3.963963963963963888e+00
1.999370249607699268e-01	9.015014596997411589e-02	3.983983983983983901e+00
1.988018234199561696e-01	8.958254519956723727e-02	4.004004004004004358e+00
1.975641934020738455e-01	8.896373019062608911e-02	4.024024024024024371e+00
1.962230916990589102e-01	8.829317933911860761e-02	4.044044044044044384e+00
1.947775152887334937e-01	8.757039113395589935e-02	4.064064064064064397e+00
1.932265025211436504e-01	8.679488475016097770e-02	4.084084084084084409e+00
1.915691341811822379e-01	8.596620058018027144e-02	4.104104104104104422e+00
1.898045341610775372e-01	8.508390057012792107e-02	4.124124124124124435e+00
1.879318705698294623e-01	8.414756877450388362e-02	4.144144144144144448e+00
1.859503568189573020e-01	8.315681189906780346e-02	4.164164164164164461e+00
1.838592522135004681e-01	8.211125959633938654e-02	4.184184184184184474e+00
1.816578629871811734e-01	8.101056498317973920e-02	4.204204204204204487e+00
1.793455433794459986e-01	7.985440517931216564e-02	4.224224224224224500e+00
1.769216961687931078e-01	7.864248157398572026e-02	4.244244244244244513e+00
1.743857736300901129e-01	7.737452030463420893e-02	4.264264264264264526e+00
1.717372785419032932e-01	7.605027276054079910e-02	4.284284284284284539e+00
1.689757647534429197e-01	7.466951586631061233e-02	4.304304304304304551e+00
1.661008379757683007e-01	7.323205247747330282e-02	4.324324324324324564e+00
1.631121567226397895e-01	7.173771185090904723e-02	4.344344344344344577e+00
1.600094329637678503e-01	7.018634997147307764e-02	4.364364364364364590e+00
1.567924326987118200e-01	6.857784983894507636e-02	4.384384384384384603e+00
1.534609768201576074e-01	6.691212189966795620e-02	4.404404404404404616e+00
1.500149418629216080e-01	6.518910442104995651e-02	4.424424424424424629e+00
1.464542603612233040e-01	6.340876367020080451e-02	4.444444444444444642e+00
1.427789216657732452e-01	6.157109432247578201e-02	4.464464464464464655e+00
1.389889726369801792e-01	5.967611980807924904e-02	4.484484484484484668e+00
1.350845180108179722e-01	5.772389249499814551e-02	4.504504504504504681e+00
1.310657209824810931e-01	5.571449398082970600e-02	4.524524524524524693e+00
1.269328038597028196e-01	5.364803541944056925e-02	4.544544544544544706e+00
1.226860485318598398e-01	5.152465775551907240e-02	4.564564564564564719e+00
1.183257967281821921e-01	4.934453185368024852e-02	4.584584584584584732e+00
1.138524506931619940e-01	4.710785883617015640e-02	4.604604604604604745e+00
1.092664735993594954e-01	4.481487028926890021e-02	4.624624624624624758e+00
1.045683897636665999e-01	4.246582837142245243e-02	4.644644644644644771e+00
9.975878505839533283e-02	4.006102601878682584e-02	4.664664664664664784e+00
9.483830737142207035e-02	3.760078717530019460e-02	4.684684684684684797e+00
8.980766681543139729e-02	3.508546689730485113e-02	4.704704704704704810e+00
8.466763585204584164e-02	3.251545141561207330e-02	4.724724724724724823e+00
7.941904976614244660e-02	2.989115837266037926e-02	4.744744744744744835e+00
7.406280681141180766e-02	2.721303689529506326e-02	4.764764764764764848e+00
6.859986826025335493e-02	2.448156761971582648e-02	4.784784784784784861e+00
6.303125861078526238e-02	2.169726279498178367e-02	4.804804804804804874e+00
5.735806584825259985e-02	1.886066641371544894e-02	4.824824824824824887e+00
5.158144134176659290e-02	1.597235416047244547e-02	4.844844844844844900e+00
4.570259987356167092e-02	1.303293342636998794e-02	4.864864864864864913e+00
3.972281986824364314e-02	1.004304342371097405e-02	4.884884884884884926e+00
3.364344323245904711e-02	7.003355105818676041e-03	4.904904904904904939e+00
2.746587524119723997e-02	3.914571110187770736e-03	4.924924924924924952e+00
2.119158460697095556e-02	7.774257930746306978e-04	4.944944944944944965e+00
1.482210317523588970e-02	-2.401105248727779425e-03	4.964964964964964977e+00
8.359022977273323704e-03	-5.606383243486284459e-03	4.984984984984984990e+00
1.803991488402753585e-03	-8.836384604595988804e-03	5.005005005005005003e+00
-4.841289484832750692e-03	-1.208953434332852780e-02	5.025025025025025016e+00
-1.157506457459137744e-02	-1.536425222292233175e-02	5.045045045045045029e+00
-1.839552514628032057e-02	-1.865895395463752424e-02	5.065065065065065042e+00
-2.530080982550118873e-02	-2.197205321869255892e-02	5.085085085085085055e+00
-3.228900537661769793e-02	-2.530196369633263068e-02	5.105105105105105068e+00
-3.935814705400988295e-02	-2.864710019733071947e-02	5.125125125125125081e+00
-4.650621915622425023e-02	-3.200588052468098660e-02	5.145145145145145094e+00
-5.373115599656414637e-02	-3.537672743835994227e-02	5.165165165165165106e+00
-6.103084231663604559e-02	-3.875806970267218349e-02	5.185185185185185119e+00
-6.840311387691203060e-02	-4.214834378447900043e-02	5.205205205205205132e+00
-7.584575849822706994e-02	-4.554599568114227337e-02	5.225225225225225145e+00
-8.335651653510695036e-02	-4.894948188617530282e-02	5.245245245245245158e+00
-9.093308150947193580e-02	-5.235727091327255917e-02	5.265265265265265171e+00
-9.857310120662202135e-02	-5.576784494221221494e-02	5.285285285285285184e+00
-1.062741782063016532e-01	-5.917970069672359029e-02	5.305305305305305197e+00
-1.140338705599420327e-01	-6.259135078145511288e-02	5.325325325325325210e+00
-1.218496929322095135e-01	-6.600132512250844741e-02	5.345345345345345223e+00
-1.297191171866176884e-01	-6.940817174638480580e-02	5.365365365365365236e+00
-1.376395731026660851e-01	-7.281045791896975650e-02	5.385385385385385248e+00
-1.456084495592395722e-01	-7.620677137024292613e-02	5.405405405405405261e+00
-1.536230951699716907e-01	-7.959572096173954392e-02	5.425425425425425274e+00
-1.616808190369781739e-01	-8.297593762417068697e-02	5.445445445445445287e+00
-1.697788919724098067e-01	-8.634607535976085435e-02	5.465465465465465300e+00
-1.779145471802552614e-01	-8.970481178999126226e-02	5.485485485485485313e+00
-1.860849810428255591e-01	-9.305084889316792007e-02	5.505505505505505326e+00
-1.942873543767697220e-01	-9.638291378251505337e-02	5.525525525525525339e+00
-2.025187931598217972e-01	-9.969975912975531651e-02	5.545545545545545352e+00
-2.107763893453968029e-01	-1.030001637080983912e-01	5.565565565565565365e+00
-2.190572021493454591e-01	-1.062829329488582247e-01	5.585585585585585378e+00
-2.273582588222140821e-01	-1.095468992393007213e-01	5.605605605605605390e+00
-2.356765554863441692e-01	-1.127909222806170314e-01	5.625625625625625403e+00
-2.440090584495027137e-01	-1.160138894301198237e-01	5.645645645645645416e+00
-2.523527050254919524e-01	-1.192147158735338691e-01	5.665665665665665429e+00
-2.607044043870970218e-01	-1.223923448116280288e-01	5.685685685685685442e+00
-2.690610389023811999e-01	-1.255457475989225080e-01	5.705705705705705455e+00
-2.774194650089090164e-01	-1.286739237911347922e-01	5.725725725725725468e+00
-2.857765140749048971e-01	-1.317759011781240996e-01	5.745745745745745481e+00
-2.941289937533302368e-01	-1.348507357335902157e-01	5.765765765765765494e+00
-3.024736889174616805e-01	-1.378975115378154037e-01	5.785785785785785507e+00
-3.108073625219253677e-01	-1.409153406780700446e-01	5.805805805805805520e+00
-3.191267569685972139e-01	-1.439033630271595865e-01	5.825825825825825532e+00
-3.274285951135637585e-01	-1.468607460402371057e-01	5.845845845845845545e+00
-3.357095811196206259e-01	-1.497866845462984264e-01	5.865865865865865558e+00
-3.439664018265137790e-01	-1.526804003767689433e-01	5.885885885885885571e+00
-3.521957278409946768e-01	-1.555411420335790496e-01	5.905905905905905584e+00
-3.603942143732823955e-01	-1.583681843962251035e-01	5.925925925925925597e+00
-3.685585026025238742e-01	-1.611608282247800061e-01	5.945945945945945610e+00
-3.766852208618171050e-01	-1.639183996955905498e-01	5.965965965965965623e+00
-3.847709854534473450e-01	-1.666402500470207382e-01	5.985985985985985636e+00
-3.928124019995534177e-01	-1.693257549837018094e-01	6.006006006006005649e+00
-4.008060667312897118e-01	-1.719743140775364665e-01	6.026026026026025662e+00
-4.087485672814763493e-01	-1.745853503713989396e-01	6.046046046046045674e+00
-4.166364840119592960e-01	-1.771583097117357952e-01	6.066066066066065687e+00
-4.244663914087289935e-01	-1.796926600177859989e-01	6.086086086086085700e+00
-4.322348588555812166e-01	-1.821878908565704169e-01	6.106106106106105713e+00
-4.399384519363911394e-01	-1.846435127267131437e-01	6.126126126126125726e+00
-4.475737339235279499e-01	-1.870590562099442300e-01	6.146146146146145739e+00
-4.551372665411183016e-01	-1.894340715238753137e-01	6.166166166166165752e+00
-4.626256112567544432e-01	-1.917681277676862028e-01	6.186186186186185765e+00
-4.700353308205499903e-01	-1.940608119925244235e-01	6.206206206206205778e+00
-4.773629900556263239e-01	-1.963117287164872216e-01	6.226226226226225791e+00
-4.846051571336743025e-01	-1.985204991511520523e-01	6.246246246246245803e+00
-4.917584051242504528e-01	-2.006867602313373022e-01	6.266266266266265816e+00
-4.988193128757040795e-01	-2.028101640554736962e-01	6.286286286286285829e+00
-5.057844662223733856e-01	-2.048903771390314377e-01	6.306306306306305842e+00
-5.126504595450960267e-01	-2.069270794193399099e-01	6.326326326326325855e+00
-5.194138967804914353e-01	-2.089199635985542758e-01	6.346346346346345868e+00
-5.260713925278553971e-01	-2.108687344541371467e-01	6.366366366366365881e+00
-5.326195736064228692e-01	-2.127731078430526446e-01	6.386386386386385894e+00
-5.390550802265318131e-01	-2.146328099287271030e-01	6.406406406406405907e+00
-5.453745669840555088e-01	-2.164475765612769997e-01	6.426426426426426808e+00
-5.515747043901808588e-01	-2.182171523095626509e-01	6.446446446446446821e+00
-5.576521802225609115e-01	-2.199412895661596312e-01	6.466466466466466834e+00
-5.636037004156279062e-01	-2.216197479925540448e-01	6.486486486486486847e+00
-5.694259905444278846e-01	-2.232522935998688396e-01	6.506506506506506859e+00
-5.751157973417879710e-01	-2.248386977496740213e-01	6.526526526526526872e+00
-5.806698895087950563e-01	-2.263787366466818440e-01	6.546546546546546885e+00
-5.860850591675446086e-01	-2.278721904620513439e-01	6.566566566566566898e+00
-5.913581234646285711e-01	-2.293188422921744740e-01	6.586586586586586911e+00
-5.964859253826941821e-01	-2.307184776455165065e-01	6.606606606606606924e+00
-6.014653351485869104e-01	-2.320708836141036902e-01	6.626626626626626937e+00
-6.062932518373473911e-01	-2.333758478564927630e-01	6.646646646646646950e+00
-6.109666043164189153e-01	-2.346331579962539216e-01	6.666666666666666963e+00
-6.154823525068379153e-01	-2.358426008974212895e-01	6.686686686686686976e+00
-6.198374889918996100e-01	-2.370039616789009485e-01	6.706706706706706989e+00
-6.240290401508816753e-01	-2.381170229930503202e-01	6.726726726726727001e+00
-6.280540672378450706e-01	-2.391815644155758369e-01	6.746746746746747014e+00
-6.319096679634499392e-01	-2.401973615160481745e-01	6.766766766766767027e+00
-6.355929778500277738e-01	-2.411641850040260604e-01	6.786786786786787040e+00
-6.391011711393591588e-01	-2.420818002155253335e-01	6.806806806806807053e+00
-6.424314623192650675e-01	-2.429499662550070604e-01	6.826826826826827066e+00
-6.455811076729445208e-01	-2.437684350349569040e-01	6.846846846846847079e+00
-6.485474060597639090e-01	-2.445369508250697654e-01	6.866866866866867092e+00
-6.513277004180544338e-01	-2.452552494365113911e-01	6.886886886886887105e+00
-6.539193793533141230e-01	-2.459230572586880437e-01	6.906906906906907118e+00
-6.563198779848036235e-01	-2.465400907555444776e-01	6.926926926926927131e+00
-6.585266793072541702e-01	-2.471060557416835946e-01	6.946946946946947143e+00
-6.605373157759232283e-01	-2.476206464541277352e-01	6.966966966966967156e+00
-6.623493703565555002e-01	-2.480835449162041573e-01	6.986986986986987169e+00
-6.639604776458173374e-01	-2.484944203448007094e-01	7.007007007007007182e+00
-6.653683254318171203e-01	-2.488529282760966188e-01	7.027027027027027195e+00
-6.665706560022993665e-01	-2.491587097699207165e-01	7.047047047047047208e+00
-6.675652670256360111e-01	-2.494113909338865065e-01	7.067067067067067221e+00
-6.683500130509326675e-01	-2.496105821187258045e-01	7.087087087087087234e+00
-6.689228070334408693e-01	-2.497558769963010017e-01	7.107107107107107247e+00
-6.692816210178021974e-01	-2.498468521786131047e-01	7.127127127127127260e+00
-6.694244878087756145e-01	-2.498830663107626526e-01	7.147147147147147273e+00
-6.693495025194964310e-01	-2.498449107994944463e-01	7.167167167167167285e+00
-6.690548319590363668e-01	-2.496975755192643864e-01	7.187187187187187298e+00
-6.685387272165983497e-01	-2.494395231480453778e-01	7.207207207207207311e+00
-6.677995269020936542e-01	-2.490699229907930579e-01	7.227227227227227324e+00
-6.668356581000469685e-01	-2.485879885897697428e-01	7.247247247247247337e+00
-6.656456377653274803e-01	-2.479929784224099987e-01	7.267267267267267350e+00
-6.642280741297377222e-01	-2.472841966046151196e-01	7.287287287287287363e+00
-6.625816675770955788e-01	-2.464609933282940757e-01	7.307307307307307376e+00
-6.607052119957872449e-01	-2.455227655376398532e-01	7.327327327327327389e+00
-6.585975959825143278e-01	-2.444689575310034502e-01	7.347347347347347402e+00
-6.562578036636809165e-01	-2.432990613715867445e-01	7.367367367367367414e+00
-6.536849159636609619e-01	-2.420126175215767950e-01	7.387387387387387427e+00
-6.508781116190748284e-01	-2.406092153492837005e-01	7.407407407407407440e+00
-6.478366679466563971e-01	-2.390884935130744848e-01	7.427427427427427453e+00
-6.445599619922713908e-01	-2.374501405358819539e-01	7.447447447447447466e+00
-6.410474713820701886e-01	-2.356938952307813806e-01	7.467467467467467479e+00
-6.372987750182226296e-01	-2.338195470488575733e-01	7.487487487487487492e+00
-6.333135540894621052e-01	-2.318269365844773389e-01	7.507507507507507505e+00
-6.290915927803307772e-01	-2.297159559299117026e-01	7.527527527527527518e+00
-6.246327788713198492e-01	-2.274865489754061831e-01	7.547547547547547531e+00
-6.199371046046571188e-01	-2.251387118420748734e-01	7.567567567567567544e+00
-6.150046672614802867e-01	-2.226724931704864019e-01	7.587587587587587556e+00
-6.098356696455961012e-01	-2.200879943625443091e-01	7.607607607607607569e+00
-6.044304208089980035e-01	-2.173853699442452880e-01	7.627627627627627582e+00
-5.987893364922084460e-01	-2.145648277858505093e-01	7.647647647647647595e+00
-5.929129394779786288e-01	-2.116266292787356285e-01	7.667667667667667608e+00
-5.868018601891241692e-01	-2.085710896343083709e-01	7.687687687687687621e+00
-5.804568369735249034e-01	-2.053985780265087102e-01	7.707707707707707634e+00
-5.738787163241385603e-01	-2.021095177018155664e-01	7.727727727727727647e+00
-5.670684533598105981e-01	-1.987043862196515853e-01	7.747747747747747660e+00
-5.600271119353759097e-01	-1.951837155074342689e-01	7.767767767767767673e+00
-5.527558647349004595e-01	-1.915480919071965160e-01	7.787787787787787686e+00
-5.452559936212607594e-01	-1.877981563503767493e-01	7.807807807807807698e+00
-5.375288895842365022e-01	-1.839346043318645374e-01	7.827827827827827711e+00
-5.295760526955467506e-01	-1.799581858875196616e-01	7.847847847847847724e+00
-5.213990923120453980e-01	-1.758697056957689853e-01	7.867867867867867737e+00
-5.129997268886599127e-01	-1.716700229840762704e-01	7.887887887887887750e+00
-5.043797837667400863e-01	-1.673600514231163294e-01	7.907907907907907763e+00
-4.955411992387432907e-01	-1.629407591591179316e-01	7.927927927927927776e+00
-4.864860182282967349e-01	-1.584131686538946815e-01	7.947947947947947789e+00
-4.772163939002397881e-01	-1.537783564898661803e-01	7.967967967967967802e+00
-4.677345875993553226e-01	-1.490374533394239476e-01	7.987987987987987815e+00
-4.580429683772478944e-01	-1.441916437283702335e-01	8.008008008008008716e+00
-4.481440124380660084e-01	-1.392421657587792905e-01	8.028028028028028729e+00
-4.380403029572951246e-01	-1.341903110183938486e-01	8.048048048048048742e+00
-4.277345294208366733e-01	-1.290374242501646229e-01	8.068068068068068754e+00
-4.172294869442826903e-01	-1.237849030118876176e-01	8.088088088088088767e+00
-4.065280759642271313e-01	-1.184341975218598519e-01	8.108108108108108780e+00
-3.956333013522421727e-01	-1.129868102158673865e-01	8.128128128128128793e+00
-3.845482716646823063e-01	-1.074442953720874672e-01	8.148148148148148806e+00
-3.732761986744999594e-01	-1.018082588769962660e-01	8.168168168168168819e+00
-3.618203962425891040e-01	-9.608035766104085218e-02	8.188188188188188832e+00
-3.501842795564810151e-01	-9.026229931798677997e-02	8.208208208208208845e+00
-3.383713644418450683e-01	-8.435584176066880657e-02	8.228228228228228858e+00
-3.263852660215657564e-01	-7.836279255052916448e-02	8.248248248248248871e+00
-3.142296979768139931e-01	-7.228500852815326894e-02	8.268268268268268884e+00
-3.019084715395451424e-01	-6.612439530951885747e-02	8.288288288288288896e+00
-2.894254940635569984e-01	-5.988290657152475077e-02	8.308308308308308909e+00
-2.767847682683705068e-01	-5.356254367393151888e-02	8.328328328328328922e+00
-2.639903907984311182e-01	-4.716535493896182457e-02	8.348348348348348935e+00
-2.510465509433164044e-01	-4.069343501140447461e-02	8.368368368368368948e+00
-2.379575296344136892e-01	-3.414892435695311007e-02	8.388388388388388961e+00
-2.247276977012682975e-01	-2.753400839038041420e-02	8.408408408408408974e+00
-2.113615147812158979e-01	-2.085091693035421787e-02	8.428428428428428987e+00
-1.978635278529033703e-01	-1.410192346619794715e-02	8.448448448448449000e+00
-1.842383695469354543e-01	-7.289344313213991754e-03	8.468468468468469013e+00
-1.704907568786880323e-01	-4.157297547734790585e-04	8.488488488488489025e+00
-1.566254874899057070e-01	6.463529756151621328e-03	8.508508508508509038e+00
-1.426474196244087167e-01	1.330384049482870312e-02	8.528528528528529051e+00
-1.285614538981489918e-01	2.010188556955722072e-02	8.548548548548549064e+00
-1.143725303407762961e-01	2.685448761080546157e-02	8.568568568568569077e+00
-1.000856264780544680e-01	3.355860883524745819e-02	8.588588588588589090e+00
-8.570575517262954413e-02	4.021135066031338023e-02	8.608608608608609103e+00
-7.123796313686550641e-02	4.680995322608720588e-02	8.628628628628629116e+00
-5.668732872531497685e-02	5.335179432512460185e-02	8.648648648648649129e+00
-4.205896032531580148e-02	5.983438836811293821e-02	8.668668668668669142e+00
-2.735799462028140963e-02	6.625538498858919711e-02	8.688688688688689155e+00
-1.258959454993045443e-02	7.261256714050377814e-02	8.708708708708709167e+00
2.241052042122441273e-03	7.890384959732958670e-02	8.728728728728729180e+00
1.712873440973395472e-02	8.512727649698476062e-02	8.748748748748749193e+00
3.206822048216474708e-02	9.128101922172419946e-02	8.768768768768769206e+00
4.705425836899516934e-02	9.736337411944569198e-02	8.788788788788789219e+00
6.208157830994026627e-02	1.033727593891258234e-01	8.808808808808809232e+00
7.714489395076523648e-02	1.093077128671797321e-01	8.828828828828829245e+00
9.223890403921872205e-02	1.151668889207426022e-01	8.848848848848849258e+00
1.073582941421700049e-01	1.209490551333114589e-01	8.868868868868869271e+00
1.224977378408690504e-01	1.266530898670653604e-01	8.888888888888889284e+00
1.376518985535380435e-01	1.322779784273583059e-01	8.908908908908909297e+00
1.528154309252625354e-01	1.378228099870834056e-01	8.928928928928929309e+00
1.679829821310138416e-01	1.432867746715079382e-01	8.948948948948949322e+00
1.831491936731488024e-01	1.486691593666517319e-01	8.968968968968969335e+00
1.983087025453295626e-01	1.539693448980193335e-01	8.988988988988989348e+00
2.134561426433980169e-01	1.591868027037884326e-01	9.009009009009009361e+00
2.285861464839092916e-01	1.643210905300139246e-01	9.029029029029029374e+00
2.436933462430777853e-01	1.693718497825539293e-01	9.049049049049049387e+00
2.587723752168082370e-01	1.743388020042916930e-01	9.069069069069069400e+00
2.738178694791952861e-01	1.792217445462046532e-01	9.089089089089089413e+00
2.888244688456080844e-01	1.840205480595635823e-01	9.109109109109109426e+00
3.037868183377994691e-01	1.887351529766288505e-01	9.129129129129129439e+00
3.186995698127533250e-01	1.933655652165033045e-01	9.149149149149149451e+00
3.335573828860340928e-01	1.979118537645365716e-01	9.169169169169169464e+00
3.483549263590079992e-01	2.023741473467589036e-01	9.189189189189189477e+00
3.630868798378675821e-01	2.067526302631587376e-01	9.209209209209209490e+00
3.777479346889474066e-01	2.110475398854297913e-01	9.229229229229229503e+00
3.923327953492533604e-01	2.152591637549945702e-01	9.249249249249249516e+00
4.068361809399856921e-01	2.193878356905022697e-01	9.269269269269269529e+00
4.212528263801401662e-01	2.234339329252207906e-01	9.289289289289289542e+00
4.355774834753813884e-01	2.273978738268848387e-01	9.309309309309309555e+00
4.498049225012245578e-01	2.312801144798208586e-01	9.329329329329329568e+00
4.639299336135518370e-01	2.350811452548379477e-01	9.349349349349349581e+00
4.779473276300674756e-01	2.388014892125294719e-01	9.369369369369369593e+00
4.918519376269984145e-01	2.424416990975237218e-01	9.389389389389389606e+00
5.056386205157727964e-01	2.460023538599982462e-01	9.409409409409409619e+00
5.193022578113469789e-01	2.494840570248366973e-01	9.429429429429429632e+00
5.328377570409914554e-01	2.528874343338268216e-01	9.449449449449449645e+00
5.462400533071892772e-01	2.562131308486056414e-01	9.469469469469469658e+00
5.595041105363541822e-01	2.594618084231686272e-01	9.489489489489489671e+00
5.726249223319320736e-01	2.626341443749051208e-01	9.509509509509509684e+00
5.855975136048837681e-01	2.657308290667156903e-01	9.529529529529529697e+00
5.984169421818910095e-01	2.687525630394539400e-01	9.549549549549549710e+00
6.110782995085090041e-01	2.717000558298836022e-01	9.569569569569569722e+00
6.235767120940746144e-01	2.745740241309028717e-01	9.589589589589589735e+00
6.359073430645588720e-01	2.773751896066631861e-01	9.609609609609609748e+00
6.480653935556252021e-01	2.801042767057995153e-01	9.629629629629629761e+00
6.600461033850546499e-01	2.827620118527653381e-01	9.649649649649649774e+00
6.718447528133689728e-01	2.853491215373415990e-01	9.669669669669669787e+00
6.834566640904621293e-01	2.878663302545346192e-01	9.689689689689689800e+00
6.948772023843597934e-01	2.903143592818535068e-01	9.709709709709709813e+00
7.061017769609929662e-01	2.926939255777322169e-01	9.729729729729729826e+00
7.171258427884352749e-01	2.950057402380114602e-01	9.749749749749749839e+00
7.279449021661796859e-01	2.972505065920146294e-01	9.769769769769769852e+00
7.385545052988592429e-01	2.994289196247507667e-01	9.789789789789789864e+00
7.489502519472488462e-01	3.015416647072915457e-01	9.809809809809809877e+00
7.591277929624323795e-01	3.035894162048833334e-01	9.829829829829829890e+00
7.690828316317596114e-01	3.055728361411874094e-01	9.849849849849849903e+00
7.788111243834515696e-01	3.074925736979481350e-01	9.869869869869869916e+00
7.883084825949882024e-01	3.093492640433436192e-01	9.889889889889889929e+00
7.975707741459643341e-01	3.111435270134111364e-01	9.909909909909909942e+00
8.065939243330054742e-01	3.128759663587483142e-01	9.929929929929929955e+00
8.153739170591978169e-01	3.145471690798364861e-01	9.949949949949949968e+00
8.239067964440128788e-01	3.161577044911056955e-01	9.969969969969969981e+00
8.321886684620581898e-01	3.177081229912929183e-01	9.989989989989989994e+00
8.402157015137229346e-01	3.191989556976883580e-01	1.001001001001001001e+01
8.479841280465648667e-01	3.206307136883482789e-01	1.003003003003003002e+01
8.554902460729940650e-01	3.220038871266394653e-01	1.005005005005005003e+01
8.627304205454731090e-01	3.233189443578488032e-01	1.007007007007007005e+01
8.697010840062726622e-01	3.245763316058418169e-01	1.009009009009009006e+01
8.763987383731772773e-01	3.257764722387090361e-01	1.011011011011011007e+01
8.828199564416721046e-01	3.269197658877638357e-01	1.013013013013013008e+01
8.889613828369982151e-01	3.280065879003253859e-01	1.015015015015015010e+01
8.948197351010221956e-01	3.290372889153527214e-01	1.017017017017017011e+01
9.003918052662422955e-01	3.300121942346532222e-01	1.019019019019019012e+01
9.056744614499143697e-01	3.309316029187666097e-01	1.021021021021021014e+01
9.106646484242473250e-01	3.317957875042216731e-01	1.023023023023023015e+01
9.153593891122391302e-01	3.326049934657304141e-01	1.025025025025025016e+01
9.197557860382968853e-01	3.333594385597667964e-01	1.027027027027027017e+01
9.238510226927794111e-01	3.340593120752121670e-01	1.029029029029029019e+01
9.276423640960770323e-01	3.347047745976090560e-01	1.031031031031031020e+01
9.311271584765015152e-01	3.352959574064313109e-01	1.033033033033033021e+01
9.343028386630638504e-01	3.358329617316946902e-01	1.035035035035035023e+01
9.371669230589593225e-01	3.363158582280125763e-01	1.037037037037037024e+01
9.397170165454119539e-01	3.367446866080592849e-01	1.039039039039039025e+01
9.419508119703218219e-01	3.371194550549759250e-01	1.041041041041041026e+01
9.438660916226557784e-01	3.374401393461593512e-01	1.043043043043043028e+01
9.454607278091398115e-01	3.377066825384970050e-01	1.045045045045045029e+01
9.467326841139988014e-01	3.379189944278200297e-01	1.047047047047047030e+01
9.476800167247356743e-01	3.380769508869931328e-01	1.049049049049049032e+01
9.483008757691574475e-01	3.381803929977407752e-01	1.051051051051051033e+01
9.485935057188727981e-01	3.382291268397956130e-01	1.053053053053053034e+01
9.485562473015395346e-01	3.382022269178063256e-01	1.055055055055055035e+01
9.481875496098408629e-01	3.380178780719569898e-01	1.057057057057057037e+01
9.474859972096906224e-01	3.376671018718819250e-01	1.059059059059059038e+01
9.464503180793660819e-01	3.371492623067195993e-01	1.061061061061061039e+01
9.450793845037503971e-01	3.364637955189118124e-01	1.063063063063063041e+01
9.433722141570358710e-01	3.356102103455545493e-01	1.065065065065065042e+01
9.413279711546073125e-01	3.345880888443402146e-01	1.067067067067067043e+01
9.389459667297475054e-01	3.333970866319103110e-01	1.069069069069069045e+01
9.362256602156756591e-01	3.320369333748743879e-01	1.071071071071071046e+01
9.331666597819664455e-01	3.305074331580198366e-01	1.073073073073073047e+01
9.297687230301818762e-01	3.288084647821274964e-01	1.075075075075075048e+01
9.260317577824386248e-01	3.269399821582559262e-01	1.077077077077077050e+01
9.219558225405349861e-01	3.249020145373040513e-01	1.079079079079079051e+01
9.175411270129175678e-01	3.226946667734953977e-01	1.081081081081081052e+01
9.127880326421040635e-01	3.203181195880886456e-01	1.083083083083083054e+01
9.076970528518834014e-01	3.177726296929783145e-01	1.085085085085085055e+01
9.022688534710060493e-01	3.150585300025396385e-01	1.087087087087087056e+01
8.965042529741197308e-01	3.121762297540964237e-01	1.089089089089089057e+01
8.904042225630769414e-01	3.091262145485750845e-01	1.091091091091091059e+01
8.839698864484392127e-01	3.059090464912562202e-01	1.093093093093093060e+01
8.772025218008933090e-01	3.025253641674832128e-01	1.095095095095095061e+01
8.701035586913852260e-01	2.989758826127291713e-01	1.097097097097097063e+01
8.626745802010432618e-01	2.952613933675581892e-01	1.099099099099099064e+01
8.549173220874812795e-01	2.913827643107771981e-01	1.101101101101101065e+01
8.468336725966453260e-01	2.873409395653592768e-01	1.103103103103103066e+01
8.384256723794062394e-01	2.831369394567397335e-01	1.105105105105105068e+01
8.296955138797214024e-01	2.787718602068973150e-01	1.107107107107107069e+01
8.206455410278016283e-01	2.742468737809373724e-01	1.109109109109109070e+01
8.112782489416870968e-01	2.695632277378801067e-01	1.111111111111111072e+01
8.015962830484590906e-01	2.647222447912661036e-01	1.113113113113113073e+01
7.916024386739045626e-01	2.597253226039888396e-01	1.115115115115115074e+01
7.812996604884006047e-01	2.545739335112369162e-01	1.117117117117117076e+01
7.706910413969277895e-01	2.492696239655004253e-01	1.119119119119119077e+01
7.597798220358752408e-01	2.438140142849742065e-01	1.121121121121121078e+01
7.485693898982973549e-01	2.382087982161852358e-01	1.123123123123123079e+01
7.370632780719357235e-01	2.324557423030044201e-01	1.125125125125125081e+01
7.252651646230777738e-01	2.265566855785754730e-01	1.127127127127127082e+01
7.131788713338609309e-01	2.205135389339670238e-01	1.129129129129129083e+01
7.008083624104300968e-01	2.143282844722516345e-01	1.131131131131131085e+01
6.881577436683141702e-01	2.080029751011936434e-01	1.133133133133133086e+01
6.752312608767264690e-01	2.015397337053997651e-01	1.135135135135135087e+01
6.620332985399645098e-01	1.949407525370188132e-01	1.137137137137137088e+01
6.485683787466550720e-01	1.882082926403640666e-01	1.139139139139139090e+01
6.348411592314980867e-01	1.813446828827855739e-01	1.141141141141141091e+01
6.208564322411636027e-01	1.743523193876183319e-01	1.143143143143143092e+01
6.066191228779469480e-01	1.672336647060100046e-01	1.145145145145145094e+01
5.921342871574692968e-01	1.599912468457712067e-01	1.147147147147147095e+01
5.774071107749225717e-01	1.526276586544978164e-01	1.149149149149149096e+01
5.624429068891499961e-01	1.451455567116115286e-01	1.151151151151151097e+01
5.472471144687411915e-01	1.375476605014071818e-01	1.153153153153153099e+01
5.318252965757699346e-01	1.298367515549215256e-01	1.155155155155155100e+01
5.161831379474499659e-01	1.220156722407615274e-01	1.157157157157157101e+01
5.003264435070130522e-01	1.140873250205430983e-01	1.159159159159159103e+01
4.842611359130146176e-01	1.060546712235438671e-01	1.161161161161161104e+01
4.679932535188426335e-01	9.792073002645787505e-02	1.163163163163163105e+01
4.515289484190802005e-01	8.968857747657667245e-02	1.165165165165165106e+01
4.348744837361487314e-01	8.136134513511095179e-02	1.167167167167167108e+01
4.180362318527370280e-01	7.294221919340508620e-02	1.169169169169169109e+01
4.010206716385352199e-01	6.443443908630419603e-02	1.171171171171171110e+01
3.838343862255171324e-01	5.584129637979513144e-02	1.173173173173173112e+01
3.664840606631821762e-01	4.716613359862765337e-02	1.175175175175175113e+01
3.489764790461187816e-01	3.841234279009596297e-02	1.177177177177177114e+01
3.313185224465863277e-01	2.958336449032974297e-02	1.179179179179179116e+01
3.135171657915033494e-01	2.068268616278824343e-02	1.181181181181181117e+01
2.955794756211931884e-01	1.171384107763317160e-02	1.183183183183183118e+01
2.775126071513578929e-01	2.680406842715527330e-03	1.185185185185185119e+01
2.593238000677967614e-01	-6.354255341731678171e-03	1.187187187187187121e+01
2.410203508935459538e-01	-1.528480344879057547e-02	1.189189189189189122e+01
2.226095757761200056e-01	-2.410599736102623375e-02	1.191191191191191123e+01
2.040988033306200822e-01	-3.281456898479623990e-02	1.193193193193193125e+01
1.854953719108035914e-01	-4.140752725631570430e-02	1.195195195195195126e+01
1.668066270899983550e-01	-4.988215071924554517e-02	1.197197197197197127e+01
1.480399193096541832e-01	-5.823598000468954705e-02	1.199199199199199128e+01
1.292026013087955172e-01	-6.646680899291936007e-02	1.201201201201201130e+01
1.103020261201653474e-01	-7.457267755008148424e-02	1.203203203203203131e+01
9.134554451672265152e-02	-8.255186166150987881e-02	1.205205205205205132e+01
7.234050315681619936e-02	-9.040286584322573815e-02	1.207207207207207134e+01
5.329424232175448972e-02	-9.812441373897844155e-02	1.209209209209209135e+01
3.421409389827922282e-02	-1.057154389173607795e-01	1.211211211211211136e+01
1.510737958665321623e-02	-1.131750769866887163e-01	1.213213213213213137e+01
-4.018591316826605059e-03	-1.205026549702178512e-01	1.215215215215215139e+01
-2.315652342932491420e-02	-1.276976838283385707e-01	1.217217217217217140e+01
-4.229913728468608775e-02	-1.347598490718825148e-01	1.219219219219219141e+01
-6.143917114488753328e-02	-1.416890009423887320e-01	1.221221221221221143e+01
-8.056938241785280286e-02	-1.484851475242907892e-01	1.223223223223223144e+01
-9.968254968941636651e-02	-1.551484444775428906e-01	1.225225225225225145e+01
-1.187714741314647715e-01	-1.616791868511221753e-01	1.227227227227227146e+01
-1.378289810125383208e-01	-1.680778020133560369e-01	1.229229229229229148e+01
-1.568479216095725604e-01	-1.743448395263287320e-01	1.231231231231231149e+01
-1.758211743815862871e-01	-1.804809641452504998e-01	1.233233233233233150e+01
-1.947416465050875733e-01	-1.864869489537860914e-01	1.235235235235235152e+01
-2.136022756854036586e-01	-1.923636658787115650e-01	1.237237237237237153e+01
-2.323960312528263739e-01	-1.981120790844990431e-01	1.239239239239239154e+01
-2.511159155600600767e-01	-2.037332390674489457e-01	1.241241241241241156e+01
-2.697549657598585782e-01	-2.092282742792359040e-01	1.243243243243243157e+01
-2.883062550419970282e-01	-2.145983838129026933e-01	1.245245245245245158e+01
-3.067628936440568443e-01	-2.198448332053650200e-01	1.247247247247247159e+01
-3.251180306658556507e-01	-2.249689475159648844e-01	1.249249249249249161e+01
-3.433648556039459732e-01	-2.299721031262296489e-01	1.251251251251251162e+01
-3.614965989898344390e-01	-2.348557246650897490e-01	1.253253253253253163e+01
-3.795065341195488218e-01	-2.396212793021040011e-01	1.255255255255255165e+01
-3.973879786252338397e-01	-2.442702705540377994e-01	1.257257257257257166e+01
-4.151342957265460321e-01	-2.488042322475362833e-01	1.259259259259259167e+01
-4.327388948626909593e-01	-2.532247264686824928e-01	1.261261261261261168e+01
-4.501952337461858633e-01	-2.575333378950231400e-01	1.263263263263263170e+01
-4.674968197583966312e-01	-2.617316684553950279e-01	1.265265265265265171e+01
-4.846372109737273615e-01	-2.658213332979939558e-01	1.267267267267267172e+01
-5.016100169816881671e-01	-2.698039587788638172e-01	1.269269269269269174e+01
-5.184089009625464373e-01	-2.736811777929568090e-01	1.271271271271271175e+01
-5.350275810689345546e-01	-2.774546252585738948e-01	1.273273273273273176e+01
-5.514598313474348146e-01	-2.811259352578997506e-01	1.275275275275275177e+01
-5.676994826266519301e-01	-2.846967393486145026e-01	1.277277277277277179e+01
-5.837404246194435320e-01	-2.881686628435634612e-01	1.279279279279279180e+01
-5.995766073066435276e-01	-2.915433212476587488e-01	1.281281281281281181e+01
-6.152020419109550664e-01	-2.948223179271807770e-01	1.283283283283283360e+01
-6.306108016582461229e-01	-2.980072430070083156e-01	1.285285285285285362e+01
-6.457970240051288391e-01	-3.010996703770438820e-01	1.287287287287287363e+01
-6.607549119576612284e-01	-3.041011551497833643e-01	1.289289289289289364e+01
-6.754787352624667118e-01	-3.070132315065792206e-01	1.291291291291291365e+01
-6.899628309175389607e-01	-3.098374121434609996e-01	1.293293293293293367e+01
-7.042016055075766001e-01	-3.125751859664060994e-01	1.295295295295295368e+01
-7.181895364492746348e-01	-3.152280164151851638e-01	1.297297297297297369e+01
-7.319211734954683690e-01	-3.177973394401144014e-01	1.299299299299299371e+01
-7.453911390347655042e-01	-3.202845632399030640e-01	1.301301301301301372e+01
-7.585941303180134820e-01	-3.226910667007261146e-01	1.303303303303303373e+01
-7.715249207574055301e-01	-3.250181982925676172e-01	1.305305305305305374e+01
-7.841783616808047919e-01	-3.272672743297329045e-01	1.307307307307307376e+01
-7.965493826201393013e-01	-3.294395787364068906e-01	1.309309309309309377e+01
-8.086329931388823722e-01	-3.315363621637564817e-01	1.311311311311311378e+01
-8.204242843812039609e-01	-3.335588412130819358e-01	1.313313313313313380e+01
-8.319184308547470375e-01	-3.355081971295277854e-01	1.315315315315315381e+01
-8.431106909506624891e-01	-3.373855754728179446e-01	1.317317317317317382e+01
-8.539964082130534484e-01	-3.391920857041865189e-01	1.319319319319319384e+01
-8.645710132621773347e-01	-3.409288006106027114e-01	1.321321321321321385e+01
-8.748300253563860984e-01	-3.425967554399455550e-01	1.323323323323323386e+01
-8.847690532800679408e-01	-3.441969474910764326e-01	1.325325325325325387e+01
-8.943837961457369312e-01	-3.457303359384258368e-01	1.327327327327327389e+01
-9.036700455614321559e-01	-3.471978414281819414e-01	1.329329329329329390e+01
-9.126236869569882559e-01	-3.486003455129492723e-01	1.331331331331331391e+01
-9.212407007627774203e-01	-3.499386902324705395e-01	1.333333333333333393e+01
-9.295171629795774271e-01	-3.512136780209333398e-01	1.335335335335335394e+01
-9.374492473150606298e-01	-3.524260714439482745e-01	1.337337337337337395e+01
-9.450332264533880533e-01	-3.535765927735227687e-01	1.339339339339339396e+01
-9.522654733369180224e-01	-3.546659235966024837e-01	1.341341341341341398e+01
-9.591424616480381804e-01	-3.556947047430937259e-01	1.343343343343343399e+01
-9.656607678333495315e-01	-3.566635360821903133e-01	1.345345345345345400e+01
-9.718170723537659095e-01	-3.575729761479836677e-01	1.347347347347347402e+01
-9.776081609634312830e-01	-3.584235417568585325e-01	1.349349349349349403e+01
-9.830309251661207837e-01	-3.592157079308831436e-01	1.351351351351351404e+01
-9.880823641198374085e-01	-3.599499076810893650e-01	1.353353353353353405e+01
-9.927595858572874077e-01	-3.606265316148846711e-01	1.355355355355355407e+01
-9.970598084990878185e-01	-3.612459275321887597e-01	1.357357357357357408e+01
-1.000980360712753425e+00	-3.618084003256778480e-01	1.359359359359359409e+01
-1.004518683502241716e+00	-3.623142116932625001e-01	1.361361361361361411e+01
-1.007672331383030029e+00	-3.627635796687361247e-01	1.363363363363363412e+01
-1.010438973487798098e+00	-3.631566781729785864e-01	1.365365365365365413e+01
-1.012816394046232915e+00	-3.634936368692777697e-01	1.367367367367367414e+01
-1.014802494054198423e+00	-3.637745407588310886e-01	1.369369369369369416e+01
-1.016395292394195238e+00	-3.639994295828649640e-01	1.371371371371371417e+01
-1.017592926803537745e+00	-3.641682973193335338e-01	1.373373373373373418e+01
-1.018393654344923460e+00	-3.642810920142540709e-01	1.375375375375375420e+01
-1.018795853193765089e+00	-3.643377150034026180e-01	1.377377377377377421e+01
-1.018798023369569039e+00	-3.643204052925698710e-01	1.379379379379379422e+01
-1.018398799060410864e+00	-3.641207931379907281e-01	1.381381381381381424e+01
-1.017596984106844626e+00	-3.637198856612076092e-01	1.383383383383383425e+01
-1.016391564636208944e+00	-3.631171759258897680e-01	1.385385385385385426e+01
-1.014781709967625289e+00	-3.623122485915979962e-01	1.387387387387387427e+01
-1.012766773462129954e+00	-3.613047803388502732e-01	1.389389389389389429e+01
-1.010346293309650534e+00	-3.600945402626105629e-01	1.391391391391391430e+01
-1.007519993038163753e+00	-3.586813901268671723e-01	1.393393393393393431e+01
-1.004287782202562429e+00	-3.570652847090665105e-01	1.395395395395395433e+01
-1.000649756806341051e+00	-3.552462720109557659e-01	1.397397397397397434e+01
-9.966061996981121496e-01	-3.532244934568413708e-01	1.399399399399399435e+01
-9.921575809652426470e-01	-3.510001840904066195e-01	1.401401401401401436e+01
-9.873045580711432567e-01	-3.485736726433569244e-01	1.403403403403403438e+01
-9.820479761299579780e-01	-3.459453816727642850e-01	1.405405405405405439e+01
-9.763888679304426610e-01	-3.431158275730066265e-01	1.407407407407407440e+01
-9.703284538931284953e-01	-3.400856205543495436e-01	1.409409409409409442e+01
-9.638681421429342588e-01	-3.368554646792523699e-01	1.411411411411411443e+01
-9.570095281695931710e-01	-3.334261576925818815e-01	1.413413413413413444e+01
-9.497543946604459775e-01	-3.297985909380082847e-01	1.415415415415415445e+01
-9.421047112879213925e-01	-3.259737492517459923e-01	1.417417417417417447e+01
-9.340626340586938303e-01	-3.219527106371322112e-01	1.419419419419419448e+01
-9.256305050358840658e-01	-3.177366461257272734e-01	1.421421421421421449e+01
-9.168108517610796815e-01	-3.133268194883251367e-01	1.423423423423423451e+01
-9.076063863855440284e-01	-3.087245868005572547e-01	1.425425425425425452e+01
-8.980200052451184911e-01	-3.039313962303444860e-01	1.427427427427427453e+01
-8.880547878672524487e-01	-2.989487875414115203e-01	1.429429429429429455e+01
-8.777139959872296560e-01	-2.937783916014000685e-01	1.431431431431431456e+01
-8.670010728976239589e-01	-2.884219300565972199e-01	1.433433433433433457e+01
-8.559196420420599472e-01	-2.828812146288151586e-01	1.435435435435435458e+01
-8.444735059964790791e-01	-2.771581466060248355e-01	1.437437437437437460e+01
-8.326666454889799507e-01	-2.712547163522752158e-01	1.439439439439439461e+01
-8.205032176518184395e-01	-2.651730024336944602e-01	1.441441441441441462e+01
-8.079875549951541780e-01	-2.589151711053623295e-01	1.443443443443443464e+01
-7.951241639633974678e-01	-2.524834755894840299e-01	1.445445445445445465e+01
-7.819177230327748473e-01	-2.458802551241727197e-01	1.447447447447447466e+01
-7.683730816021604459e-01	-2.391079344088655190e-01	1.449449449449449467e+01
-7.544952579478575450e-01	-2.321690225817140962e-01	1.451451451451451469e+01
-7.402894374847799330e-01	-2.250661123501752625e-01	1.453453453453453470e+01
-7.257609712551975623e-01	-2.178018792353840771e-01	1.455455455455455471e+01
-7.109153734832469596e-01	-2.103790803494088035e-01	1.457457457457457473e+01
-6.957583200250313515e-01	-2.028005536203009440e-01	1.459459459459459474e+01
-6.802956461821647594e-01	-1.950692166988676757e-01	1.461461461461461475e+01
-6.645333443121272943e-01	-1.871880657638489431e-01	1.463463463463463476e+01
-6.484775621116206645e-01	-1.791601746635956283e-01	1.465465465465465478e+01
-6.321345997834139085e-01	-1.709886934994922225e-01	1.467467467467467479e+01
-6.155109080541791844e-01	-1.626768476348748882e-01	1.469469469469469480e+01
-5.986130857086332524e-01	-1.542279364621019222e-01	1.471471471471471482e+01
-5.814478767931500203e-01	-1.456453320043602784e-01	1.473473473473473483e+01
-5.640221685648532102e-01	-1.369324778902118733e-01	1.475475475475475484e+01
-5.463429882876137400e-01	-1.280928877515921660e-01	1.477477477477477485e+01
-5.284175009849899629e-01	-1.191301441002803191e-01	1.479479479479479487e+01
-5.102530064823715961e-01	-1.100478968489710940e-01	1.481481481481481488e+01
-4.918569364656790732e-01	-1.008498618406248465e-01	1.483483483483483489e+01
-4.732368519549477459e-01	-9.153981958525918283e-02	1.485485485485485491e+01
-4.544004398148091539e-01	-8.212161351518987296e-02	1.487487487487487492e+01
-4.353555103105647417e-01	-7.259914876306766685e-02	1.489489489489489493e+01
-4.161099935411035067e-01	-6.297639037833703546e-02	1.491491491491491495e+01
-3.966719366007520620e-01	-5.325736190816132004e-02	1.493493493493493496e+01
-3.770495003319728200e-01	-4.344614377377171988e-02	1.495495495495495497e+01
-3.572509558884540137e-01	-3.354687155201230286e-02	1.497497497497497498e+01
-3.372846817946653641e-01	-2.356373450511797460e-02	1.499499499499499500e+01
-3.171591601274130201e-01	-1.350097367149180258e-02	1.501501501501501501e+01
-2.968829734872499015e-01	-3.362880351410258047e-03	1.503503503503503502e+01
-2.764647998213869973e-01	6.778189675533543603e-03	1.505505505505505504e+01
-2.559133794445238030e-01	1.678407952059592784e-02	1.507507507507507505e+01
-2.352374670109161625e-01	2.664730870810030211e-02	1.509509509509509506e+01
-2.144458217424047297e-01	3.636435291026543504e-02	1.511511511511511507e+01
-1.935472040510194947e-01	4.593206041903501874e-02	1.513513513513513509e+01
-1.725503727708382062e-01	5.534764041101275511e-02	1.515515515515515510e+01
-1.514640821011065119e-01	6.460864925490569788e-02	1.517517517517517511e+01
-1.302970789591494094e-01	7.371297754713949935e-02	1.519519519519519513e+01
-1.090581002742622430e-01	8.265883672038908114e-02	1.521521521521521514e+01
-8.775587037693399761e-02	9.144474461630326678e-02	1.523523523523523515e+01
-6.639909869701315914e-02	1.000695131053002951e-01	1.525525525525525516e+01
-4.499647711299932518e-02	1.085322323114446957e-01	1.527527527527527518e+01
-2.355667802009229345e-02	1.168322589387312677e-01	1.529529529529529519e+01
-2.088351783573909326e-03	1.249692010212137688e-01	1.531531531531531520e+01
1.939987516389791652e-02	1.329429046614472032e-01	1.533533533533533522e+01
4.089940239334238781e-02	1.407534418164058110e-01	1.535535535535535523e+01
6.240165772904286701e-02	1.484010945560873540e-01	1.537537537537537524e+01
8.389809873312809030e-02	1.558863445772826484e-01	1.539539539539539525e+01
1.053802149299284119e-01	1.632098599025306185e-01	1.541541541541541527e+01
1.268395296439429609e-01	1.703724803027753532e-01	1.543543543543543528e+01
1.482676013472216392e-01	1.773752084112512895e-01	1.545545545545545529e+01
1.696560258575471880e-01	1.842191967016326426e-01	1.547547547547547531e+01
1.909964379784847288e-01	1.909057337239435936e-01	1.549549549549549532e+01
2.122805126205241089e-01	1.974362368356053221e-01	1.551551551551551533e+01
2.334999669912658504e-01	2.038122404650370423e-01	1.553553553553553535e+01
2.546465622535364348e-01	2.100353826059581652e-01	1.555555555555555536e+01
2.757121043264130211e-01	2.161073989528970452e-01	1.557557557557557537e+01
2.966884460054107775e-01	2.220301127374555705e-01	1.559559559559559538e+01
3.175674886726753687e-01	2.278054235066237776e-01	1.561561561561561540e+01
3.383411833108150857e-01	2.334352989422402713e-01	1.563563563563563541e+01
3.590015318245998177e-01	2.389217689632200936e-01	1.565565565565565542e+01
3.795405891572353196e-01	2.442669161482184104e-01	1.567567567567567544e+01
3.999504646074356073e-01	2.494728661885925181e-01	1.569569569569569545e+01
4.202233225364018776e-01	2.545417841869363484e-01	1.571571571571571546e+01
4.403513845429212759e-01	2.594758668252198364e-01	1.573573573573573547e+01
4.603269309721755853e-01	2.642773346180811167e-01	1.575575575575575549e+01
4.801423018474747506e-01	2.689484264991435225e-01	1.577577577577577550e+01
4.997898982740527352e-01	2.734913954928964164e-01	1.579579579579579551e+01
5.192621844080262949e-01	2.779085022772242453e-01	1.581581581581581553e+01
5.385516887385559670e-01	2.822020089222903039e-01	1.583583583583583554e+01
5.576510048255255425e-01	2.863741764966411529e-01	1.585585585585585555e+01
5.765527934812264554e-01	2.904272598699326746e-01	1.587587587587587556e+01
5.952497842495625413e-01	2.943635026873622218e-01	1.589589589589589558e+01
6.137347763175055038e-01	2.981851341340731598e-01	1.591591591591591559e+01
6.320006399845748968e-01	3.018943661533012301e-01	1.593593593593593560e+01
6.500403185920284876e-01	3.054933895941168709e-01	1.595595595595595562e+01
6.678468299508143469e-01	3.089843701965955813e-01	1.597597597597597563e+01
6.854132669853352233e-01	3.123694473087249013e-01	1.599599599599599564e+01
7.027327998990929858e-01	3.156507309442255216e-01	1.601601601601601743e+01
7.197986777771969713e-01	3.188302989591696446e-01	1.603603603603603744e+01
7.366042297911851167e-01	3.219101946737358833e-01	1.605605605605605746e+01
7.531428661086849718e-01	3.248924259014491223e-01	1.607607607607607747e+01
7.694080801780266432e-01	3.277789627757150548e-01	1.609609609609609748e+01
7.853934502939535767e-01	3.305717356098147319e-01	1.611611611611611750e+01
8.010926405455004451e-01	3.332726336550113633e-01	1.613613613613613751e+01
8.164994020731402014e-01	3.358835042734277798e-01	1.615615615615615752e+01
8.316075751908813540e-01	3.384061516334190278e-01	1.617617617617617753e+01
8.464110911195210640e-01	3.408423351235158605e-01	1.619619619619619755e+01
8.609039728005920544e-01	3.431937686638835139e-01	1.621621621621621756e+01
8.750803361463548313e-01	3.454621202264709368e-01	1.623623623623623757e+01
8.889343922479966409e-01	3.476490110714330339e-01	1.625625625625625759e+01
9.024604490808924018e-01	3.497560147682141074e-01	1.627627627627627760e+01
9.156529125199224239e-01	3.517846566736038127e-01	1.629629629629629761e+01
9.285062871470348700e-01	3.537364137818891918e-01	1.631631631631631763e+01
9.410151788217265834e-01	3.556127143349482878e-01	1.633633633633633764e+01
9.531742960718347923e-01	3.574149373539043939e-01	1.635635635635635765e+01
9.649784516152416503e-01	3.591444121896562036e-01	1.637637637637637766e+01
9.764225627165431520e-01	3.608024184957708824e-01	1.639639639639639768e+01
9.875016537446508202e-01	3.623901861619732157e-01	1.641641641641641769e+01
9.982108574879933194e-01	3.639088951468484878e-01	1.643643643643643770e+01
1.008545417038149816e+00	3.653596751421870348e-01	1.645645645645645772e+01
1.018500686064940597e+00	3.667436055486333335e-01	1.647647647647647773e+01
1.028072130837022868e+00	3.680617155482672209e-01	1.649649649649649774e+01
1.037255331823405236e+00	3.693149841398173372e-01	1.651651651651651775e+01
1.046045985554805435e+00	3.705043398763497864e-01	1.653653653653653777e+01
1.054439905143953471e+00	3.716306608289219326e-01	1.655655655655655778e+01
1.062433021652667842e+00	3.726947746459290389e-01	1.657657657657657779e+01
1.070021386029835542e+00	3.736974586875248527e-01	1.659659659659659781e+01
1.077201170711034939e+00	3.746394397661698683e-01	1.661661661661661782e+01
1.083968670459123373e+00	3.755213940773824977e-01	1.663663663663663783e+01
1.090320303269513014e+00	3.763439472062183877e-01	1.665665665665665784e+01
1.096252612453777919e+00	3.771076742216008526e-01	1.667667667667667786e+01
1.101762267990727739e+00	3.778130993704642004e-01	1.669669669669669787e+01
1.106846067555856017e+00	3.784606959257397207e-01	1.671671671671671788e+01
1.111500937219484175e+00	3.790508861357941850e-01	1.673673673673673790e+01
1.115723933434887627e+00	3.795840411761640110e-01	1.675675675675675791e+01
1.119512244288712433e+00	3.800604807363056614e-01	1.677677677677677792e+01
1.122863190529613364e+00	3.804804727464546343e-01	1.679679679679679793e+01
1.125774226205876971e+00	3.808442332529389240e-01	1.681681681681681795e+01
1.128242940482022671e+00	3.811519261664286784e-01	1.683683683683683796e+01
1.130267058824339532e+00	3.814036626656732154e-01	1.685685685685685797e+01
1.131844443920697163e+00	3.815995007973839726e-01	1.687687687687687799e+01
1.132973096291606474e+00	3.817394452917133862e-01	1.689689689689689800e+01
1.133651156172627683e+00	3.818234468146860516e-01	1.691691691691691801e+01
1.133876904093050975e+00	3.818513985857264759e-01	1.693693693693693803e+01
1.133648764867643877e+00	3.817373313515358690e-01	1.695695695695695804e+01
1.132965340022135781e+00	3.813956189287818210e-01	1.697697697697697805e+01
1.131825440122364190e+00	3.808256689788960259e-01	1.699699699699699806e+01
1.130228088528956620e+00	3.800269931821922964e-01	1.701701701701701808e+01
1.128172522179911930e+00	3.789992100076698955e-01	1.703703703703703809e+01
1.125658192465434970e+00	3.777420451504315269e-01	1.705705705705705810e+01
1.122684765750314950e+00	3.762553317928714058e-01	1.707707707707707812e+01
1.119252124036977047e+00	3.745390109362025099e-01	1.709709709709709813e+01
1.115360365413427202e+00	3.725931316244276426e-01	1.711711711711711814e+01
1.111009804397752321e+00	3.704178511165900911e-01	1.713713713713713815e+01
1.106200972304238528e+00	3.680134350698332502e-01	1.715715715715715817e+01
1.100934617333193311e+00	3.653802575843106970e-01	1.717717717717717818e+01
1.095211704776262174e+00	3.625188013058450176e-01	1.719719719719719819e+01
1.089033416957172484e+00	3.594296573963001729e-01	1.721721721721721821e+01
1.082401153109037173e+00	3.561135254722326282e-01	1.723723723723723822e+01
1.075316529340469840e+00	3.525712135879488507e-01	1.725725725725725823e+01
1.067781378154522010e+00	3.488036379949749910e-01	1.727727727727727824e+01
1.059797748198933354e+00	3.448118230171806076e-01	1.729729729729729826e+01
1.051367903858754005e+00	3.405969008470909332e-01	1.731731731731731827e+01
1.042494324459874777e+00	3.361601111476514858e-01	1.733733733733733828e+01
1.033179703883333911e+00	3.315028008593809417e-01	1.735735735735735830e+01
1.023426949679484110e+00	3.266264237574561524e-01	1.737737737737737831e+01
1.013239182112303904e+00	3.215325399738659939e-01	1.739739739739739832e+01
1.002619733534051871e+00	3.162228156847398663e-01	1.741741741741741833e+01
9.915721470157272677e-01	3.106990224255776201e-01	1.743743743743743835e+01
9.801001753372782233e-01	3.049630365863530423e-01	1.745745745745745836e+01
9.682077799907721216e-01	2.990168389131000470e-01	1.747747747747747837e+01
9.558991294174994380e-01	2.928625136264637052e-01	1.749749749749749839e+01
9.431785979743926296e-01	2.865022479049103010e-01	1.751751751751751840e+01
9.300507643999971208e-01	2.799383311177124911e-01	1.753753753753753841e+01
9.165204098950335831e-01	2.731731538652307778e-01	1.755755755755755843e+01
9.025925169456184838e-01	2.662092073905232281e-01	1.757757757757757844e+01
8.882722671399930769e-01	2.590490824877104692e-01	1.759759759759759845e+01
8.735650394081044823e-01	2.516954686217662274e-01	1.761761761761761846e+01
8.584764083575473492e-01	2.441511530964876331e-01	1.763763763763763848e+01
8.430121416916160904e-01	2.364190197635220592e-01	1.765765765765765849e+01
8.271781985977906260e-01	2.285020482166092715e-01	1.767767767767767850e+01
8.109807273043936338e-01	2.204033125699108309e-01	1.769769769769769852e+01
7.944260626323850216e-01	2.121259802339064970e-01	1.771771771771771853e+01
7.775207240647290519e-01	2.036733109500785122e-01	1.773773773773773854e+01
7.602714126866233491e-01	1.950486552610257440e-01	1.775775775775775855e+01
7.426850091189881597e-01	1.862554534772080939e-01	1.777777777777777857e+01
7.247685706941576766e-01	1.772972342647928523e-01	1.779779779779779858e+01
7.065293285703595494e-01	1.681776132028938164e-01	1.781781781781781859e+01
6.879746853828055952e-01	1.589002916091168394e-01	1.783783783783783861e+01
6.691122117641346012e-01	1.494690547997812868e-01	1.785785785785785862e+01
6.499496439604607323e-01	1.398877708979443801e-01	1.787787787787787863e+01
6.304948804185570577e-01	1.301603891269925983e-01	1.789789789789789864e+01
6.107559787537072404e-01	1.202909382945676620e-01	1.791791791791791866e+01
5.907411527971155873e-01	1.102835253162718354e-01	1.793793793793793867e+01
5.704587688598127260e-01	1.001423333476204047e-01	1.795795795795795868e+01
5.499173429951880188e-01	8.987162041530806500e-02	1.797797797797797870e+01
5.291255369891456617e-01	7.947571741228685871e-02	1.799799799799799871e+01
5.080921553977745253e-01	6.895902661660130439e-02	1.801801801801801872e+01
4.868261416746193504e-01	5.832601975502368225e-02	1.803803803803803874e+01
4.653365746525374158e-01	4.758123624398272189e-02	1.805805805805805875e+01
4.436326650125257953e-01	3.672928142397692552e-02	1.807807807807807876e+01
4.217237512057373516e-01	2.577482452058270715e-02	1.809809809809809877e+01
3.996192961104959029e-01	1.472259697296197933e-02	1.811811811811811879e+01
3.773288826621505887e-01	3.577390248789266702e-03	1.813813813813813880e+01
3.548622081849286958e-01	-7.566687888825046442e-03	1.815815815815815881e+01
3.322290426403722297e-01	-1.854839566086910474e-02	1.817817817817817883e+01
3.094391721610598167e-01	-2.936039142576908623e-02	1.819819819819819884e+01
2.865023882669633370e-01	-3.999871225260142465e-02	1.821821821821821885e+01
2.634284840685627849e-01	-5.045986633474800614e-02	1.823823823823823886e+01
2.402272511557148049e-01	-6.074081684322008012e-02	1.825825825825825888e+01
2.169084761074534518e-01	-7.083896275211311322e-02	1.827827827827827889e+01
1.934819376608592767e-01	-8.075212174712854962e-02	1.829829829829829890e+01
1.699574035318750509e-01	-9.047851090933990703e-02	1.831831831831831892e+01
1.463446277839299814e-01	-1.000167283838093724e-01	1.833833833833833893e+01
1.226533480176925373e-01	-1.093657351883858819e-01	1.835835835835835894e+01
9.889328276310897781e-02	-1.185248349596635525e-01	1.837837837837837895e+01
7.507412921503969772e-02	-1.274936580410776232e-01	1.839839839839839897e+01
5.120556046189513044e-02	-1.362721399195324090e-01	1.841841841841841898e+01
2.729722370521804262e-02	-1.448605054884048171e-01	1.843843843843843899e+01
3.358737689170783469e-03	-1.532592511409223146e-01	1.845845845845845901e+01
-2.060030942283580524e-02	-1.614691242035905250e-01	1.847847847847847902e+01
-4.457036159941345915e-02	-1.694911099650360797e-01	1.849849849849849903e+01
-6.854189751940031883e-02	-1.773264134249642743e-01	1.851851851851851904e+01
-9.250543231269672817e-02	-1.849764398132924259e-01	1.853853853853853906e+01
-1.164515188335454032e-01	-1.924427842440780689e-01	1.855855855855855907e+01
-1.403707502771831539e-01	-1.997272139568306570e-01	1.857857857857857908e+01
-1.642537616805024581e-01	-2.068316507811535643e-01	1.859859859859859910e+01
-1.880912309967923968e-01	-2.137581620047476205e-01	1.861861861861861911e+01
-2.118738816352652710e-01	-2.205089442818060352e-01	1.863863863863863912e+01
-2.355924838143574895e-01	-2.270863087391919166e-01	1.865865865865865914e+01
-2.592378556488523778e-01	-2.334926719992665989e-01	1.867867867867867915e+01
-2.828008654730032045e-01	-2.397305425927310496e-01	1.869869869869869916e+01
-3.062724331163699798e-01	-2.458025081621501851e-01	1.871871871871871917e+01
-3.296435310632056526e-01	-2.517112274128274207e-01	1.873873873873873919e+01
-3.529051866279172556e-01	-2.574594184199427982e-01	1.875875875875875920e+01
-3.760484831201093558e-01	-2.630498479940228118e-01	1.877877877877877921e+01
-3.990645611407470650e-01	-2.684853247586180824e-01	1.879879879879879923e+01
-4.219446206436727187e-01	-2.737686889711055116e-01	1.881881881881881924e+01
-4.446799219874786324e-01	-2.789028041953672266e-01	1.883883883883883925e+01
-4.672617874225119539e-01	-2.838905512483228533e-01	1.885885885885885926e+01
-4.896816030342150405e-01	-2.887348195436820752e-01	1.887887887887887928e+01
-5.119308197199384791e-01	-2.934385008573007769e-01	1.889889889889889929e+01
-5.340009548749965473e-01	-2.980044839880836016e-01	1.891891891891891930e+01
-5.558835942231942218e-01	-3.024356476942584582e-01	1.893893893893893932e+01
-5.775703927711279828e-01	-3.067348560788700218e-01	1.895895895895895933e+01
-5.990530766487456305e-01	-3.109049540385867560e-01	1.897897897897897934e+01
-6.203234448748824459e-01	-3.149487616937682311e-01	1.899899899899899935e+01
-6.413733703199923086e-01	-3.188690709473805951e-01	1.901901901901901937e+01
-6.621948016284291416e-01	-3.226686418460804617e-01	1.903903903903903938e+01
-6.827797650003424312e-01	-3.263501982952036196e-01	1.905905905905905939e+01
-7.031203651765187690e-01	-3.299164254471101954e-01	1.907907907907907941e+01
-7.232087873449424276e-01	-3.333699670339582699e-01	1.909909909909909942e+01
-7.430372990288404145e-01	-3.367134221684872641e-01	1.911911911911911943e+01
-7.625982511411222298e-01	-3.399493432800031467e-01	1.913913913913913944e+01
-7.818840797208143067e-01	-3.430802343893261108e-01	1.915915915915915946e+01
-8.008873079946218221e-01	-3.461085488586282399e-01	1.917917917917917947e+01
-8.196005476482011165e-01	-3.490366876667289620e-01	1.919919919919919948e+01
-8.380165001684098947e-01	-3.518669984775399384e-01	1.921921921921921950e+01
-8.561279590925285898e-01	-3.546017742160577635e-01	1.923923923923923951e+01
-8.739278116800838214e-01	-3.572432516965769467e-01	1.925925925925925952e+01
-8.914090397580931580e-01	-3.597936111384396618e-01	1.927927927927927954e+01
-9.085647220749906161e-01	-3.622549753971976982e-01	1.929929929929929955e+01
-9.253880361686587230e-01	-3.646294092245851437e-01	1.931931931931931956e+01
-9.418722595866005909e-01	-3.669189187449771183e-01	1.933933933933933957e+01
-9.580107713000455272e-01	-3.691254512872583216e-01	1.935935935935935959e+01
-9.737970539842734086e-01	-3.712508951530933410e-01	1.937937937937937960e+01
-9.892246959533023132e-01	-3.732970793162573298e-01	1.939939939939939961e+01
-1.004287391897047410e+00	-3.752657733312723676e-01	1.941941941941941963e+01
-1.018978944909874063e+00	-3.771586874605857287e-01	1.943943943943943964e+01
-1.033293268496350059e+00	-3.789774728002323623e-01	1.945945945945945965e+01
-1.047224388581064591e+00	-3.807237213303496515e-01	1.947947947947947966e+01
-1.060766444030229794e+00	-3.823989659488472581e-01	1.949949949949949968e+01
-1.073913688896147578e+00	-3.840046808688519220e-01	1.951951951951951969e+01
-1.086660494277759792e+00	-3.855422819415236235e-01	1.953953953953953970e+01
-1.099001350416372924e+00	-3.870131269222999992e-01	1.955955955955955972e+01
-1.110930867158306690e+00	-3.884185155405520118e-01	1.957957957957957973e+01
-1.122443776016975647e+00	-3.897596899866968556e-01	1.959959959959959974e+01
-1.133534932087415292e+00	-3.910378353748496516e-01	1.961961961961961975e+01
-1.144199316141100375e+00	-3.922540800721580623e-01	1.963963963963963977e+01
-1.154432035249627564e+00	-3.934094958132448028e-01	1.965965965965965978e+01
-1.164228324277068127e+00	-3.945050980612646585e-01	1.967967967967967979e+01
-1.173583548133772636e+00	-3.955418466067731065e-01	1.969969969969969981e+01
-1.182493203560262884e+00	-3.965206457838971188e-01	1.971971971971971982e+01
-1.190952920155448957e+00	-3.974423446395786708e-01	1.973973973973973983e+01
-1.198958461226329320e+00	-3.983077371038311054e-01	1.975975975975975985e+01
-1.206505726327619543e+00	-3.991175625854004316e-01	1.977977977977977986e+01
-1.213590752650197890e+00	-3.998725060305029499e-01	1.979979979979979987e+01
-1.220209716417016033e+00	-4.005731980427411631e-01	1.981981981981981988e+01
-1.226358933394088746e+00	-4.012202149404624496e-01	1.983983983983983990e+01
-1.232034861279307281e+00	-4.018140791355749863e-01	1.985985985985985991e+01
-1.237234100991898345e+00	-4.023552590796605766e-01	1.987987987987987992e+01
-1.241953398151550925e+00	-4.028441691829677818e-01	1.989989989989989994e+01
-1.246189643479663101e+00	-4.032811698074617035e-01	1.991991991991991995e+01
-1.249939874908394533e+00	-4.036665673454984393e-01	1.993993993993993996e+01
-1.253201278833589338e+00	-4.040006140005258373e-01	1.995995995995995997e+01
-1.255971191512861074e+00	-4.042835074295589859e-01	1.997997997997997999e+01
-1.258247099406061942e+00	-4.045153906999352511e-01	2.000000000000000000e+01
