displacement 	force 	time
0.000000000000000000e+00	0.000000000000000000e+00	0.000000000000000000e+00
4.279784370964920805e-07	4.279784259042237142e-07	4.004004004004003969e-02
6.838657878059656681e-06	6.838633879529862964e-06	8.008008008008007939e-02
3.456543258632084137e-05	3.456483828590331542e-05	1.201201201201201191e-01
1.090341241821414037e-04	1.090282378393032248e-04	1.601601601601601588e-01
2.656000876320269654e-04	2.655651710492800961e-04	2.002002002002001846e-01
5.493375486436930877e-04	5.491881982391109323e-04	2.402402402402402382e-01
1.014781949165357395e-03	1.014272377015547561e-03	2.802802802802802917e-01
1.725626504430706910e-03	1.724153339475463335e-03	3.203203203203203175e-01
2.754374198828516123e-03	2.750622269652458225e-03	3.603603603603603434e-01
4.181946693583234870e-03	4.173301824327832477e-03	4.004004004004003692e-01
6.097251897384901344e-03	6.078886859338009097e-03	4.404404404404404505e-01
8.596712243590095420e-03	8.560234632216535966e-03	4.804804804804804763e-01
1.178375602522512347e-02	1.171529106782252805e-02	5.205205205205205576e-01
1.576827446066320776e-02	1.564584278866751332e-02	5.605605605605605835e-01
2.066604749543144576e-02	2.045608898313247201e-02	6.006006006006006093e-01
2.659814161220366499e-02	2.625103259808792347e-02	6.406406406406406351e-01
3.369028344046074569e-02	3.313469770738119990e-02	6.806806806806806609e-01
4.207221308447609692e-02	4.120818738010039589e-02	7.207207207207206867e-01
5.187702147860079327e-02	5.056760537153087709e-02	7.607607607607607125e-01
6.324047646714037185e-02	6.130187482655358872e-02	8.008008008008007383e-01
7.630034229149233738e-02	7.349049601592651249e-02	8.408408408408408752e-01
9.119569727298064421e-02	8.720129414120761369e-02	8.808808808808809010e-01
1.080662548312520121e-01	1.024882175193976702e-01	9.209209209209209268e-01
1.270516925254762119e-01	1.193892519483219228e-01	9.609609609609609526e-01
1.482909940023010853e-01	1.379245226575795125e-01	1.001001001001001089e+00
1.719218083151120846e-01	1.580946566643751938e-01	1.041041041041041115e+00
1.980798305770183343e-01	1.798794767811005835e-01	1.081081081081081141e+00
2.268982074192733289e-01	2.032370941082753679e-01	1.121121121121121167e+00
2.585069704009670399e-01	2.281034577460199497e-01	1.161161161161161193e+00
2.930324993344332052e-01	2.543924080617007699e-01	1.201201201201201219e+00
3.305970171500129395e-01	2.819962648657131088e-01	1.241241241241241244e+00
3.713181167982386177e-01	3.107869637429342968e-01	1.281281281281281270e+00
4.153083198988423708e-01	3.406177341664659575e-01	1.321321321321321296e+00
4.626746660214900997e-01	3.713252921752650537e-01	1.361361361361361322e+00
5.135183306763422273e-01	4.027324995571537891e-01	1.401401401401401348e+00
5.679342693573250500e-01	4.346514218581609690e-01	1.441441441441441373e+00
6.260108843525167277e-01	4.668867002856393333e-01	1.481481481481481399e+00
6.878297105477173545e-01	4.992391386216236127e-01	1.521521521521521425e+00
7.534651161215587534e-01	5.315093963733876770e-01	1.561561561561561451e+00
8.229840138666854044e-01	5.635016742863858674e-01	1.601601601601601477e+00
8.964455788845977491e-01	5.950272783336196802e-01	1.641641641641641725e+00
9.739009686053204939e-01	6.259079531995951351e-01	1.681681681681681750e+00
1.055393041426021083e+00	6.559788862688236133e-01	1.721721721721721776e+00
1.140956070871588679e+00	6.850912964199747934e-01	1.761761761761761802e+00
1.230615452597955128e+00	7.131145410790342698e-01	1.801801801801801828e+00
1.324387402572515304e+00	7.399376931472678720e-01	1.841841841841841854e+00
1.422278645553800347e+00	7.654705617084327507e-01	1.881881881881881879e+00
1.524286093579611645e+00	7.896441521791787155e-01	1.921921921921921905e+00
1.630396515188241358e+00	8.124105836518450419e-01	1.961961961961961931e+00
1.740586197322957052e+00	8.337424961189245920e-01	2.002002002002002179e+00
1.854820601610102759e+00	8.536320035241115045e-01	2.042042042042042205e+00
1.973054018700739043e+00	8.720892540503784041e-01	2.082082082082082231e+00
2.095229223569239352e+00	8.891406762881368664e-01	2.122122122122122256e+00
2.221277136298956734e+00	9.048269874755219266e-01	2.162162162162162282e+00
2.351116492271263070e+00	9.192010495572884299e-01	2.202202202202202308e+00
2.484653526329553053e+00	9.323256499192645874e-01	2.242242242242242334e+00
2.621781675525840516e+00	9.442712821480641061e-01	2.282282282282282360e+00
2.762381304618158229e+00	9.551139945779553164e-01	2.322322322322322385e+00
2.906319458691267510e+00	9.649333610954935470e-01	2.362362362362362411e+00
3.053449646843364729e+00	9.738106204791773246e-01	2.402402402402402437e+00
3.203611660352660984e+00	9.818270187491828782e-01	2.442442442442442463e+00
3.356631428612358192e+00	9.890623744795054018e-01	2.482482482482482489e+00
3.512320915547707756e+00	9.955938784861846358e-01	2.522522522522522515e+00
3.670478058605994853e+00	1.001495129858121391e+00	2.562562562562562540e+00
3.830886752293757969e+00	1.006835398130003556e+00	2.602602602602602566e+00
3.993316877452838476e+00	1.011679098755048134e+00	2.642642642642642592e+00
4.157524377178059005e+00	1.016085461997389139e+00	2.682682682682682618e+00
4.323251379998199972e+00	1.020108370039729095e+00	2.722722722722722644e+00
4.490226370236533704e+00	1.023796340663766236e+00	2.762762762762762669e+00
4.658164405653883122e+00	1.027192627598562780e+00	2.802802802802802695e+00
4.826767381648092936e+00	1.030335417181701629e+00	2.842842842842842721e+00
4.995724341490846321e+00	1.033258093745784922e+00	2.882882882882882747e+00
5.164711831762210714e+00	1.035989555942660623e+00	2.922922922922922773e+00
5.333394301622306877e+00	1.038554563890106586e+00	2.962962962962962798e+00
5.501424545156541335e+00	1.040974101202954749e+00	3.003003003003002824e+00
5.668444185257863310e+00	1.043265740486396531e+00	3.043043043043042850e+00
5.834084197689255902e+00	1.045444001187565419e+00	3.083083083083082876e+00
5.997965473867525432e+00	1.047520692286931787e+00	3.123123123123122902e+00
6.159699420987537088e+00	1.049505234762854844e+00	3.163163163163162928e+00
6.318888597884190439e+00	1.051404960287426027e+00	3.203203203203202953e+00
6.475127385017006354e+00	1.053225384229609318e+00	3.243243243243243423e+00
6.628002686990274839e+00	1.054970452340874498e+00	3.283283283283283449e+00
6.777094666035080373e+00	1.056642761476863424e+00	3.323323323323323475e+00
6.921977504774081247e+00	1.058243755398648567e+00	3.363363363363363501e+00
7.062220196291266738e+00	1.059773897169068002e+00	3.403403403403403527e+00
7.197387359576686627e+00	1.061232820038397584e+00	3.443443443443443552e+00
7.327040080544557021e+00	1.062619459012994927e+00	3.483483483483483578e+00
7.450736775033174553e+00	1.063932164498597510e+00	3.523523523523523604e+00
7.568034070025297488e+00	1.065168800510948310e+00	3.563563563563563630e+00
7.678487703471126302e+00	1.066326829656464525e+00	3.603603603603603656e+00
7.781653449249318122e+00	1.067403386106205998e+00	3.643643643643643681e+00
7.877088042864363260e+00	1.068395337714128646e+00	3.683683683683683707e+00
7.964350128748337809e+00	1.069299340068034621e+00	3.723723723723723733e+00
8.043001224171446140e+00	1.070111882577460261e+00	3.763763763763763759e+00
8.112606674282313080e+00	1.070829327550966159e+00	3.803803803803803785e+00
8.172736632170952475e+00	1.071447944179772627e+00	3.843843843843843811e+00
8.222967038776889837e+00	1.071963937068811878e+00	3.883883883883883836e+00
8.262880593690026032e+00	1.072373470096693593e+00	3.923923923923923862e+00
8.292067746806376149e+00	1.072672686443851831e+00	3.963963963963963888e+00
8.310127676885517900e+00	1.072857724240868338e+00	4.004004004004004358e+00
8.316669260488973592e+00	1.072924728102284453e+00	4.044044044044044384e+00
8.311312686853478127e+00	1.067550327047623426e+00	4.084084084084084409e+00
8.293698651361893326e+00	1.049936291556039292e+00	4.124124124124124435e+00
8.263498846012058863e+00	1.019736486206205939e+00	4.164164164164164461e+00
8.220418313908753660e+00	9.766559541028997371e-01	4.204204204204204487e+00
8.164196764578187882e+00	9.204344047723345135e-01	4.244244244244244513e+00
8.094609817110049121e+00	8.508474573041941991e-01	4.284284284284284539e+00
8.011470165962171208e+00	7.677078061563175071e-01	4.324324324324324564e+00
7.914628666864561346e+00	6.708663070587078670e-01	4.364364364364364590e+00
7.803975338973352827e+00	5.602129791674990145e-01	4.404404404404404616e+00
7.679440279872784991e+00	4.356779200669315122e-01	4.444444444444444642e+00
7.540994490109413917e+00	2.972321303035609374e-01	4.484484484484484668e+00
7.388650604589957815e+00	1.448882447841048915e-01	4.524524524524524693e+00
7.222463350828700612e+00	-1.701736730755622207e-02	4.564564564564564719e+00
7.042520071116267211e+00	-1.671557986082672365e-01	4.604604604604604745e+00
6.848913841044218742e+00	-3.015309229920898337e-01	4.644644644644644771e+00
6.641734702330197138e+00	-4.196170681454982065e-01	4.684684684684684797e+00
6.421069444867034903e+00	-5.216164186792979773e-01	4.724724724724724823e+00
6.187002583715692339e+00	-6.083043690916088986e-01	4.764764764764764848e+00
5.939618211167184469e+00	-6.808710318111440563e-01	4.804804804804804874e+00
5.679002466835719964e+00	-7.407716438997600239e-01	4.844844844844844900e+00
5.405246383565545543e+00	-7.895948067403751880e-01	4.884884884884884926e+00
5.118448896016110972e+00	-8.289538249496596345e-01	4.924924924924924952e+00
4.818719836244795829e+00	-8.604032086688466752e-01	4.964964964964964977e+00
4.506182781302947582e+00	-8.853798485613912916e-01	5.005005005005005003e+00
4.180977657708382367e+00	-9.051665315068148088e-01	5.045045045045045029e+00
3.843263043706172777e+00	-9.208743171430557872e-01	5.085085085085085055e+00
3.493218140651226378e+00	-9.334397612674503186e-01	5.125125125125125081e+00
3.131044408816885838e+00	-9.436329370032331409e-01	5.165165165165165106e+00
2.756966880316229052e+00	-9.520725280090929221e-01	5.205205205205205132e+00
2.371235173304762966e+00	-9.592448296591882251e-01	5.245245245245245158e+00
1.974124237920780622e+00	-9.655241562921637044e-01	5.285285285285285184e+00
1.565934866778282641e+00	-9.711928375732471475e-01	5.325325325325325210e+00
1.146994002185359296e+00	-9.764596072161748630e-01	5.365365365365365236e+00
7.176548697435279900e-01	-9.814757126098533346e-01	5.405405405405405261e+00
2.782969643765481615e-01	-9.863484799689831162e-01	5.445445445445445287e+00
-1.706740891990690123e-01	-9.911523585909775003e-01	5.485485485485485313e+00
-6.288267835550268581e-01	-9.959376482751651771e-01	5.525525525525525339e+00
-1.095704068816427679e+00	-1.000737217297534620e+00	5.565565565565565365e+00
-1.570823774917444071e+00	-1.005571549222120220e+00	5.605605605605605390e+00
-2.053679107261894288e+00	-1.010452451584551659e+00	5.645645645645645416e+00
-2.543739209288607306e+00	-1.015385726611381267e+00	5.685685685685685442e+00
-3.040449787041762164e+00	-1.020373057922796534e+00	5.725725725725725468e+00
-3.543233791806879029e+00	-1.025413321640057163e+00	5.765765765765765494e+00
-4.051492158373974917e+00	-1.030503482425490613e+00	5.805805805805805520e+00
-4.564604595816065036e+00	-1.035639198146314000e+00	5.845845845845845545e+00
-5.081930429586734022e+00	-1.040815222244656502e+00	5.885885885885885571e+00
-5.602809492738495045e+00	-1.046025670199762780e+00	5.925925925925925597e+00
-6.126563064761342936e+00	-1.051264194486249748e+00	5.965965965965965623e+00
-6.652494856325905204e+00	-1.056524099750159928e+00	6.006006006006005649e+00
-7.179892038724513981e+00	-1.061798419435936447e+00	6.046046046046045674e+00
-7.708026315994858102e+00	-1.067079967765116599e+00	6.086086086086085700e+00
-8.236155039839859526e+00	-1.072361376208821104e+00	6.126126126126125726e+00
-8.763522358332549445e+00	-1.077635120750508602e+00	6.166166166166165752e+00
-9.289360410005302882e+00	-1.082893543317687168e+00	6.206206206206205778e+00
-9.812890552979133929e+00	-1.088128869523339759e+00	6.246246246246245803e+00
-1.033332461659320600e+01	-1.093333224758733291e+00	6.286286286286285829e+00
-1.084986619966491439e+01	-1.098498649225531976e+00	6.326326326326325855e+00
-1.136171199630762985e+01	-1.103617112308257209e+00	6.366366366366365881e+00
-1.186805313228219738e+01	-1.108680526707173319e+00	6.406406406406405907e+00
-1.236807655136755457e+01	-1.113680762714474470e+00	6.446446446446446821e+00
-1.286096641339844204e+01	-1.118609662423903472e+00	6.486486486486486847e+00
-1.334590549836861229e+01	-1.123459053930347507e+00	6.526526526526526872e+00
-1.382207666015457193e+01	-1.128220765947354653e+00	6.566566566566566898e+00
-1.428866427297578312e+01	-1.132886642319413273e+00	6.606606606606606924e+00
-1.474485568474301367e+01	-1.137448556587351556e+00	6.646646646646646950e+00
-1.518984271470712244e+01	-1.141898426980420211e+00	6.686686686686686976e+00
-1.562282311995583584e+01	-1.146228231091450889e+00	6.726726726726727001e+00
-1.604300208690507290e+01	-1.150430020798031139e+00	6.766766766766767027e+00
-1.644959373723351703e+01	-1.154495937325042076e+00	6.806806806806807053e+00
-1.684182259473672261e+01	-1.158418225915414101e+00	6.846846846846847079e+00
-1.721892509620147038e+01	-1.162189250940100838e+00	6.886886886886887105e+00
-1.758015106801533989e+01	-1.165801510664882468e+00	6.926926926926927131e+00
-1.792476518651211137e+01	-1.169247651854301351e+00	6.966966966966967156e+00
-1.825204846949131721e+01	-1.172520484687113562e+00	7.007007007007007182e+00
-1.856129969556113579e+01	-1.175612996949886302e+00	7.047047047047047208e+00
-1.885183685690533650e+01	-1.178518368564771990e+00	7.087087087087087234e+00
-1.912299857046958351e+01	-1.181229985701431229e+00	7.127127127127127260e+00
-1.937414545035271018e+01	-1.183741454500987444e+00	7.167167167167167285e+00
-1.960466150583066280e+01	-1.186046615056289832e+00	7.207207207207207311e+00
-1.981395544360123040e+01	-1.188139554434376466e+00	7.247247247247247337e+00
-2.000146200311299438e+01	-1.190014620029773651e+00	7.287287287287287363e+00
-2.016664321919745007e+01	-1.191666432190824798e+00	7.327327327327327389e+00
-2.030898965409230428e+01	-1.193089896539925920e+00	7.367367367367367414e+00
-2.042802161990978149e+01	-1.194280216198212674e+00	7.407407407407407440e+00
-2.052329030394215437e+01	-1.195232903038616623e+00	7.447447447447447466e+00
-2.059437892594856478e+01	-1.195943789258736123e+00	7.487487487487487492e+00
-2.064090376760515966e+01	-1.196409037675336240e+00	7.527527527527527518e+00
-2.066251522954375375e+01	-1.196625152294737315e+00	7.567567567567567544e+00
-2.065889906466396297e+01	-1.191405469531930716e+00	7.607607607607607569e+00
-2.062978809433118954e+01	-1.162294499199159503e+00	7.647647647647647595e+00
-2.057498677709980939e+01	-1.107493181967780016e+00	7.687687687687687621e+00
-2.049437771100238237e+01	-1.026884115870349001e+00	7.727727727727727647e+00
-2.038792243320924769e+01	-9.204288380772146505e-01	7.767767767767767673e+00
-2.025566200606689193e+01	-7.881684109348581213e-01	7.807807807807807698e+00
-2.009771741447777060e+01	-6.302238193457393445e-01	7.847847847847847724e+00
-1.991428977344056150e+01	-4.467961783085316330e-01	7.887887887887887750e+00
-1.970566034354757434e+01	-2.381667484155448877e-01	7.927927927927927776e+00
-1.947218885193824534e+01	-2.181972867712059228e-02	7.967967967967967802e+00
-1.921428309377085597e+01	1.665117772485423808e-01	8.008008008008008716e+00
-1.893235164664320891e+01	3.244366221183430099e-01	8.048048048048048742e+00
-1.862679529545435386e+01	4.528797647335126575e-01	8.088088088088088767e+00
-1.829800876228040352e+01	5.544776138924422115e-01	8.128128128128128793e+00
-1.794638510327093428e+01	6.328613166896995823e-01	8.168168168168168819e+00
-1.757232162163624523e+01	6.920483608647062246e-01	8.208208208208208845e+00
-1.717622632197025467e+01	7.359850287768255894e-01	8.248248248248248871e+00
-1.675852417182641219e+01	7.682465505545535978e-01	8.288288288288288896e+00
-1.631966268852551849e+01	7.918773332225831352e-01	8.328328328328328922e+00
-1.586011659363254189e+01	8.093405861709486171e-01	8.368368368368368948e+00
-1.538039145325751456e+01	8.225430558379330792e-01	8.408408408408408974e+00
-1.488102634335018948e+01	8.329034962810466514e-01	8.448448448448449000e+00
-1.436259564998342775e+01	8.414399663654199557e-01	8.488488488488489025e+00
-1.382571014544382493e+01	8.488586045279506997e-01	8.528528528528529051e+00
-1.327101748381752877e+01	8.556335230521356916e-01	8.568568568568569077e+00
-1.269920224584017987e+01	8.620729952726553513e-01	8.608608608608609103e+00
-1.211098564099173558e+01	8.683709322460948510e-01	8.648648648648649129e+00
-1.150712495125923596e+01	8.746448992620983187e-01	8.688688688688689155e+00
-1.088841277941288510e+01	8.809629792087170230e-01	8.728728728728729180e+00
-1.025567614671782124e+01	8.873620315450295726e-01	8.768768768768769206e+00
-9.609775471117835366e+00	8.938596773717411015e-01	8.808808808808809232e+00
-8.951603446921607699e+00	9.004619240023955529e-01	8.848848848848849258e+00
-8.282083839963886973e+00	9.071678773291643738e-01	8.888888888888889284e+00
-7.602170207668761392e+00	9.139725805773869505e-01	8.928928928928929309e+00
-6.912844550170620828e+00	9.208686848952303272e-01	8.968968968968969335e+00
-6.215115897792828470e+00	9.278474127989433384e-01	9.009009009009009361e+00
-5.510018837282823156e+00	9.348991059833579031e-01	9.049049049049049387e+00
-4.798611981123776182e+00	9.420135337408118703e-01	9.089089089089089413e+00
-4.081976381807134402e+00	9.491800669843657445e-01	9.129129129129129439e+00
-3.361213893656262108e+00	9.563877787704619937e-01	9.169169169169169464e+00
-2.637445485775013143e+00	9.636255052182403080e-01	9.209209209209209490e+00
-1.911809507877903158e+00	9.708818855830384509e-01	9.249249249249249516e+00
-1.185459910252687266e+00	9.781453915395782461e-01	9.289289289289289542e+00
-4.595644243168489629e-01	9.854043512276583483e-01	9.329329329329329568e+00
2.646972958553922561e-01	9.926469707630409811e-01	9.369369369369369593e+00
9.861355684455850312e-01	9.998613546172014921e-01	9.409409409409409619e+00
1.703552610694012426e+00	1.007035525586049474e+00	9.449449449449449645e+00
2.415744495843406892e+00	1.014157444702870281e+00	9.489489489489489671e+00
3.121503135935194351e+00	1.021215031233162707e+00	9.529529529529529697e+00
3.819618288116364280e+00	1.028196182818380766e+00	9.569569569569569722e+00
4.508879580412036070e+00	1.035088795772604042e+00	9.609609609609609748e+00
5.188078553491903833e+00	1.041880785518934704e+00	9.649649649649649774e+00
5.856010715706848835e+00	1.048560107148867715e+00	9.689689689689689800e+00
6.511477609188836446e+00	1.055114776087629158e+00	9.729729729729729826e+00
7.153288879932755862e+00	1.061532888797085850e+00	9.769769769769769852e+00
7.780264352366186742e+00	1.067802643522464345e+00	9.809809809809809877e+00
8.391236097668187455e+00	1.073912360976031488e+00	9.849849849849849903e+00
8.985050503458552384e+00	1.079850505034226194e+00	9.889889889889889929e+00
9.560570335315832224e+00	1.085605703352956253e+00	9.929929929929929955e+00
1.011667678334573850e+01	1.091166767833341655e+00	9.969969969969969981e+00
1.065227148747333707e+01	1.096522714874665461e+00	1.001001001001001001e+01
1.116627855665121949e+01	1.101662785566471570e+00	1.005005005005005003e+01
1.165764655984614251e+01	1.106576465598436476e+00	1.009009009009009006e+01
1.212535048391928605e+01	1.111253504839177175e+00	1.013013013013013008e+01
1.256839366528996038e+01	1.115683936652889674e+00	1.017017017017017011e+01
1.298580969977338917e+01	1.119858096997727426e+00	1.021021021021021014e+01
1.337666429861548067e+01	1.123766642986150366e+00	1.025025025025025016e+01
1.374005710397508473e+01	1.127400571039747668e+00	1.029029029029029019e+01
1.407512348270719293e+01	1.130751234827069629e+00	1.033033033033033021e+01
1.438103624810915271e+01	1.133810362481089795e+00	1.037037037037037024e+01
1.465700733355778773e+01	1.136570073335576581e+00	1.041041041041041026e+01
1.490228943721715815e+01	1.139022894372170525e+00	1.045045045045045029e+01
1.511617757532536999e+01	1.141161775753252838e+00	1.049049049049049032e+01
1.529801059438737454e+01	1.142980105943873115e+00	1.053053053053053034e+01
1.544717263032124244e+01	1.144471726303211812e+00	1.057057057057057037e+01
1.556309446580721279e+01	1.145630944658071471e+00	1.061061061061061039e+01
1.564525486197885762e+01	1.146452548619788070e+00	1.065065065065065042e+01
1.569318179063726504e+01	1.146931817906372109e+00	1.069069069069069045e+01
1.570645359397774854e+01	1.146817136675621018e+00	1.073073073073073047e+01
1.568470371907092975e+01	1.125067261768801785e+00	1.077077077077077050e+01
1.562765032480669269e+01	1.068013867504565173e+00	1.081081081081081052e+01
1.553511935022675772e+01	9.754828929246291969e-01	1.085085085085085055e+01
1.540704679941967825e+01	8.474103421175508410e-01	1.089089089089089057e+01
1.524347937625177174e+01	6.838429189496448846e-01	1.093093093093093060e+01
1.504457485591607657e+01	4.849383986139506053e-01	1.097097097097097063e+01
1.481060219162797154e+01	2.509657343258462903e-01	1.101101101101101065e+01
1.454194075312627632e+01	-4.966641211399447364e-03	1.105105105105105068e+01
1.423905163858314182e+01	-2.274026097833565518e-01	1.109109109109109070e+01
1.390240632123223818e+01	-4.080476958756538153e-01	1.113113113113113073e+01
1.353246585984591910e+01	-5.487113833000117902e-01	1.117117117117117076e+01
1.312968385111504510e+01	-6.541791667027440083e-01	1.121121121121121078e+01
1.269451416732597515e+01	-7.306961639436736489e-01	1.125125125125125081e+01
1.222742094386854284e+01	-7.847604949559328080e-01	1.129129129129129083e+01
1.172888888803627161e+01	-8.223161929892518485e-01	1.133133133133133086e+01
1.119943261313342475e+01	-8.483268418526073162e-01	1.137137137137137088e+01
1.063960430803356871e+01	-8.666482280553249318e-01	1.141141141141141091e+01
1.004999953091638076e+01	-8.800972660771380074e-01	1.145145145145145094e+01
9.431261232114140469e+00	-8.906228507991165166e-01	1.149149149149149096e+01
8.784082277010897499e+00	-8.995077880286092009e-01	1.153153153153153099e+01
8.109206792331960401e+00	-9.075577920993089798e-01	1.157157157157157101e+01
7.407430640415965328e+00	-9.152564237210319975e-01	1.161161161161161104e+01
6.679601272614593910e+00	-9.228807591947216782e-01	1.165165165165165106e+01
5.926617150515921750e+00	-9.305816013077472526e-01	1.169169169169169109e+01
5.149426866832284233e+00	-9.384357530740945474e-01	1.173173173173173112e+01
4.349028052805769207e+00	-9.464782887886091789e-01	1.177177177177177114e+01
3.526466126619697050e+00	-9.547215310399180810e-01	1.181181181181181117e+01
2.682832915774182148e+00	-9.631657315149576570e-01	1.185185185185185119e+01
1.819265172903732797e+00	-9.718048439535220684e-01	1.189189189189189122e+01
9.369429966277371680e-01	-9.806295336292386589e-01	1.193193193193193125e+01
3.708816458759922607e-02	-9.896286969615991636e-01	1.197197197197197127e+01
-8.790376164959142757e-01	-9.987902075670597180e-01	1.201201201201201130e+01
-1.810134540377857260e+00	-1.008101278939406598e+00	1.205205205205205132e+01
-2.754866606408612029e+00	-1.017548640215847122e+00	1.209209209209209135e+01
-3.711863598305392919e+00	-1.027118626055035122e+00	1.213213213213213137e+01
-4.679723132939852981e+00	-1.036797227555225964e+00	1.217217217217217140e+01
-5.657012775521732095e+00	-1.046570126330108375e+00	1.221221221221221143e+01
-6.642272218686133378e+00	-1.056422721651111729e+00	1.225225225225225145e+01
-7.634015523987217833e+00	-1.066340155039811721e+00	1.229229229229229148e+01
-8.630733418305487348e+00	-1.076307334109296132e+00	1.233233233233233150e+01
-9.630895646211772743e+00	-1.086308956434892670e+00	1.237237237237237153e+01
-1.063295336586366524e+01	-1.096329533648500609e+00	1.241241241241241156e+01
-1.163534159905115040e+01	-1.106353415986736977e+00	1.245245245245245158e+01
-1.263648172294503524e+01	-1.116364817228068018e+00	1.249249249249249161e+01
-1.363478399715319611e+01	-1.126347839971017839e+00	1.253253253253253163e+01
-1.462865011692642803e+01	-1.136286501169069707e+00	1.257257257257257166e+01
-1.561647581610688107e+01	-1.146164758160995945e+00	1.261261261261261168e+01
-1.659665348572006494e+01	-1.155966534857173267e+00	1.265265265265265171e+01
-1.756757480549562089e+01	-1.165675748054945560e+00	1.269269269269269174e+01
-1.852763340331636854e+01	-1.175276334033159564e+00	1.273273273273273176e+01
-1.947522753774513049e+01	-1.184752275377449759e+00	1.277277277277277179e+01
-2.040876276576205228e+01	-1.194087627657619777e+00	1.281281281281281181e+01
-2.132665462182445282e+01	-1.203266546218244359e+00	1.285285285285285362e+01
-2.222733132193298644e+01	-1.212273313219329740e+00	1.289289289289289364e+01
-2.310923642559500379e+01	-1.221092364255949914e+00	1.293293293293293367e+01
-2.397083150112898409e+01	-1.229708315011289743e+00	1.297297297297297369e+01
-2.481059880611805113e+01	-1.238105988061180440e+00	1.301301301301301372e+01
-2.562704389788770598e+01	-1.246270438978877015e+00	1.305305305305305374e+01
-2.641869825709706632e+01	-1.254186982570970610e+00	1.309309309309309377e+01
-2.718412189240586230e+01	-1.261841218924058650e+00	1.313313313313313380e+01
-2.792190585952229398e+01	-1.269219058595222993e+00	1.317317317317317382e+01
-2.863067481315379581e+01	-1.276306748131537994e+00	1.321321321321321385e+01
-2.930908947751319005e+01	-1.283090894775131829e+00	1.325325325325325387e+01
-2.995584905322452940e+01	-1.289558490532245250e+00	1.329329329329329390e+01
-3.056969364719810400e+01	-1.295696936471981031e+00	1.333333333333333393e+01
-3.114940655572464223e+01	-1.301494065557246449e+00	1.337337337337337395e+01
-3.169381656327362506e+01	-1.306938165632736126e+00	1.341341341341341398e+01
-3.220180015346644353e+01	-1.312018001534664524e+00	1.345345345345345400e+01
-3.267228361891096000e+01	-1.316722836189109680e+00	1.349349349349349403e+01
-3.310424518844705943e+01	-1.321042451884470559e+00	1.353353353353353405e+01
-3.349671696460256953e+01	-1.324967169646025678e+00	1.357357357357357408e+01
-3.384878689588104095e+01	-1.328487868958810436e+00	1.361361361361361411e+01
-3.415960058493478613e+01	-1.331596005849347897e+00	1.365365365365365413e+01
-3.442836304964324512e+01	-1.334283630496432504e+00	1.369369369369369416e+01
-3.465434040325462206e+01	-1.336543404032546345e+00	1.373373373373373418e+01
-3.483686139480536781e+01	-1.338368613948053731e+00	1.377377377377377421e+01
-3.497531893711273909e+01	-1.339753189371127418e+00	1.381381381381381424e+01
-3.506917142798060638e+01	-1.340691714279806046e+00	1.385385385385385426e+01
-3.511794409516674165e+01	-1.341179440951667523e+00	1.389389389389389429e+01
-3.512123021636392650e+01	-1.337069484481236303e+00	1.393393393393393431e+01
-3.507870428897609116e+01	-1.294543557093400965e+00	1.397397397397397434e+01
-3.499016623761175993e+01	-1.206005505729072613e+00	1.401401401401401436e+01
-3.485555911691553632e+01	-1.071398385032848566e+00	1.405405405405405439e+01
-3.467496997285594773e+01	-8.908092409732608630e-01	1.409409409409409442e+01
-3.444863003709759397e+01	-6.644693052149062140e-01	1.413413413413413444e+01
-3.417691457795226739e+01	-3.927538460695787492e-01	1.417417417417417447e+01
-3.386033952495861854e+01	-1.080800478343824922e-01	1.421421421421421449e+01
-3.349950527850653259e+01	1.255779233842448384e-01	1.425425425425425452e+01
-3.309501168024696938e+01	3.057554716233302217e-01	1.429429429429429455e+01
-3.264744527114245898e+01	4.377062009181978963e-01	1.433433433433433457e+01
-3.215738755550967198e+01	5.300912168710187888e-01	1.437437437437437460e+01
-3.162542863290721229e+01	5.924804479677824309e-01	1.441441441441441462e+01
-3.105218221752102892e+01	6.336695582543359073e-01	1.445445445445445465e+01
-3.043829934692959682e+01	6.608233110799934806e-01	1.449449449449449467e+01
-2.978447938940276174e+01	6.792611112168615017e-01	1.453453453453453470e+01
-2.909147798387557771e+01	6.926372327833573150e-01	1.457457457457457473e+01
-2.836011218381189281e+01	7.032957762151521575e-01	1.461461461461461475e+01
-2.759126336413963188e+01	7.126489346625912713e-01	1.465465465465465478e+01
-2.678587849529349185e+01	7.214983570198247875e-01	1.469469469469469480e+01
-2.594497030228033196e+01	7.302730203229270689e-01	1.473473473473473483e+01
-2.506961669537648874e+01	7.391882877996134305e-01	1.477477477477477485e+01
-2.416095973331740865e+01	7.483438304097664862e-01	1.481481481481481488e+01
-2.322020428136764281e+01	7.577797784384799895e-01	1.485485485485485491e+01
-2.224861645891427031e+01	7.675069551279342095e-01	1.489489489489489493e+01
-2.124752192893033254e+01	7.775222523763972715e-01	1.493493493493493496e+01
-2.021830405730041846e+01	7.878160560699615234e-01	1.497497497497497498e+01
-1.916240195713875849e+01	7.983756661394056930e-01	1.501501501501501501e+01
-1.808130842607705802e+01	8.091868090884501985e-01	1.505505505505505504e+01
-1.697656778303172587e+01	8.202342868406165000e-01	1.509509509509509506e+01
-1.584977360731728879e+01	8.315022524651582980e-01	1.513513513513513509e+01
-1.470256638500751656e+01	8.429743324692196005e-01	1.517517517517517511e+01
-1.353663106505049640e+01	8.546336881864743384e-01	1.521521521521521514e+01
-1.235369452726366468e+01	8.664630543744407110e-01	1.525525525525525516e+01
-1.115552297326335918e+01	8.784447701520683438e-01	1.529529529529529519e+01
-9.943919239917265784e+00	8.905608075636872734e-01	1.533533533533533522e+01
-8.720720023814635624e+00	9.027927997509614944e-01	1.537537537537537524e+01
-7.487793052424957629e+00	9.151220694724609972e-01	1.541541541541541527e+01
-6.247034188895984386e+00	9.275296581100308524e-01	1.545545545545545529e+01
-5.000364464071243908e+00	9.399963553589840703e-01	1.549549549549549532e+01
-3.749727057618640558e+00	9.525027294237249365e-01	1.553553553553553535e+01
-2.497084231511998542e+00	9.650291576848544217e-01	1.557557557557557537e+01
-1.244414211217121702e+00	9.775558578878212890e-01	1.561561561561561540e+01
6.291972648962640413e-03	9.900629197264874115e-01	1.565565565565565542e+01
1.253033680952935214e+00	1.002530336809528855e+00	1.569569569569569545e+01
2.493803894965747059e+00	1.014938038949657173e+00	1.573573573573573547e+01
3.726592470627824838e+00	1.027265924706278311e+00	1.577577577577577550e+01
4.949389415277318349e+00	1.039493894152773157e+00	1.581581581581581553e+01
6.160188180418986192e+00	1.051601881804189897e+00	1.585585585585585555e+01
7.356988965500301347e+00	1.063569889655002987e+00	1.589589589589589558e+01
8.537802026373183750e+00	1.075378020263731749e+00	1.593593593593593560e+01
9.700650983170659103e+00	1.087006509831706547e+00	1.597597597597597563e+01
1.084357612403255899e+01	1.098435761240325492e+00	1.601601601601601743e+01
1.196463769953099998e+01	1.109646376995309991e+00	1.605605605605605746e+01
1.306191919685936043e+01	1.120619191968593498e+00	1.609609609609609748e+01
1.413353059321568850e+01	1.131335305932156921e+00	1.613613613613613751e+01
1.517761157692919305e+01	1.141776115769291833e+00	1.617617617617617753e+01
1.619233474978118537e+01	1.151923347497811889e+00	1.621621621621621756e+01
1.717590877923836246e+01	1.161759087792383571e+00	1.625625625625625759e+01
1.812658150307883176e+01	1.171265815030788193e+00	1.629629629629629761e+01
1.904264299142340633e+01	1.180426429914233966e+00	1.633633633633633764e+01
1.992242856463872158e+01	1.189224285646387269e+00	1.637637637637637766e+01
2.076432173276165827e+01	1.197643217327616583e+00	1.641641641641641769e+01
2.156675706713582841e+01	1.205667570671358213e+00	1.645645645645645772e+01
2.232822303507697725e+01	1.213282230350769764e+00	1.649649649649649774e+01
2.304726472636652446e+01	1.220472647263665333e+00	1.653653653653653777e+01
2.372248649654793340e+01	1.227224864965479334e+00	1.657657657657657779e+01
2.435255456923734485e+01	1.233525545692373493e+00	1.661661661661661782e+01
2.493619949881157183e+01	1.239361994988115612e+00	1.665665665665665784e+01
2.547221855694983361e+01	1.244722185569498318e+00	1.669669669669669787e+01
2.595947805167593003e+01	1.249594780516759318e+00	1.673673673673673790e+01
2.639691547902735991e+01	1.253969154790273599e+00	1.677677677677677792e+01
2.678354163557946777e+01	1.257835416355794766e+00	1.681681681681681795e+01
2.711844258520667594e+01	1.261184425852066804e+00	1.685685685685685797e+01
2.740078149529630736e+01	1.264007814952962994e+00	1.689689689689689800e+01
2.762980041929906250e+01	1.266298004192990545e+00	1.693693693693693803e+01
2.780482186687370216e+01	1.268048218668736959e+00	1.697697697697697805e+01
2.792525034290667918e+01	1.269252503429066703e+00	1.701701701701701808e+01
2.799057368548176328e+01	1.269905736854817668e+00	1.705705705705705810e+01
2.800036435695600190e+01	1.267100983008990100e+00	1.709709709709709813e+01
2.795429168547567400e+01	1.221028311528658650e+00	1.713713713713713815e+01
2.785217418520383958e+01	1.118910811256825566e+00	1.717717717717717818e+01
2.769400554463647879e+01	9.607421706894647695e-01	1.721721721721721821e+01
2.747995574172325206e+01	7.466923677762389300e-01	1.725725725725725823e+01
2.721037096880642991e+01	4.771075948594135641e-01	1.729729729729729826e+01
2.688577303413143937e+01	1.590863211812421629e-01	1.733733733733733828e+01
2.650683428343764447e+01	-1.223381298861893618e-01	1.737737737737737831e+01
2.607426694339071105e+01	-3.382698480992960555e-01	1.741741741741741833e+01
2.558876810392238355e+01	-4.935024776576833472e-01	1.745745745745745836e+01
2.505102566010320686e+01	-5.989578781358190218e-01	1.749749749749749839e+01
2.446173529480503817e+01	-6.674266991095012536e-01	1.753753753753753841e+01
2.382162042285682446e+01	-7.106829365900277917e-01	1.757757757757757844e+01
2.313145047984436431e+01	-7.380737908800257818e-01	1.761761761761761846e+01
2.239205525818723785e+01	-7.562393671953205887e-01	1.765765765765765849e+01
2.160433479267485168e+01	-7.694805911072898352e-01	1.769769769769769852e+01
2.076926534723498108e+01	-7.803654327855128470e-01	1.773773773773773854e+01
1.988790245487808406e+01	-7.903165998260615055e-01	1.777777777777777857e+01
1.896138194889527995e+01	-8.000677048747774078e-01	1.781781781781781859e+01
1.799091972208615786e+01	-8.099701298193333621e-01	1.785785785785785862e+01
1.697781071513663420e+01	-8.201780779254377318e-01	1.789789789789789864e+01
1.592342743999086885e+01	-8.307504601720755444e-01	1.793793793793793867e+01
1.482921820921950662e+01	-8.417027069161132635e-01	1.797797797797797870e+01
1.369670516042420694e+01	-8.530313015294916923e-01	1.801801801801801872e+01
1.252748211973865189e+01	-8.647246672290157532e-01	1.805805805805805875e+01
1.132321232589722015e+01	-8.767677233176784934e-01	1.809809809809809877e+01
1.008562602559062071e+01	-8.891436951808069367e-01	1.813813813813813880e+01
8.816517947331961480e+00	-9.018348079855216248e-01	1.817817817817817883e+01
7.517744657892103888e+00	-9.148225499690658680e-01	1.821821821821821885e+01
6.191221805763055031e+00	-9.280877809924851229e-01	1.825825825825825888e+01
4.838921255829705004e+00	-9.416107871924636052e-01	1.829829829829829890e+01
3.462868118501895687e+00	-9.553713187503490856e-01	1.833833833833833893e+01
2.065137682938125607e+00	-9.693486231538217535e-01	1.837837837837837895e+01
6.478522509737925095e-01	-9.835214774859791786e-01	1.841841841841841898e+01
-7.868221194132091201e-01	-9.978682211931018120e-01	1.845845845845845901e+01
-2.236678954562017374e+00	-1.012366789545375401e+00	1.849849849849849903e+01
-3.699474786081142774e+00	-1.026994747860754176e+00	1.853853853853853906e+01
-5.172932648054841209e+00	-1.041729326480534956e+00	1.857857857857857908e+01
-6.654745643282683254e+00	-1.056547456432823662e+00	1.861861861861861911e+01
-8.142580573733713578e+00	-1.071425805737336256e+00	1.865865865865865914e+01
-9.634081629036741035e+00	-1.086340816290367162e+00	1.869869869869869916e+01
-1.112687412840401002e+01	-1.101268741284040065e+00	1.873873873873873919e+01
-1.261856831073859375e+01	-1.116185683107385973e+00	1.877877877877877921e+01
-1.410676316230427574e+01	-1.131067631623042802e+00	1.881881881881881924e+01
-1.558905028212958754e+01	-1.145890502821295787e+00	1.885885885885885926e+01
-1.706301776753588584e+01	-1.160630177675358921e+00	1.889889889889889929e+01
-1.852625413580338432e+01	-1.175262541358033763e+00	1.893893893893893932e+01
-1.997635225449683460e+01	-1.189763522544968311e+00	1.897897897897897934e+01
-2.141091327981260406e+01	-1.204109132798126147e+00	1.901901901901901937e+01
-2.282755058715542162e+01	-1.218275505871554198e+00	1.905905905905905939e+01
-2.422389372854155454e+01	-1.232238937285415448e+00	1.909909909909909942e+01
-2.559759235774603070e+01	-1.245975923577460343e+00	1.913913913913913944e+01
-2.694632012746695082e+01	-1.259463201274669597e+00	1.917917917917917947e+01
-2.826777859166917395e+01	-1.272677785916691784e+00	1.921921921921921950e+01
-2.955970107521151391e+01	-1.285597010752115077e+00	1.925925925925925952e+01
-3.081985647488411573e+01	-1.298198564748841211e+00	1.929929929929929955e+01
-3.204605305129496173e+01	-1.310460530512949529e+00	1.933933933933933957e+01
-3.323614218096692241e+01	-1.322361421809669313e+00	1.937937937937937960e+01
-3.438802199980879237e+01	-1.333880219998087924e+00	1.941941941941941963e+01
-3.549964104235369433e+01	-1.344996410423537014e+00	1.945945945945945965e+01
-3.656900180371647480e+01	-1.355690018037164712e+00	1.949949949949949968e+01
-3.759416417229532215e+01	-1.365941641722953293e+00	1.953953953953953970e+01
-3.857324887282852899e+01	-1.375732488728285352e+00	1.957957957957957973e+01
-3.950444076241704749e+01	-1.385044407624170582e+00	1.961961961961961975e+01
-4.038599202178230740e+01	-1.393859920217823012e+00	1.965965965965965978e+01
-4.121622533832129420e+01	-1.402162253383212986e+00	1.969969969969969981e+01
-4.199353686222273296e+01	-1.409935368622227347e+00	1.973973973973973983e+01
-4.271639916531199077e+01	-1.417163991653120014e+00	1.977977977977977986e+01
-4.338336403319125623e+01	-1.423833640331912509e+00	1.981981981981981988e+01
-4.399306511558305743e+01	-1.429930651155830512e+00	1.985985985985985991e+01
-4.454422054994243751e+01	-1.435442205499424251e+00	1.989989989989989994e+01
-4.503563531249459828e+01	-1.440356353124945921e+00	1.993993993993993996e+01
-4.546620360279290196e+01	-1.444662036027928975e+00	1.997997997997997999e+01
-4.583491093587684873e+01	-1.448349109358768594e+00	2.002002002002002001e+01
-4.614083621714680561e+01	-1.451408362171468180e+00	2.006006006006006004e+01
-4.638315359516673198e+01	-1.453831535951667364e+00	2.010010010010010006e+01
-4.656113419959387301e+01	-1.455611341995938668e+00	2.014014014014014009e+01
-4.667414773179576315e+01	-1.456741477317957667e+00	2.018018018018018012e+01
-4.672166387311853697e+01	-1.457216638731185343e+00	2.022022022022022014e+01
-4.670325517384480918e+01	-1.437204821171286451e+00	2.026026026026026017e+01
-4.661863381977094889e+01	-1.352583467097422609e+00	2.030030030030030019e+01
-4.646771037388344894e+01	-1.201660021209927098e+00	2.034034034034034022e+01
-4.625060394225837257e+01	-9.845535895848533947e-01	2.038038038038038025e+01
-4.596764218992675666e+01	-7.015918372532347069e-01	2.042042042042042027e+01
-4.561936079510519448e+01	-3.584759052801188006e-01	2.046046046046046030e+01
-4.520647861490184738e+01	-5.252389161315401678e-02	2.050050050050050032e+01
-4.472976985165997377e+01	1.761315254839177502e-01	2.054054054054054035e+01
-4.418999184211421749e+01	3.344341759155481375e-01	2.058058058058058037e+01
-4.358789318667033541e+01	4.371045680499499042e-01	2.062062062062062040e+01
-4.292423653202277478e+01	5.004982515595133297e-01	2.066066066066066043e+01
-4.219982402441701197e+01	5.387995089443666785e-01	2.070070070070070045e+01
-4.141551932444468065e+01	5.625158203283167069e-01	2.074074074074074048e+01
-4.057226368753092771e+01	5.785418027056912216e-01	2.078078078078078050e+01
-3.967108612369577969e+01	5.909599782846552962e-01	2.082082082082082053e+01
-3.871310886137192853e+01	6.019752865974379308e-01	2.086086086086086056e+01
-3.769954959015173301e+01	6.126801853392005448e-01	2.090090090090090058e+01
-3.663172171062515048e+01	6.235712969107916059e-01	2.094094094094094061e+01
-3.551103343239708465e+01	6.348533150118781387e-01	2.098098098098098063e+01
-3.433898622204209516e+01	6.465988787913361513e-01	2.102102102102102066e+01
-3.311717286933730975e+01	6.588249532948063925e-01	2.106106106106106068e+01
-3.184727530298158271e+01	6.715263150304088269e-01	2.110110110110110071e+01
-3.053106221586060798e+01	6.846891278904505551e-01	2.114114114114114074e+01
-2.917038652642499130e+01	6.982960706639262938e-01	2.118118118118118076e+01
-2.776718268874091677e+01	7.123281573171302838e-01	2.122122122122122079e+01
-2.632346385805807287e+01	7.267653576452349773e-01	2.126126126126126081e+01
-2.484131891795225400e+01	7.415868099421352166e-01	2.130130130130130084e+01
-2.332290937118442642e+01	7.567709061124664460e-01	2.134134134134134086e+01
-2.177046609936958532e+01	7.722953389562925430e-01	2.138138138138138089e+01
-2.018628601332685690e+01	7.881371398422871710e-01	2.142142142142142092e+01
-1.857272854989087563e+01	8.042727144969490372e-01	2.146146146146146094e+01
-1.693221208249090637e+01	8.206778791735199752e-01	2.150150150150150097e+01
-1.526721023067484850e+01	8.373278976924560801e-01	2.154154154154154099e+01
-1.358024802452489688e+01	8.541975197545589316e-01	2.158158158158158102e+01
-1.187389800685399344e+01	8.712610199314201331e-01	2.162162162162162105e+01
-1.015077623872022272e+01	8.884922376127828425e-01	2.166166166166166107e+01
-8.413538211348997820e+00	9.058646178865050747e-01	2.170170170170170110e+01
-6.664874674863106918e+00	9.233512532513676874e-01	2.174174174174174112e+01
-4.907507407772192742e+00	9.409249259222779438e-01	2.178178178178178115e+01
-3.144184911415394801e+00	9.585581508858460609e-01	2.182182182182182117e+01
-1.377678049517176984e+00	9.762232195048282657e-01	2.186186186186186120e+01
3.892243682349822986e-01	9.938922436823498519e-01	2.190190190190190123e+01
2.153720045951231121e+00	1.011537200459512231e+00	2.194194194194194125e+01
3.912997699622989600e+00	1.029129976996229878e+00	2.198198198198198128e+01
5.664241586055335453e+00	1.046642415860553399e+00	2.202202202202202130e+01
7.404636055695703156e+00	1.064046360556957005e+00	2.206206206206206133e+01
9.131370121985096233e+00	1.081313701219851042e+00	2.210210210210210136e+01
1.084164203986790298e+01	1.098416420398679039e+00	2.214214214214214138e+01
1.253266388473941184e+01	1.115326638847394136e+00	2.218218218218218141e+01
1.420166612468167067e+01	1.132016661246816769e+00	2.222222222222222143e+01
1.584590218155855368e+01	1.148459021815585457e+00	2.226226226226226146e+01
1.746265297323227017e+01	1.164626529732322613e+00	2.230230230230230148e+01
1.904923142277195680e+01	1.180492314227719497e+00	2.234234234234234151e+01
2.060298693150939187e+01	1.196029869315093919e+00	2.238238238238238154e+01
2.212130980561877536e+01	1.211213098056187709e+00	2.242242242242242156e+01
2.360163565024371124e+01	1.226016356502437121e+00	2.246246246246246159e+01
2.504144968837143637e+01	1.240414496883714301e+00	2.250250250250250161e+01
2.643829100654843245e+01	1.254382910065484413e+00	2.254254254254254164e+01
2.778975674911255567e+01	1.267897567491125477e+00	2.258258258258258167e+01
2.909350623431637217e+01	1.280935062343163677e+00	2.262262262262262169e+01
3.034726495641011823e+01	1.293472649564101129e+00	2.266266266266266172e+01
3.154882850958695428e+01	1.305488285095869561e+00	2.270270270270270174e+01
3.269606643999884454e+01	1.316960664399988490e+00	2.274274274274274177e+01
3.378692593707538094e+01	1.327869259370753729e+00	2.278278278278278179e+01
3.481943544222372111e+01	1.338194354422237220e+00	2.282282282282282182e+01
3.579170816506713493e+01	1.347917081650671367e+00	2.286286286286286185e+01
3.670194539944812107e+01	1.357019453994481317e+00	2.290290290290290187e+01
3.754843978648907665e+01	1.365484397864890731e+00	2.294294294294294190e+01
3.832957840915526049e+01	1.373295784091552729e+00	2.298298298298298192e+01
3.904384570151523093e+01	1.380438457015152220e+00	2.302302302302302195e+01
3.968982631313270559e+01	1.386898263131327136e+00	2.306306306306306197e+01
4.026620770193770227e+01	1.392662077019376943e+00	2.310310310310310200e+01
4.077178265726435313e+01	1.397717826572643540e+00	2.314314314314314203e+01
4.120545163026558555e+01	1.402054516302655873e+00	2.318318318318318205e+01
4.156622486295949415e+01	1.405662248629594879e+00	2.322322322322322208e+01
4.185322443707484297e+01	1.408532244370748421e+00	2.326326326326326210e+01
4.206568601952049136e+01	1.410656860195204976e+00	2.330330330330330213e+01
4.220296057608523199e+01	1.412029605760852347e+00	2.334334334334334216e+01
4.226451575923158543e+01	1.412645157592315792e+00	2.338338338338338218e+01
4.224993838544865810e+01	1.394464818775250858e+00	2.342342342342342221e+01
4.215897095286613450e+01	1.303497386192729923e+00	2.346346346346346223e+01
4.199158219555294380e+01	1.136108628879539673e+00	2.350350350350350226e+01
4.174798191779873235e+01	8.925083511253300017e-01	2.354354354354354228e+01
4.142862073373347442e+01	5.731471670600701840e-01	2.358358358358358231e+01
4.103418810807461625e+01	2.038159249413344087e-01	2.362362362362362234e+01
4.056555287492864892e+01	-9.400267088896141487e-02	2.366366366366366236e+01
4.002360702715434826e+01	-3.045735797720150462e-01	2.370370370370370239e+01
3.940922365640190606e+01	-4.416270925911429113e-01	2.374374374374374241e+01
3.872327735294961570e+01	-5.250694082080350489e-01	2.378378378378378244e+01
3.796667492050686121e+01	-5.738729234759364362e-01	2.382382382382382247e+01
3.714038477497780377e+01	-6.026385619052332387e-01	2.386386386386386249e+01
3.624545941790908188e+01	-6.210245263709395225e-01	2.390390390390390252e+01
3.528304991255439660e+01	-6.346787112774531225e-01	2.394394394394394254e+01
3.425441373798871325e+01	-6.465654197875516651e-01	2.398398398398398257e+01
3.316091809310519523e+01	-6.580924822326400525e-01	2.402402402402402259e+01
3.200404045153535293e+01	-6.698657784629795664e-01	2.406406406406406262e+01
3.078536759448762794e+01	-6.821185896088741707e-01	2.410410410410410265e+01
2.950659383152735771e+01	-6.949263409995551921e-01	2.414414414414414267e+01
2.816951877117869429e+01	-7.083027846826364105e-01	2.418418418418418270e+01
2.677604480763066874e+01	-7.222390486248444486e-01	2.422422422422422272e+01
2.532817439431165596e+01	-7.367181376892519840e-01	2.426426426426426275e+01
2.382800713335818443e+01	-7.517199022961321697e-01	2.430430430430430278e+01
2.227773669408354706e+01	-7.672226274374412958e-01	2.434434434434434280e+01
2.067964756733081444e+01	-7.832035231681324650e-01	2.438438438438438283e+01
1.903611166216479589e+01	-7.996388831651355389e-01	2.442442442442442285e+01
1.734958474622132130e+01	-8.165041524959441022e-01	2.446446446446446288e+01
1.562260274973910334e+01	-8.337739724804201780e-01	2.450450450450450290e+01
1.385777791003313553e+01	-8.514222208929469460e-01	2.454454454454454293e+01
1.205779478857289533e+01	-8.694220521131819090e-01	2.458458458458458296e+01
1.022540616440707417e+01	-8.877459383554877625e-01	2.462462462462462298e+01
8.363428798109188378e+00	-9.063657120187191829e-01	2.466466466466466301e+01
6.474739068462380231e+00	-9.252526093153184972e-01	2.470470470470470303e+01
4.562268512968142176e+00	-9.443773148703070719e-01	2.474474474474474306e+01
2.628999257900915154e+00	-9.637100074209886680e-01	2.478478478478478308e+01
6.779593529495777648e-01	-9.832204064705037938e-01	2.482482482482482311e+01
-1.287781983763345073e+00	-1.002877819837633355e+00	2.486486486486486314e+01
-3.265119205103245381e+00	-1.022651192051032387e+00	2.490490490490490316e+01
-5.250915345245852350e+00	-1.042509153452458426e+00	2.494494494494494319e+01
-7.242006998661095984e+00	-1.062420069986610871e+00	2.498498498498498321e+01
-9.235209357402277774e+00	-1.082352093574022733e+00	2.502502502502502324e+01
-1.122732129887395125e+01	-1.102273212988739592e+00	2.506506506506506327e+01
-1.321513051818782891e+01	-1.122151305181878334e+00	2.510510510510510329e+01
-1.519541869251228405e+01	-1.141954186925122849e+00	2.514514514514514332e+01
-1.716496667041610635e+01	-1.161649666704161143e+00	2.518518518518518334e+01
-1.912055968196750300e+01	-1.181205596819675074e+00	2.522522522522522337e+01
-2.105899256216557802e+01	-1.200589925621655674e+00	2.526526526526526339e+01
-2.297707496809280769e+01	-1.219770749680928024e+00	2.530530530530530342e+01
-2.487163658958957768e+01	-1.238716365895895732e+00	2.534534534534534345e+01
-2.673953233819510800e+01	-1.257395323381951036e+00	2.538538538538538347e+01
-2.857764753556215354e+01	-1.275776475355621553e+00	2.542542542542542350e+01
-3.038290304722759316e+01	-1.293829030472275932e+00	2.546546546546546352e+01
-3.215226036542245680e+01	-1.311522603654224461e+00	2.550550550550550355e+01
-3.388272666712300207e+01	-1.328827266671229967e+00	2.554554554554554358e+01
-3.557135981612639597e+01	-1.345713598161264013e+00	2.558558558558558360e+01
-3.721527326532326185e+01	-1.362152732653232556e+00	2.562562562562562363e+01
-3.881164090142813450e+01	-1.378116409014281452e+00	2.566566566566566721e+01
-4.035770184247806469e+01	-1.393577018424780656e+00	2.570570570570570723e+01
-4.185076508012599561e+01	-1.408507650801259947e+00	2.574574574574574726e+01
-4.328821405448547921e+01	-1.422882140544854845e+00	2.578578578578578728e+01
-4.466751116269329458e+01	-1.436675111626932955e+00	2.582582582582582731e+01
-4.598620206105933761e+01	-1.449862020610593438e+00	2.586586586586586733e+01
-4.724191993075677942e+01	-1.462419199307567919e+00	2.590590590590590736e+01
-4.843238959692658341e+01	-1.474323895969265941e+00	2.594594594594594739e+01
-4.955543143939159023e+01	-1.485554314393915831e+00	2.598598598598598741e+01
-5.060896529317141557e+01	-1.496089652931714031e+00	2.602602602602602744e+01
-5.159101407618877033e+01	-1.505910140761887561e+00	2.606606606606606746e+01
-5.249970731597359475e+01	-1.514997073159735974e+00	2.610610610610610749e+01
-5.333328455051952943e+01	-1.523332845505195321e+00	2.614614614614614752e+01
-5.409009844240798515e+01	-1.530900984424079958e+00	2.618618618618618754e+01
-5.476861789500487987e+01	-1.537686178950048888e+00	2.622622622622622757e+01
-5.536743079796877254e+01	-1.543674307979687743e+00	2.626626626626626759e+01
-5.588524675501886207e+01	-1.548852467550188461e+00	2.630630630630630762e+01
-5.632089950905122322e+01	-1.553208995090512357e+00	2.634634634634634764e+01
-5.667334922660645447e+01	-1.556733492266064500e+00	2.638638638638638767e+01
-5.694168458519752107e+01	-1.559416845851975264e+00	2.642642642642642770e+01
-5.712512461777901507e+01	-1.561251246177790097e+00	2.646646646646646772e+01
-5.722302041967083852e+01	-1.562230204196708439e+00	2.650650650650650775e+01
-5.723485666631285085e+01	-1.556725223225319477e+00	2.654654654654654777e+01
-5.716027207878320127e+01	-1.482140635695669229e+00	2.658658658658658780e+01
-5.699914083481728966e+01	-1.321009391729755844e+00	2.662662662662662783e+01
-5.675160934686828540e+01	-1.073477903780756249e+00	2.666666666666666785e+01
-5.641809701959792278e+01	-7.399655765103947402e-01	2.670670670670670788e+01
-5.599929434669991934e+01	-3.477875415772229140e-01	2.674674674674674790e+01
-5.549609814383129702e+01	-3.521183055772836301e-02	2.678678678678678793e+01
-5.490943402119599881e+01	1.793617586617929360e-01	2.682682682682682795e+01
-5.424020791623598825e+01	3.136600493722477845e-01	2.686686686686686798e+01
-5.348933235885628790e+01	3.918942760873059816e-01	2.690690690690690801e+01
-5.265776382005350342e+01	4.359018405901255999e-01	2.694694694694694803e+01
-5.174653659436924613e+01	4.614705440704233164e-01	2.698698698698698806e+01
-5.075678713370634654e+01	4.783199405912400559e-01	2.702702702702702808e+01
-4.968976856136636400e+01	4.916875872317426621e-01	2.706706706706706811e+01
-4.854685775177073737e+01	5.040802809286937247e-01	2.710710710710710813e+01
-4.732955772812971418e+01	5.165708719962027740e-01	2.714714714714714816e+01
-4.603949746551769806e+01	5.295682648929639358e-01	2.718718718718718819e+01
-4.467843036402382495e+01	5.432062714522132296e-01	2.722722722722722821e+01
-4.324823204375115893e+01	5.575154245368245665e-01	2.726726726726726824e+01
-4.175089775672351067e+01	5.724905178805492767e-01	2.730730730730730826e+01
-4.018853953610163643e+01	5.881144988229032311e-01	2.734734734734734829e+01
-3.856338312874580510e+01	6.043661478827293543e-01	2.738738738738738832e+01
-3.687776472892014823e+01	6.212223487915315978e-01	2.742742742742742834e+01
-3.513412752297001873e+01	6.386587240457457515e-01	2.746746746746746837e+01
-3.333501804997465712e+01	6.566498193419203488e-01	2.750750750750750839e+01
-3.148308238474457355e+01	6.751691761422591309e-01	2.754754754754754842e+01
-2.958106214012758173e+01	6.941893785954036389e-01	2.758758758758758844e+01
-2.763179033716412647e+01	7.136820966054380211e-01	2.762762762762762847e+01
-2.563818705472419879e+01	7.336181294526631369e-01	2.766766766766766850e+01
-2.360325497551771434e+01	7.539674502451635396e-01	2.770770770770770852e+01
-2.153007479164294580e+01	7.746992520782717273e-01	2.774774774774774855e+01
-1.942180041383420175e+01	7.957819958602680988e-01	2.778778778778778857e+01
-1.728165409972003985e+01	8.171834590031710199e-01	2.782782782782782860e+01
-1.511292145299136358e+01	8.388707854697015076e-01	2.786786786786786863e+01
-1.291894628249540133e+01	8.608105371744544376e-01	2.790790790790790865e+01
-1.070312536198564501e+01	8.829687463799757996e-01	2.794794794794794868e+01
-8.468903097609558728e+00	9.053109690238883012e-01	2.798798798798798870e+01
-6.219766098645763464e+00	9.278023390135348158e-01	2.802802802802802873e+01
-3.959237661548633103e+00	9.504076233845081267e-01	2.806806806806806875e+01
-1.690872178562444317e+00	9.730912782143735784e-01	2.810810810810810878e+01
5.817505175324931832e-01	9.958175051753246354e-01	2.814814814814814881e+01
2.855030865050788513e+00	1.018550308650507663e+00	2.818818818818818883e+01
5.125355335052930172e+00	1.041253553350529382e+00	2.822822822822822886e+01
7.389102231611854421e+00	1.063891022316118651e+00	2.826826826826826888e+01
9.642647521346228601e+00	1.086426475213462250e+00	2.830830830830830891e+01
1.188237068371554095e+01	1.108823706837155365e+00	2.834834834834834894e+01
1.410466057133511697e+01	1.131046605713351250e+00	2.838838838838838896e+01
1.630592127134201519e+01	1.153059212713420045e+00	2.842842842842842899e+01
1.848257796073899684e+01	1.174825779607389986e+00	2.846846846846846901e+01
2.063108274422310728e+01	1.196310827442231162e+00	2.850850850850850904e+01
2.274792046340001761e+01	1.217479204634000167e+00	2.854854854854854906e+01
2.482961446709196451e+01	1.238296144670919752e+00	2.858858858858858909e+01
2.687273233210827428e+01	1.258727323321082725e+00	2.862862862862862912e+01
2.887389154850309936e+01	1.278738915485031047e+00	2.866866866866866914e+01
3.082976512194973751e+01	1.298297651219497251e+00	2.870870870870870917e+01
3.273708709637116954e+01	1.317370870963711749e+00	2.874874874874874919e+01
3.459265800251821332e+01	1.335926580025182053e+00	2.878878878878878922e+01
3.639335023401959290e+01	1.353933502340195938e+00	2.882882882882882924e+01
3.813611329026429075e+01	1.371361132902642943e+00	2.886886886886886927e+01
3.981797890045273647e+01	1.388179789004527320e+00	2.890890890890890930e+01
4.143606609059925461e+01	1.404360660905992653e+00	2.894894894894894932e+01
4.298758606477032629e+01	1.419875860647703325e+00	2.898898898898898935e+01
4.446984694070083322e+01	1.434698469407008403e+00	2.902902902902902937e+01
4.588025842453078695e+01	1.448802584245307834e+00	2.906906906906906940e+01
4.721633624160180887e+01	1.462163362416017964e+00	2.910910910910910943e+01
4.847570643864737150e+01	1.474757064386473804e+00	2.914914914914914945e+01
4.965610957841073514e+01	1.486561095784107334e+00	2.918918918918918948e+01
5.075540463729861784e+01	1.497554046372986170e+00	2.922922922922922950e+01
5.177157285218286376e+01	1.507715728521828780e+00	2.926926926926926953e+01
5.270272130735626348e+01	1.517027213073562475e+00	2.930930930930930955e+01
5.354708630563217753e+01	1.525470863056321846e+00	2.934934934934934958e+01
5.430303665284522907e+01	1.533030366528452149e+00	2.938938938938938961e+01
5.496907656525122121e+01	1.539690765652512283e+00	2.942942942942942963e+01
5.554384855681384181e+01	1.545438485568138454e+00	2.946946946946946966e+01
5.602613593950691495e+01	1.550261359395069150e+00	2.950950950950950968e+01
5.641486522678438575e+01	1.554148652267843822e+00	2.954954954954954971e+01
5.670910824558563945e+01	1.557091082455856368e+00	2.958958958958958974e+01
5.690808403379384828e+01	1.559080840337938589e+00	2.962962962962962976e+01
5.701116052829733860e+01	1.560111605282973546e+00	2.966966966966966979e+01
5.701785619194208721e+01	1.551311221093696346e+00	2.970970970970970981e+01
5.692786687368497667e+01	1.461321902836593800e+00	2.974974974974974984e+01
5.674115796359637187e+01	1.274612992747989226e+00	2.978978978978978986e+01
5.645799994457722448e+01	9.914549737288400610e-01	2.982982982982982989e+01
5.607896848386819499e+01	6.124235130198127930e-01	2.986986986986986992e+01
5.560493530182924360e+01	2.153053933796044150e-01	2.990990990990990994e+01
5.503693888345699747e+01	-7.172340991102921226e-02	2.994994994994994997e+01
5.437601241340419023e+01	-2.562626377312180459e-01	2.998998998998998999e+01
5.362317706193221056e+01	-3.642834171627055140e-01	3.003003003003003002e+01
5.277948139854821363e+01	-4.237161565095050042e-01	3.007007007007007005e+01
5.184604450104997397e+01	-4.564056687173236870e-01	3.011011011011011007e+01
5.082408975049783351e+01	-4.763125566574344383e-01	3.015015015015015010e+01
4.971496606930434581e+01	-4.910538076997874590e-01	3.019019019019019012e+01
4.852015877713408543e+01	-5.042544901404011348e-01	3.023023023023023015e+01
4.724129370256232363e+01	-5.174356606036594197e-01	3.027027027027027017e+01
4.588013756619137240e+01	-5.311598102017591749e-01	3.031031031031031020e+01
4.443859650981912068e+01	-5.456048528933488129e-01	3.035035035035035023e+01
4.291871373303550996e+01	-5.608108542337564284e-01	3.039039039039039025e+01
4.132266666138303179e+01	-5.767729262224657871e-01	3.043043043043043028e+01
3.965276381175434040e+01	-5.934722851776973451e-01	3.047047047047047030e+01
3.791144141470801543e+01	-6.108855724401804910e-01	3.051051051051051033e+01
3.610125981541547446e+01	-6.289873996117910648e-01	3.055055055055055035e+01
3.422489966300559416e+01	-6.477510029917985523e-01	3.059059059059059038e+01
3.228515789633070199e+01	-6.671484209855897962e-01	3.063063063063063041e+01
3.028494352501918030e+01	-6.871505647609200684e-01	3.067067067067067043e+01
2.822727323613548833e+01	-7.077272676154529041e-01	3.071071071071071046e+01
2.611526679311049648e+01	-7.288473320538675360e-01	3.075075075075075048e+01
2.395214225687800891e+01	-7.504785774398543552e-01	3.079079079079079051e+01
2.174121107137937869e+01	-7.725878892819133537e-01	3.083083083083083054e+01
1.948587294217659505e+01	-7.951412705654987700e-01	3.087087087087087056e+01
1.718961057012487359e+01	-8.181038942985481288e-01	3.091091091091091059e+01
1.485598425247173537e+01	-8.414401574773061609e-01	3.095095095095095061e+01
1.248862634343329248e+01	-8.651137365643357668e-01	3.099099099099099064e+01
1.009123556186151838e+01	-8.890876443789127448e-01	3.103103103103103066e+01
7.667571194975640658e+00	-9.133242880491592164e-01	3.107107107107107069e+01
5.221447189078492812e+00	-9.377855281089921835e-01	3.111111111111111072e+01
2.756726131994631679e+00	-9.624327386800000106e-01	3.115115115115115074e+01
2.773131431718098838e-01	-9.872268685682553668e-01	3.119119119119119077e+01
-2.212850321179941293e+00	-1.012128503211795261e+00	3.123123123123123079e+01
-4.709792738216192376e+00	-1.037097927382161222e+00	3.127127127127127082e+01
-7.209518851364200565e+00	-1.062095188513642041e+00	3.131131131131131085e+01
-9.708016058609663546e+00	-1.087080160586096689e+00	3.135135135135135087e+01
-1.220126084563496782e+01	-1.112012608456349749e+00	3.139139139139139090e+01
-1.468522525164789627e+01	-1.136852252516479034e+00	3.143143143143143092e+01
-1.715588336196190156e+01	-1.161558833619618980e+00	3.147147147147147095e+01
-1.960921781059625246e+01	-1.186092178105962569e+00	3.151151151151151097e+01
-2.204122628357889724e+01	-1.210412262835788955e+00	3.155155155155155100e+01
-2.444792801842639207e+01	-1.234479280184263894e+00	3.159159159159159103e+01
-2.682537029068998891e+01	-1.258253702906899862e+00	3.163163163163163105e+01
-2.916963486212378953e+01	-1.281696348621237824e+00	3.167167167167167108e+01
-3.147684439026260605e+01	-1.304768443902626140e+00	3.171171171171171110e+01
-3.374316878215666549e+01	-1.327431687821566619e+00	3.175175175175175113e+01
-3.596483151748952878e+01	-1.349648315174895252e+00	3.179179179179179116e+01
-3.813811587356848065e+01	-1.371381158735684780e+00	3.183183183183183118e+01
-4.025937105536452520e+01	-1.392593710553645225e+00	3.187187187187187121e+01
-4.232501827444304610e+01	-1.413250182744430372e+00	3.191191191191191123e+01
-4.433155671916368590e+01	-1.433315567191636886e+00	3.195195195195195126e+01
-4.627556937173788043e+01	-1.452755693717378893e+00	3.199199199199199128e+01
-4.815372874489436583e+01	-1.471537287448943632e+00	3.203203203203203486e+01
-4.996280250964592540e+01	-1.489628025096459307e+00	3.207207207207207489e+01
-5.169965890305299183e+01	-1.506996589030529909e+00	3.211211211211211491e+01
-5.336127206206552387e+01	-1.523612720620655114e+00	3.215215215215215494e+01
-5.494472719966439911e+01	-1.539447271996643885e+00	3.219219219219219497e+01
-5.644722552182513908e+01	-1.554472255218251497e+00	3.223223223223223499e+01
-5.786608910424481422e+01	-1.568660891042448213e+00	3.227227227227227502e+01
-5.919876549737719529e+01	-1.581987654973771917e+00	3.231231231231231504e+01
-6.044283211946574852e+01	-1.594428321194657494e+00	3.235235235235235507e+01
-6.159600058100356534e+01	-1.605960005810035618e+00	3.239239239239239510e+01
-6.265612061328661042e+01	-1.616561206132866246e+00	3.243243243243243512e+01
-6.362118396842949863e+01	-1.626211839684295057e+00	3.247247247247247515e+01
-6.448932797803543338e+01	-1.634893279780354369e+00	3.251251251251251517e+01
-6.525883891434678219e+01	-1.642588389143467831e+00	3.255255255255255520e+01
-6.592815518092513116e+01	-1.649281551809251400e+00	3.259259259259259522e+01
-6.649587013003922209e+01	-1.654958701300392132e+00	3.263263263263263525e+01
-6.696073482901317675e+01	-1.659607348290131679e+00	3.267267267267267528e+01
-6.732166035141088400e+01	-1.663216603514108716e+00	3.271271271271271530e+01
-6.757772005439392160e+01	-1.665777200543939074e+00	3.275275275275275533e+01
-6.772815137098227467e+01	-1.667281513709822693e+00	3.279279279279279535e+01
-6.777235754259662315e+01	-1.667342322372007413e+00	3.283283283283283538e+01
-6.770991869971726373e+01	-1.604903479492633345e+00	3.287287287287287540e+01
-6.754067733818507691e+01	-1.435662117960458062e+00	3.291291291291291543e+01
-6.726480884072671529e+01	-1.159793620502088896e+00	3.295295295295295546e+01
-6.688282603849735608e+01	-7.778108182727273556e-01	3.299299299299299548e+01
-6.639557335490984258e+01	-3.528976930620268404e-01	3.303303303303303551e+01
-6.580410859450277883e+01	-4.384627099733229283e-02	3.307307307307307553e+01
-6.510949673732449128e+01	1.512774551649722632e-01	3.311311311311311556e+01
-6.431278902773460970e+01	2.622875857754470852e-01	3.315315315315315559e+01
-6.341506796539324142e+01	3.213813583048575895e-01	3.319319319319319561e+01
-6.241749698583613792e+01	3.531141379903062205e-01	3.323323323323323564e+01
-6.132135854545164477e+01	3.725389559050763522e-01	3.327327327327327566e+01
-6.012807711433142543e+01	3.874312947610479840e-01	3.331331331331331569e+01
-5.883923024660770551e+01	4.012527578516063009e-01	3.335335335335335571e+01
-5.745655232263207068e+01	4.153454203416186985e-01	3.339339339339339574e+01
-5.598193448415207030e+01	4.301602731242022415e-01	3.343343343343343577e+01
-5.441742278830662372e+01	4.458215084196913702e-01	3.347347347347347579e+01
-5.276521553625714489e+01	4.623470276128390788e-01	3.351351351351351582e+01
-5.102766016168823171e+01	4.797232546009015941e-01	3.355355355355355584e+01
-4.920724981611722626e+01	4.979274785692678895e-01	3.359359359359359587e+01
-4.730661969647514553e+01	5.169337995033798094e-01	3.363363363363363590e+01
-4.532854313130582113e+01	5.367145681928937595e-01	3.367367367367367592e+01
-4.327592743460965607e+01	5.572407255677276350e-01	3.371371371371371595e+01
-4.115180953423401178e+01	5.784819046025033717e-01	3.375375375375375597e+01
-3.895935137460015341e+01	6.004064862829916471e-01	3.379379379379379600e+01
-3.670183511050053937e+01	6.229816489134183399e-01	3.383383383383383602e+01
-3.438265812204961946e+01	6.461734186939480651e-01	3.387387387387387605e+01
-3.200532775992029855e+01	6.699467224588804282e-01	3.391391391391391608e+01
-2.957345598361768424e+01	6.942654402279291315e-01	3.395395395395395610e+01
-2.709075378459245087e+01	7.190924619780181271e-01	3.399399399399399613e+01
-2.456102540532419098e+01	7.443897458959825020e-01	3.403403403403403615e+01
-2.198816244030453149e+01	7.701183757126985885e-01	3.407407407407407618e+01
-1.937613777343651478e+01	7.962386223151510789e-01	3.411411411411411621e+01
-1.672899934919547960e+01	8.227100064214519781e-01	3.415415415415415623e+01
-1.405086382011691626e+01	8.494913616538473100e-01	3.419419419419419626e+01
-1.134591007454821110e+01	8.765408991813857797e-01	3.423423423423423628e+01
-8.618372639474396024e+00	9.038162736016611687e-01	3.427427427427427631e+01
-5.872534984882141984e+00	9.312746501649701303e-01	3.431431431431431633e+01
-3.112722729736584260e+00	9.588727727073946827e-01	3.435435435435435636e+01
-3.432967637110644343e-01	9.865670323586731572e-01	3.439439439439439639e+01
2.431353702759084356e+00	1.014313537026779288e+00	3.443443443443443641e+01
5.206818149822544761e+00	1.042068181498038371e+00	3.447447447447447644e+01
7.978671810211857007e+00	1.069786718102058165e+00	3.451451451451451646e+01
1.074248277203174595e+01	1.097424827720288709e+00	3.455455455455455649e+01
1.349381910819517927e+01	1.124938191081937822e+00	3.459459459459459651e+01
1.622825602375375098e+01	1.152282560237534614e+00	3.463463463463463654e+01
1.894138300777039774e+01	1.179413830077709502e+00	3.467467467467467657e+01
2.162881097647501250e+01	1.206288109764757088e+00	3.471471471471471659e+01
2.428617939850931506e+01	1.232861793985091436e+00	3.475475475475475662e+01
2.690916339717889372e+01	1.259091633971775259e+00	3.479479479479479664e+01
2.949348080579235898e+01	1.284934808057921041e+00	3.483483483483483667e+01
3.203489917517088514e+01	1.310348991751720149e+00	3.487487487487487670e+01
3.452924269722073092e+01	1.335292426972207513e+00	3.491491491491491672e+01
3.697239908107876971e+01	1.359723990810768113e+00	3.495495495495495675e+01
3.936032633815910486e+01	1.383603263381595783e+00	3.499499499499499677e+01
4.168905945546080005e+01	1.406890594554617513e+00	3.503503503503503680e+01
4.395471694270570850e+01	1.429547169427038744e+00	3.507507507507507682e+01
4.615350732333659778e+01	1.451535073233364281e+00	3.511511511511511685e+01
4.828173544400213757e+01	1.472817354440025817e+00	3.515515515515515688e+01
5.033580861759840275e+01	1.493358086175974098e+00	3.519519519519519690e+01
5.231224270212637606e+01	1.513122427021263317e+00	3.523523523523523693e+01
5.420766795768026469e+01	1.532076679576802380e+00	3.527527527527527695e+01
5.601883469528872439e+01	1.550188346952884544e+00	3.531531531531531698e+01
5.774261885981754006e+01	1.567426188598175063e+00	3.535535535535535701e+01
5.937602732535913219e+01	1.583760273253591144e+00	3.539539539539539703e+01
6.091620298688260959e+01	1.599162029868825829e+00	3.543543543543543706e+01
6.236042976113081693e+01	1.613604297611308080e+00	3.547547547547547708e+01
6.370613719778883421e+01	1.627061371977888582e+00	3.551551551551551711e+01
6.495090501955428408e+01	1.639509050195543161e+00	3.555555555555555713e+01
6.609246736174092973e+01	1.650924673617409244e+00	3.559559559559559716e+01
6.712871672470259909e+01	1.661287167247025964e+00	3.563563563563563719e+01
6.805770783385386835e+01	1.670577078338538524e+00	3.567567567567567721e+01
6.887766102486386899e+01	1.678776610248638779e+00	3.571571571571571724e+01
6.958696561322878438e+01	1.685869656132287897e+00	3.575575575575575726e+01
7.018418277521662674e+01	1.691841827752166294e+00	3.579579579579579729e+01
7.066804833255679341e+01	1.696680483325567979e+00	3.583583583583583732e+01
7.103747514812017982e+01	1.700374751481201763e+00	3.587587587587587734e+01
7.129155529776154765e+01	1.702915552977615432e+00	3.591591591591591737e+01
7.142956194766126998e+01	1.704295619476612789e+00	3.595595595595595739e+01
7.145095100228496676e+01	1.698698507576622996e+00	3.599599599599599742e+01
7.135538525922758879e+01	1.603132764519261233e+00	3.603603603603603744e+01
7.114284250189660952e+01	1.390590007188282851e+00	3.607607607607607747e+01
7.081366913270642272e+01	1.061416637998076062e+00	3.611611611611611750e+01
7.036858095559379933e+01	6.200717510124915677e-01	3.615615615615615752e+01
6.980863055534763362e+01	2.258478508898834058e-01	3.619619619619619755e+01
6.913499295682376555e+01	-3.466905199129821646e-02	3.623623623623623757e+01
6.834882249762243589e+01	-1.862456806074203053e-01	3.627627627627627760e+01
6.745128212719680505e+01	-2.664702181812652615e-01	3.631631631631631763e+01
6.644360075146954614e+01	-3.076696429288863222e-01	3.635635635635635765e+01
6.532712327959038134e+01	-3.308695996669985817e-01	3.639639639639639768e+01
6.410334308757120425e+01	-3.472432927623700927e-01	3.643643643643643770e+01
6.277391857179827639e+01	-3.618047845177208011e-01	3.647647647647647773e+01
6.134067938872260584e+01	-3.764844270557750061e-01	3.651651651651651775e+01
5.980562726423453057e+01	-3.919202915120559849e-01	3.655655655655655778e+01
5.817093431086190947e+01	-4.082860866029733860e-01	3.659659659659659781e+01
5.643894025205092646e+01	-4.256097888672286667e-01	3.663663663663663783e+01
5.461214910996884697e+01	-4.438783787262070568e-01	3.667667667667667786e+01
5.269322554821219740e+01	-4.630677254048586322e-01	3.671671671671671788e+01
5.068499092931546102e+01	-4.831500881274257697e-01	3.675675675675675791e+01
4.859041910764099725e+01	-5.040958086266971172e-01	3.679679679679679793e+01
4.641263196502051613e+01	-5.258736803286165884e-01	3.683683683683683796e+01
4.415489470265270455e+01	-5.484510529288305625e-01	3.687687687687687799e+01
4.182061088495416357e+01	-5.717938911307083316e-01	3.691691691691691801e+01
3.941331723856346514e+01	-5.958668277400294144e-01	3.695695695695695804e+01
3.693667828171766843e+01	-6.206332170661108538e-01	3.699699699699699806e+01
3.439448064768492941e+01	-6.460551933875682273e-01	3.703703703703703809e+01
3.179062725898958419e+01	-6.720937274644291914e-01	3.707707707707707812e+01
2.912913130823137209e+01	-6.987086869836599545e-01	3.711711711711711814e+01
2.641411000370101547e+01	-7.258589000217314791e-01	3.715715715715715817e+01
2.364977816986193915e+01	-7.535022182171926541e-01	3.719719719719719819e+01
2.084044165868667520e+01	-7.815955831961765021e-01	3.723723723723723822e+01
1.799049060985238313e+01	-8.100950938235269572e-01	3.727727727727727824e+01
1.510439255573637674e+01	-8.389560744951974902e-01	3.731731731731731827e+01
1.218668539129344452e+01	-8.681331461618466694e-01	3.735735735735735830e+01
9.241970208365533068e+00	-8.975802979843151563e-01	3.739739739739739832e+01
6.274904017699638459e+00	-9.272509598700207079e-01	3.743743743743743835e+01
3.290192364674314085e+00	-9.570980763696240734e-01	3.747747747747747837e+01
2.925818503419093108e-01	-9.870741814844603557e-01	3.751751751751751840e+01
-2.713147430156421791e+00	-1.017131474299473259e+00	3.755755755755755843e+01
-5.722189517693825778e+00	-1.047221895176196016e+00	3.759759759759759845e+01
-8.729720278043551218e+00	-1.077297202780039154e+00	3.763763763763763848e+01
-1.173090513701124493e+01	-1.107309051369849362e+00	3.767767767767767850e+01
-1.472090684856264176e+01	-1.137209068485478980e+00	3.771771771771771853e+01
-1.769489328412167595e+01	-1.166948932841275877e+00	3.775775775775775855e+01
-2.064804522934667474e+01	-1.196480452293859686e+00	3.779779779779779858e+01
-2.357556417493698220e+01	-1.225755641749959102e+00	3.783783783783783861e+01
-2.647268009214287332e+01	-1.254726800921113439e+00	3.787787787787787863e+01
-2.933465918523547344e+01	-1.283346591850506924e+00	3.791791791791791866e+01
-3.215681159249143661e+01	-1.311568115925502154e+00	3.795795795795795868e+01
-3.493449903994206807e+01	-1.339344990405329838e+00	3.799799799799799871e+01
-3.766314240744150510e+01	-1.366631424073784906e+00	3.803803803803803874e+01
-4.033822925272497883e+01	-1.393382292513878795e+00	3.807807807807807876e+01
-4.295532122355952964e+01	-1.419553212250049157e+00	3.811811811811811879e+01
-4.551006135509933870e+01	-1.445100613573101267e+00	3.815815815815815881e+01
-4.799818125029883475e+01	-1.469981812452800130e+00	3.819819819819819884e+01
-5.041550818043688764e+01	-1.494155081817051478e+00	3.823823823823823886e+01
-5.275797199546911997e+01	-1.517579719995415743e+00	3.827827827827827889e+01
-5.502161186444465102e+01	-1.540216118565504555e+00	3.831831831831831892e+01
-5.720258294380385422e+01	-1.562025829446083147e+00	3.835835835835835894e+01
-5.929716279863531270e+01	-1.582971627997483033e+00	3.839839839839839897e+01
-6.130175761641281440e+01	-1.603017576113507259e+00	3.843843843843843899e+01
-6.321290833631190509e+01	-1.622129083369053593e+00	3.847847847847847902e+01
-6.502729647488223463e+01	-1.640272964739327488e+00	3.851851851851851904e+01
-6.674174973356068108e+01	-1.657417497328532718e+00	3.855855855855855907e+01
-6.835324750487660594e+01	-1.673532475047503798e+00	3.859859859859859910e+01
-6.985892596208456951e+01	-1.688589259618590965e+00	3.863863863863863912e+01
-7.125608306782100954e+01	-1.702560830677799286e+00	3.867867867867867915e+01
-7.254218326462290634e+01	-1.715421832645941169e+00	3.871871871871871917e+01
-7.371486184722236601e+01	-1.727148618472130970e+00	3.875875875875875920e+01
-7.477192924424966236e+01	-1.737719292442456709e+00	3.879879879879879923e+01
-7.571137477963122819e+01	-1.747113747796295691e+00	3.883883883883883925e+01
-7.653137041833271326e+01	-1.755313704183319778e+00	3.887887887887887928e+01
-7.723027399049998110e+01	-1.762302739904995974e+00	3.891891891891891930e+01
-7.780663229699038652e+01	-1.768066322969901627e+00	3.895895895895895933e+01
-7.825918381354728126e+01	-1.772591838135471498e+00	3.899899899899899935e+01
-7.858686113103125592e+01	-1.775868611310311707e+00	3.903903903903903938e+01
-7.878879309706631773e+01	-1.777887930970662556e+00	3.907907907907907941e+01
-7.886430660777345736e+01	-1.778643066077733703e+00	3.911911911911911943e+01
-7.881293374409366947e+01	-1.726696391579573220e+00	3.915915915915915946e+01
-7.863449520227170808e+01	-1.548257849757614490e+00	3.919919919919919948e+01
-7.832920208100674131e+01	-1.242964728492648607e+00	3.923923923923923951e+01
-7.789766736996419638e+01	-8.114300174500901353e-01	3.927927927927927954e+01
-7.734089120636431858e+01	-3.696375823175139796e-01	3.931931931931931956e+01
-7.666007750999939674e+01	-7.335261673338355770e-02	3.935935935935935959e+01
-7.585642099312130426e+01	9.858325916380428211e-02	3.939939939939939961e+01
-7.493111724243989613e+01	1.880246241411193120e-01	3.943943943943943964e+01
-7.388542613375977908e+01	2.326369650839852365e-01	3.947947947947947966e+01
-7.272073009814151590e+01	2.570176378953125118e-01	3.951951951951951969e+01
-7.143857228517401836e+01	2.740120557682623748e-01	3.955955955955955972e+01
-7.004067584527335555e+01	2.891973065618596017e-01	3.959959959959959974e+01
-6.852895106471210340e+01	3.046231740714256953e-01	3.963963963963963977e+01
-6.690549628407239879e+01	3.209278171273142188e-01	3.967967967967967979e+01
-6.517259607864120596e+01	3.382709951523547032e-01	3.971971971971971982e+01
-6.333271828767793465e+01	3.566723335696495578e-01	3.975975975975975985e+01
-6.138851048920162157e+01	3.761148259411414285e-01	3.979979979979979987e+01
-5.934279611234625662e+01	3.965720299318403752e-01	3.983983983983983990e+01
-5.719857024400629797e+01	4.180142965080444473e-01	3.987987987987987992e+01
-5.495899514667993913e+01	4.404100483953976575e-01	3.991991991991991995e+01
-5.262739549924028637e+01	4.637260450071212237e-01	3.995995995995995997e+01
-5.020725336079202350e+01	4.879274663760611030e-01	4.000000000000000000e+01
