0 0 0
0.7 0.3 1.9123
2.1 0.55 3.8246
1.7 0.3 5.7369
0.9 0.15 7.6492
0.4 -0.1 9.5616
-0.5 -0.25 11.474
-1.2 -0.4 13.386
-0.5 -0.1 15.298
0.2 0.05 17.211
0.9 0.25 19.123
1.7 0.45 21.035
2.4 0.55 22.948
1.7 0.35 24.86
0.7 0.05 26.772
0 -0.2 28.685
-1.1 -0.35 30.597
-1.9 -0.55 32.509
-2.4 -0.65 34.422
-1.8 -0.35 36.334
-1 -0.15 38.246
-0.1 0.05 40.159
0.7 0.25 42.071
1.6 0.5 43.983
2.4 0.65 45.895
3.3 0.85 47.808
4.5 1.05 49.72
4.6 0.8 51.632
3.6 0.55 53.545
2.9 0.35 55.457
2.1 0.15 57.369
1.2 -0.05 59.282
0 -0.25 61.194
-1.1 -0.45 63.106
-2.1 -0.65 65.019
-3.1 -0.85 66.931
-4.5 -1.05 68.843
-4.8 -0.9 70.755
-3.7 -0.4 72.668
-1.9 -0.15 74.58
-0.6 0.05 76.492
0.6 0.4 78.405
2 0.55 80.317
2.7 0.8 82.229
3.8 0.95 84.142
4.9 1.15 86.054
6.3 1.35 87.966
7.4 1.55 89.879
7.5 1.3 91.791
6.3 0.95 93.703
5.5 0.65 95.616
4.6 0.45 97.528
3.3 0.25 99.44
2.5 0.05 101.35
0.8 -0.15 103.26
-0.3 -0.35 105.18
-1.6 -0.55 107.09
-2.6 -0.75 109
-3.6 -0.95 110.91
-4.6 -1.15 112.83
-5.7 -1.35 114.74
-7.5 -1.45 116.65
-6.5 -1 118.56
-5.2 -0.6 120.48
-4.1 -0.45 122.39
-2.4 -0.25 124.3
-1.1 -0.05 126.21
-0.6 0.2 128.12
0.3 0.35 130.04
1.6 0.55 131.95
2.7 0.75 133.86
4 0.95 135.77
5.1 1.15 137.69
6.2 1.35 139.6
7.6 1.55 141.51
9.3 1.75 143.42
9.6 1.65 145.34
8.9 1.2 147.25
8 1.05 149.16
7.1 0.85 151.07
6.3 0.65 152.98
5.3 0.45 154.9
4.3 0.25 156.81
2.9 0.05 158.72
1.3 -0.15 160.63
-0.1 -0.35 162.55
-1.3 -0.55 164.46
-2.6 -0.75 166.37
-3.7 -0.95 168.28
-4.7 -1.15 170.2
-6 -1.35 172.11
-7.1 -1.55 174.02
-9.1 -1.75 175.93
-9.1 -1.6 177.84
-8.1 -1.1 179.76
-6.9 -0.85 181.67
-6.2 -0.6 183.58
-5.2 -0.45 185.49
-3.4 -0.25 187.41
-1.2 -0.05 189.32
-0.4 0.15 191.23
0.8 0.35 193.14
1.5 0.55 195.06
2.7 0.75 196.97
4 0.95 198.88
5.2 1.15 200.79
7.1 1.45 202.7
8.7 1.65 204.62
10 1.85 206.53
11.3 2.05 208.44
12.9 2.25 210.35
14.7 2.45 212.27
16.6 2.65 214.18
18.9 2.85 216.09
19.6 2.95 218
19.3 2.65 219.92
18.6 2.2 221.83
17.3 1.9 223.74
16.3 1.7 225.65
15.2 1.45 227.56
14.2 1.25 229.48
13.2 1.05 231.39
12.1 0.85 233.3
10.7 0.65 235.21
9.3 0.45 237.13
7.4 0.25 239.04
5.7 0.05 240.95
3.8 -0.15 242.86
1.7 -0.35 244.78
0.1 -0.55 246.69
-1.3 -0.75 248.6
-2.5 -0.95 250.51
-4 -1.15 252.43
-5.5 -1.35 254.34
-7.5 -1.55 256.25
-9.4 -1.75 258.16
-11 -1.95 260.07
-13 -2.15 261.99
-14.9 -2.35 263.9
-16.7 -2.55 265.81
-18.7 -2.75 267.72
-19.8 -2.85 269.64
-18.5 -2.3 271.55
-17.6 -2 273.46
-16.3 -1.65 275.37
-15.4 -1.4 277.29
-14.2 -1.25 279.2
-13.2 -1.05 281.11
-11.6 -0.85 283.02
-10.3 -0.65 284.93
-8.2 -0.45 286.85
-6.2 -0.25 288.76
-3.5 -0.05 290.67
-2.1 0.15 292.58
0.5 0.65 294.5
2.1 0.85 296.41
3.5 1.05 298.32
5.3 1.25 300.23
6.9 1.45 302.15
8.7 1.65 304.06
10.4 1.85 305.97
12.2 2.05 307.88
13.6 2.25 309.79
15.4 2.45 311.71
17.1 2.65 313.62
19 2.85 315.53
20.6 3.05 317.44
22.3 3.25 319.36
24.3 3.45 321.27
26.9 3.65 323.18
28.8 3.85 325.09
31.4 4.05 327.01
33.9 4.25 328.92
36.4 4.45 330.83
38.9 4.65 332.74
40.2 4.75 334.65
39.8 4.35 336.57
39.1 4 338.48
38.1 3.7 340.39
37.3 3.4 342.3
36.5 3.25 344.22
35.7 3.05 346.13
34.7 2.85 348.04
33.6 2.65 349.95
32.6 2.45 351.87
31.3 2.25 353.78
30.3 2.05 355.69
28.9 1.85 357.6
27.7 1.65 359.51
26.2 1.45 361.43
24.1 1.25 363.34
22.5 1.05 365.25
20.6 0.85 367.16
18.5 0.65 369.08
16.3 0.45 370.99
13.7 0.25 372.9
11.1 0.05 374.81
8 -0.15 376.73
5.1 -0.35 378.64
2.6 -0.55 380.55
0.3 -0.75 382.46
-1.7 -0.95 384.37
-4.1 -1.15 386.29
-6.3 -1.35 388.2
-8.2 -1.55 390.11
-10.1 -1.75 392.02
-12.2 -1.95 393.94
-14.1 -2.15 395.85
-16.1 -2.35 397.76
-18 -2.55 399.67
-20 -2.75 401.59
-21.5 -2.95 403.5
-23.7 -3.15 405.41
-26 -3.35 407.32
-28.4 -3.55 409.23
-30.6 -3.75 411.15
-33.6 -3.95 413.06
-36.1 -4.15 414.97
-39 -4.35 416.88
-39.5 -4.1 418.8
-38.2 -3.7 420.71
-37 -3.3 422.62
-36.1 -3.15 424.53
-35.8 -2.95 426.45
-34.1 -2.65 428.36
-32.7 -2.45 430.27
-30.9 -2.2 432.18
-29.6 -1.95 434.09
-27.1 -1.75 436.01
-25.6 -1.55 437.92
-23.9 -1.35 439.83
-21.7 -1.15 441.74
-19.8 -0.95 443.66
-18.7 -0.75 445.57
-17.2 -0.55 447.48
-14.8 -0.35 449.39
-11.7 -0.15 451.31
-9.1 0.05 453.22
-6.4 0.25 455.13
-3.9 0.45 457.04
2.6 0.95 458.95
4.9 1.15 460.87
7.1 1.35 462.78
9.5 1.55 464.69
11.5 1.75 466.6
13.4 1.95 468.52
15.6 2.15 470.43
18.2 2.35 472.34
20 2.55 474.25
22 2.75 476.17
24 2.95 478.08
26.6 3.15 479.99
28.3 3.35 481.9
30.2 3.55 483.81
32.3 3.75 485.73
34.4 3.95 487.64
36.4 4.15 489.55
38.2 4.35 491.46
40.2 4.55 493.38
42.2 4.75 495.29
44.6 4.95 497.2
47.1 5.15 499.11
49.6 5.35 501.03
52.3 5.55 502.94
55.3 5.75 504.85
58.3 5.95 506.76
60 5.95 508.67
59.5 5.5 510.59
58.3 5.05 512.5
57.7 4.7 514.41
56.3 4.3 516.32
55.8 4.15 518.24
54.9 3.95 520.15
53.9 3.75 522.06
52.9 3.55 523.97
52 3.35 525.89
50.4 3.05 527.8
49.1 2.85 529.71
47.8 2.65 531.62
46.5 2.45 533.53
45 2.25 535.45
43.3 2.05 537.36
41.6 1.85 539.27
40 1.65 541.18
38 1.45 543.1
35.8 1.25 545.01
32.9 1.05 546.92
30.3 0.85 548.83
27.7 0.65 550.75
24.4 0.45 552.66
21.2 0.25 554.57
17.7 0.05 556.48
13.7 -0.15 558.39
10.3 -0.35 560.31
6.1 -0.55 562.22
2.7 -0.75 564.13
-0.4 -0.95 566.04
-3.6 -1.15 567.96
-6.3 -1.35 569.87
-9 -1.55 571.78
-11.4 -1.75 573.69
-13.9 -1.95 575.61
-16.3 -2.15 577.52
-18.4 -2.35 579.43
-20.5 -2.55 581.34
-22.7 -2.75 583.25
-24.8 -2.95 585.17
-27.1 -3.15 587.08
-29.6 -3.35 588.99
-31.5 -3.55 590.9
-34.2 -3.75 592.82
-36.1 -3.95 594.73
-38.6 -4.15 596.64
-40.9 -4.35 598.55
-43.2 -4.55 600.47
-46.2 -4.75 602.38
-49.4 -4.95 604.29
-52.7 -5.15 606.2
-56.4 -5.35 608.11
-59.1 -5.55 610.03
-59.6 -5.45 611.94
-59.2 -5.25 613.85
-58.4 -4.9 615.76
-57.8 -4.65 617.68
-56.7 -4.35 619.59
-56 -4.15 621.5
-55.3 -3.95 623.41
-54.4 -3.75 625.33
-53.3 -3.55 627.24
-52.1 -3.35 629.15
-50.8 -3.15 631.06
-49.7 -2.95 632.97
-48.4 -2.75 634.89
-45.6 -2.55 636.8
-44 -2.35 638.71
-42.3 -2.15 640.62
-40.1 -1.95 642.54
-38.3 -1.75 644.45
-36.7 -1.55 646.36
-35.2 -1.35 648.27
-32.2 -1.15 650.19
-30 -0.95 652.1
-27.4 -0.75 654.01
-24.5 -0.55 655.92
-21.6 -0.35 657.83
-18 -0.15 659.75
-14.5 0.05 661.66
-10.9 0.25 663.57
-7.2 0.45 665.48
-3.6 0.65 667.4
5.6 1.15 669.31
9.1 1.35 671.22
11.9 1.55 673.13
14.4 1.75 675.05
17.1 1.95 676.96
19.7 2.15 678.87
22.2 2.35 680.78
24.9 2.55 682.69
27.3 2.75 684.61
29.5 2.95 686.52
32 3.15 688.43
34.4 3.35 690.34
36.9 3.55 692.26
39.2 3.75 694.17
41.3 3.95 696.08
43.7 4.15 697.99
45.9 4.35 699.91
48.1 4.55 701.82
50.3 4.75 703.73
52.3 4.95 705.64
54.4 5.15 707.55
56.4 5.35 709.47
58.4 5.55 711.38
60.5 5.75 713.29
63.1 5.95 715.2
65.5 6.15 717.12
68.1 6.35 719.03
71 6.55 720.94
73.6 6.75 722.85
77 6.95 724.77
79.4 7.15 726.68
79.7 6.75 728.59
79.1 6.3 730.5
78 5.95 732.42
77.2 5.6 734.33
76.5 5.45 736.24
76 5.25 738.15
75.3 5.05 740.06
74.5 4.8 741.98
74 4.65 743.89
72.9 4.45 745.8
72.1 4.25 747.71
71.1 4.05 749.63
70.2 3.85 751.54
69.4 3.65 753.45
68 3.45 755.36
66.8 3.25 757.28
65.4 3.05 759.19
64.1 2.85 761.1
62.7 2.65 763.01
60.8 2.45 764.92
59.3 2.25 766.84
57 2.05 768.75
54.1 1.85 770.66
51.9 1.65 772.57
49.4 1.45 774.49
46.7 1.25 776.4
43.7 1.05 778.31
40.7 0.85 780.22
37.2 0.65 782.14
33.1 0.45 784.05
29.3 0.25 785.96
24.7 0.05 787.87
19.9 -0.15 789.78
15 -0.35 791.7
10.5 -0.55 793.61
5.1 -0.75 795.52
0.8 -0.95 797.43
-3.4 -1.15 799.35
-7.1 -1.35 801.26
-10.5 -1.55 803.17
-13.7 -1.75 805.08
-16.5 -1.95 807
-19.2 -2.15 808.91
-21.7 -2.35 810.82
-24.3 -2.55 812.73
-26.8 -2.75 814.64
-29.4 -2.95 816.56
-31.8 -3.15 818.47
-34.5 -3.35 820.38
-37.1 -3.55 822.29
-39.7 -3.75 824.21
-41.9 -3.95 826.12
-44.5 -4.15 828.03
-47.4 -4.35 829.94
-49.9 -4.55 831.86
-52.5 -4.75 833.77
-55.2 -4.95 835.68
-57.9 -5.15 837.59
-60.2 -5.35 839.5
-63.4 -5.55 841.42
-66.6 -5.75 843.33
-70.2 -5.95 845.24
-73.8 -6.15 847.15
-77.7 -6.35 849.07
-79.8 -6.4 850.98
-79 -5.9 852.89
-78 -5.65 854.8
-77.4 -5.4 856.72
-76.4 -5.1 858.63
-75.5 -4.85 860.54
-74.7 -4.65 862.45
-73.7 -4.45 864.36
-72.8 -4.25 866.28
-72 -4.05 868.19
-70.8 -3.85 870.1
-69.6 -3.65 872.01
-66.6 -3.45 873.93
-65.7 -3.25 875.84
-64.4 -3.05 877.75
-61.8 -2.85 879.66
-60.8 -2.65 881.58
-58.4 -2.45 883.49
-57.9 -2.25 885.4
-56 -2.05 887.31
-53.5 -1.85 889.22
-50.6 -1.65 891.14
-47.8 -1.45 893.05
-44.6 -1.25 894.96
-41.7 -1.05 896.87
-38.8 -0.85 898.79
-35.1 -0.65 900.7
-31.6 -0.45 902.61
-27.6 -0.25 904.52
-22.8 -0.05 906.44
-18.6 0.15 908.35
-13.3 0.35 910.26
-8.6 0.55 912.17
-3.8 0.75 914.08
6.3 1.15 916
10.8 1.35 917.91
14.4 1.55 919.82
18.3 1.75 921.73
21.2 1.95 923.65
24.4 2.15 925.56
27.4 2.35 927.47
30.2 2.55 929.38
33 2.75 931.3
36 2.95 933.21
38.7 3.15 935.12
41.2 3.35 937.03
43.8 3.55 938.94
46.5 3.75 940.86
49.1 3.95 942.77
51.3 4.15 944.68
53.7 4.35 946.59
56.3 4.55 948.51
58.5 4.75 950.42
60.8 4.95 952.33
63.3 5.15 954.24
65.5 5.35 956.16
67.7 5.55 958.07
70 5.75 959.98
72.1 5.95 961.89
74.2 6.15 963.8
76.5 6.35 965.72
78.5 6.55 967.63
80.6 6.75 969.54
83.2 6.95 971.45
85.8 7.15 973.37
88.5 7.35 975.28
91.3 7.55 977.19
94.2 7.75 979.1
97.4 7.95 981.02
99.7 8 982.93
99.5 7.6 984.84
98.5 7.1 986.75
97.5 6.7 988.66
96.7 6.4 990.58
96 6.15 992.49
95.3 5.95 994.4
94.8 5.75 996.31
94 5.55 998.23
93.1 5.2 1000.1
92.3 5.05 1002.1
91.5 4.85 1004
90.7 4.65 1005.9
89.7 4.45 1007.8
88.7 4.25 1009.7
87.7 4.05 1011.6
86.7 3.85 1013.5
85.4 3.65 1015.4
84.1 3.45 1017.3
83 3.25 1019.3
81.2 3.05 1021.2
79.5 2.85 1023.1
77.8 2.65 1025
75 2.45 1026.9
72.8 2.25 1028.8
70.5 2.05 1030.7
68.1 1.85 1032.6
65.1 1.65 1034.6
62.2 1.45 1036.5
59.1 1.25 1038.4
55.4 1.05 1040.3
51.5 0.85 1042.2
47.6 0.65 1044.1
43.2 0.45 1046
38.4 0.25 1047.9
32.4 0.05 1049.9
26.7 -0.15 1051.8
20.2 -0.35 1053.7
14.1 -0.55 1055.6
7.7 -0.75 1057.5
1.7 -0.95 1059.4
-3.5 -1.15 1061.3
-8.4 -1.35 1063.2
-12.8 -1.55 1065.2
-16.7 -1.75 1067.1
-20.1 -1.95 1069
-23.6 -2.15 1070.9
-26.8 -2.35 1072.8
-30 -2.55 1074.7
-32.9 -2.75 1076.6
-36 -2.95 1078.5
-38.8 -3.15 1080.5
-41.5 -3.35 1082.4
-44.2 -3.55 1084.3
-47.2 -3.75 1086.2
-50 -3.95 1088.1
-53 -4.15 1090
-56.1 -4.35 1091.9
-58.9 -4.55 1093.8
-61.7 -4.75 1095.8
-64.4 -4.95 1097.7
-67.6 -5.15 1099.6
-70.3 -5.35 1101.5
-73.3 -5.55 1103.4
-76.1 -5.75 1105.3
-78.9 -5.95 1107.2
-81 -6.15 1109.1
-84.5 -6.35 1111.1
-87.6 -6.55 1113
-90.9 -6.75 1114.9
-94.1 -6.95 1116.8
-97.5 -7.15 1118.7
-99.8 -7.25 1120.6
-99.5 -7 1122.5
-98.4 -6.55 1124.4
-97.8 -6.2 1126.4
-97.1 -6.05 1128.3
-96.6 -5.85 1130.2
-95.9 -5.65 1132.1
-95.3 -5.4 1134
-94.2 -5.25 1135.9
-93.3 -5.05 1137.8
-92.6 -4.85 1139.7
-92.1 -4.65 1141.6
-90.7 -4.45 1143.6
-89.2 -4.15 1145.5
-88.2 -3.95 1147.4
-86.1 -3.75 1149.3
-83.4 -3.55 1151.2
-83 -3.35 1153.1
-79.8 -3.15 1155
-78.5 -2.95 1156.9
-77 -2.75 1158.9
-76.7 -2.55 1160.8
-74.7 -2.35 1162.7
-72.3 -2.15 1164.6
-70.1 -1.95 1166.5
-67 -1.75 1168.4
-63.4 -1.55 1170.3
-60.2 -1.35 1172.2
-57.1 -1.15 1174.2
-53.3 -0.95 1176.1
-49.1 -0.75 1178
-44.7 -0.55 1179.9
-39.9 -0.35 1181.8
-34 -0.15 1183.7
-28.2 0.05 1185.6
-22 0.25 1187.5
-15.8 0.45 1189.5
-9.3 0.65 1191.4
-2.9 0.85 1193.3
9.7 1.15 1195.2
15.2 1.35 1197.1
20.2 1.55 1199
24.9 1.75 1200.9
29 1.95 1202.8
32.7 2.15 1204.8
36.7 2.35 1206.7
40.1 2.55 1208.6
43.6 2.75 1210.5
47 2.95 1212.4
50.2 3.15 1214.3
52.9 3.35 1216.2
55.8 3.55 1218.1
58.7 3.75 1220.1
61.8 3.95 1222
64.6 4.15 1223.9
67.2 4.35 1225.8
69.9 4.55 1227.7
72.6 4.75 1229.6
75.2 4.95 1231.5
78.3 5.15 1233.4
80.5 5.35 1235.4
83.1 5.55 1237.3
85.4 5.75 1239.2
87.8 5.95 1241.1
90.1 6.15 1243
92.6 6.35 1244.9
94.9 6.55 1246.8
97.3 6.75 1248.7
99.6 6.95 1250.7
102.1 7.15 1252.6
104.9 7.35 1254.5
107.6 7.55 1256.4
110.7 7.75 1258.3
113.9 7.95 1260.2
117.5 8.15 1262.1
119.8 8.25 1264
119.7 7.9 1265.9
118.9 7.4 1267.9
118 7 1269.8
117.1 6.55 1271.7
116.4 6.3 1273.6
115.1 5.9 1275.5
114.5 5.75 1277.4
113.7 5.55 1279.3
113 5.35 1281.2
112.4 5.15 1283.2
111.6 4.95 1285.1
111 4.75 1287
110.1 4.55 1288.9
109.1 4.35 1290.8
108.2 4.15 1292.7
107.2 3.95 1294.6
106 3.75 1296.5
104.8 3.55 1298.5
103.4 3.35 1300.4
102.1 3.15 1302.3
100.7 2.95 1304.2
98.9 2.75 1306.1
96.8 2.55 1308
94.6 2.35 1309.9
91.7 2.15 1311.8
88.8 1.95 1313.8
85.6 1.75 1315.7
82.2 1.55 1317.6
78.7 1.35 1319.5
74.3 1.15 1321.4
69.8 0.95 1323.3
64.8 0.75 1325.2
58.8 0.55 1327.1
52.3 0.35 1329.1
45.6 0.15 1331
37.4 -0.05 1332.9
29 -0.25 1334.8
19.7 -0.45 1336.7
11.1 -0.65 1338.6
2.5 -0.85 1340.5
-4.6 -1.05 1342.4
-11 -1.25 1344.4
-16.7 -1.45 1346.3
-21.3 -1.65 1348.2
-25.6 -1.85 1350.1
-29.9 -2.05 1352
-34.1 -2.25 1353.9
-37.7 -2.45 1355.8
-41.3 -2.65 1357.7
-44.6 -2.85 1359.7
-48.3 -3.05 1361.6
-51.6 -3.25 1363.5
-55 -3.45 1365.4
-58.1 -3.65 1367.3
-61.2 -3.85 1369.2
-64.5 -4.05 1371.1
-68.2 -4.25 1373
-71.4 -4.45 1375
-74.8 -4.65 1376.9
-77.9 -4.85 1378.8
-80.8 -5.05 1380.7
-84.5 -5.25 1382.6
-87.5 -5.45 1384.5
-90.2 -5.65 1386.4
-93.2 -5.85 1388.3
-96 -6.05 1390.2
-99.8 -6.25 1392.2
-103.1 -6.45 1394.1
-106.4 -6.65 1396
-110.3 -6.85 1397.9
-114.3 -7.05 1399.8
-118.5 -7.25 1401.7
-119.5 -6.95 1403.6
-118.8 -6.55 1405.5
-117.7 -6.3 1407.5
-116.9 -6 1409.4
-115.7 -5.65 1411.3
-114.8 -5.45 1413.2
-113.4 -5.05 1415.1
-113.2 -4.85 1417
-111.7 -4.6 1418.9
-110.4 -4.35 1420.8
-109.8 -4.15 1422.8
-108.1 -3.95 1424.7
-106.1 -3.75 1426.6
-105.1 -3.55 1428.5
-102.5 -3.35 1430.4
-102.3 -3.15 1432.3
-100.3 -2.95 1434.2
-97.8 -2.75 1436.1
-97.3 -2.55 1438.1
-95.4 -2.35 1440
-93.1 -2.15 1441.9
-90.4 -1.95 1443.8
-87.1 -1.75 1445.7
-83.1 -1.55 1447.6
-79.2 -1.35 1449.5
-74.8 -1.15 1451.4
-70.1 -0.95 1453.4
-64.8 -0.75 1455.3
-58.6 -0.55 1457.2
-52.2 -0.35 1459.1
-44.5 -0.15 1461
-36.8 0.05 1462.9
-28.4 0.25 1464.8
-19.8 0.45 1466.7
-11.7 0.65 1468.7
12 1.05 1470.6
20.2 1.25 1472.5
26.6 1.45 1474.4
32.8 1.65 1476.3
38.4 1.85 1478.2
43.4 2.05 1480.1
47.6 2.25 1482
51.5 2.45 1484
55.6 2.65 1485.9
59.3 2.85 1487.8
62.9 3.05 1489.7
66.1 3.25 1491.6
69.7 3.45 1493.5
72.8 3.65 1495.4
76 3.85 1497.3
79.2 4.05 1499.3
82.2 4.25 1501.2
85.2 4.45 1503.1
88 4.65 1505
90.7 4.85 1506.9
93.4 5.05 1508.8
96.2 5.25 1510.7
98.9 5.45 1512.6
101.5 5.65 1514.6
104.1 5.85 1516.5
106.7 6.05 1518.4
109.4 6.25 1520.3
112 6.45 1522.2
114.4 6.65 1524.1
117.3 6.85 1526
119.9 7.05 1527.9
122.9 7.25 1529.8
125.9 7.45 1531.8
129.2 7.65 1533.7
133.2 7.85 1535.6
137 8.05 1537.5
139.6 8 1539.4
139.2 7.5 1541.3
138.7 7.2 1543.2
137.7 6.8 1545.1
136.9 6.4 1547.1
136.1 6.1 1549
135.3 5.8 1550.9
134.8 5.65 1552.8
134.2 5.4 1554.7
133.4 5.25 1556.6
132.9 5.05 1558.5
132.1 4.85 1560.4
131.3 4.65 1562.4
130.3 4.45 1564.3
129.4 4.2 1566.2
128.2 3.95 1568.1
127.2 3.75 1570
126 3.55 1571.9
124.9 3.35 1573.8
123.7 3.15 1575.7
122.2 2.95 1577.7
120.4 2.75 1579.6
118.6 2.55 1581.5
116.7 2.35 1583.4
114.3 2.15 1585.3
111.3 1.95 1587.2
108.1 1.75 1589.1
104.6 1.55 1591
100.4 1.35 1593
95.4 1.15 1594.9
90.1 0.95 1596.8
84.3 0.75 1598.7
77.3 0.55 1600.6
68.6 0.35 1602.5
58.5 0.15 1604.4
47.1 -0.05 1606.3
35.6 -0.25 1608.3
23.9 -0.45 1610.2
11.7 -0.65 1612.1
-0.1 -0.85 1614
-9.8 -1.05 1615.9
-18.6 -1.25 1617.8
-26 -1.45 1619.7
-32.7 -1.65 1621.6
-38.4 -1.85 1623.6
-43.3 -2.05 1625.5
-48 -2.25 1627.4
-51.8 -2.45 1629.3
-56.1 -2.65 1631.2
-59.8 -2.85 1633.1
-63.9 -3.05 1635
-67.5 -3.25 1636.9
-71.3 -3.45 1638.9
-75.1 -3.65 1640.8
-78.8 -3.85 1642.7
-82.5 -4.05 1644.6
-86.3 -4.25 1646.5
-90.1 -4.45 1648.4
-93.8 -4.65 1650.3
-97.6 -4.85 1652.2
-101.3 -5.05 1654.1
-105.5 -5.25 1656.1
-110.3 -5.45 1658
-113.6 -5.5 1659.9
-115.9 -5.55 1661.8
-119.2 -5.75 1663.7
-122.3 -5.95 1665.6
-125.3 -6.15 1667.5
-128.7 -6.35 1669.4
-132.2 -6.55 1671.4
-136.1 -6.75 1673.3
-138.6 -6.95 1675.2
-139.7 -6.8 1677.1
-138.7 -6.3 1679
-137.8 -5.95 1680.9
-137.1 -5.65 1682.8
-136.4 -5.45 1684.7
-136.2 -5.25 1686.7
-135.1 -5.05 1688.6
-134.3 -4.85 1690.5
-133.6 -4.65 1692.4
-132.7 -4.45 1694.3
-131.2 -4.25 1696.2
-129.9 -4.05 1698.1
-129.4 -3.85 1700
-128.8 -3.65 1702
-127.7 -3.45 1703.9
-125.2 -3.25 1705.8
-123.7 -3.05 1707.7
-122.2 -2.85 1709.6
-120 -2.65 1711.5
-118.4 -2.45 1713.4
-116.3 -2.25 1715.3
-115.1 -2.05 1717.3
-112.3 -1.85 1719.2
-108.4 -1.65 1721.1
-104.3 -1.45 1723
-99.7 -1.25 1724.9
-94.7 -1.05 1726.8
-88.8 -0.85 1728.7
-81.8 -0.65 1730.6
-73.5 -0.45 1732.6
-63.3 -0.25 1734.5
-52.6 -0.05 1736.4
-39.7 0.15 1738.3
-26.4 0.35 1740.2
-13.9 0.55 1742.1
14.9 0.95 1744
24.8 1.15 1745.9
33.4 1.35 1747.9
40.5 1.55 1749.8
46.8 1.75 1751.7
52.6 1.95 1753.6
58.2 2.15 1755.5
63.3 2.35 1757.4
67.2 2.55 1759.3
71 2.75 1761.2
74.8 2.95 1763.2
78.6 3.15 1765.1
82.1 3.35 1767
85.6 3.55 1768.9
89 3.75 1770.8
92.2 3.95 1772.7
95.3 4.15 1774.6
98.3 4.35 1776.5
101.4 4.55 1778.4
104.3 4.75 1780.4
107.2 4.95 1782.3
110.1 5.15 1784.2
112.9 5.35 1786.1
115.9 5.55 1788
118.5 5.75 1789.9
121.4 5.95 1791.8
124.2 6.15 1793.7
126.8 6.35 1795.7
129.5 6.55 1797.6
132.3 6.75 1799.5
134.9 6.95 1801.4
137.6 7.15 1803.3
140.6 7.35 1805.2
143.9 7.55 1807.1
147.5 7.75 1809
151.4 7.95 1811
155.9 8.15 1812.9
159.8 8.1 1814.8
159.3 7.5 1816.7
158.6 7.1 1818.6
158.1 6.8 1820.5
157.2 6.45 1822.4
156.3 6.1 1824.3
155.7 5.95 1826.3
155.1 5.7 1828.2
154.3 5.4 1830.1
153.7 5.25 1832
152.9 5.05 1833.9
152.3 4.85 1835.8
151.5 4.65 1837.7
150.7 4.45 1839.6
149.5 4.15 1841.6
148.7 3.95 1843.5
147.6 3.75 1845.4
146.7 3.55 1847.3
145.9 3.35 1849.2
144.6 3.15 1851.1
143.2 2.95 1853
141.8 2.75 1854.9
140.1 2.55 1856.9
138.3 2.35 1858.8
136.2 2.15 1860.7
133.8 1.95 1862.6
130.6 1.75 1864.5
127.3 1.55 1866.4
123.7 1.35 1868.3
118.8 1.15 1870.2
112.4 0.95 1872.2
104.8 0.75 1874.1
95.7 0.55 1876
85.2 0.35 1877.9
73.4 0.15 1879.8
60.1 -0.05 1881.7
46.1 -0.25 1883.6
29.3 -0.45 1885.5
12 -0.65 1887.5
-2.6 -0.85 1889.4
-16.2 -1.05 1891.3
-27.5 -1.25 1893.2
-36.5 -1.45 1895.1
-43.7 -1.65 1897
-50.7 -1.85 1898.9
-57.4 -2.05 1900.8
-63.9 -2.25 1902.7
-69.7 -2.45 1904.7
-74.8 -2.65 1906.6
-79 -2.85 1908.5
-83.3 -3.05 1910.4
-87.5 -3.25 1912.3
-91.3 -3.45 1914.2
-95.4 -3.65 1916.1
-99.5 -3.85 1918
-103.2 -4.05 1920
-107.2 -4.25 1921.9
-111.8 -4.45 1923.8
-115.5 -4.65 1925.7
-119.5 -4.85 1927.6
-122.6 -5.05 1929.5
-125.8 -5.25 1931.4
-129 -5.45 1933.3
-131.7 -5.65 1935.3
-134.6 -5.85 1937.2
-137.8 -6.05 1939.1
-140.6 -6.25 1941
-144.6 -6.45 1942.9
-147.9 -6.65 1944.8
-151.8 -6.85 1946.7
-156.4 -7.05 1948.6
-159.5 -7.15 1950.6
-159 -6.9 1952.5
-158.5 -6.5 1954.4
-157.9 -6.05 1956.3
-157.2 -5.85 1958.2
-156.5 -5.65 1960.1
-155.7 -5.2 1962
-155 -5.05 1963.9
-153.5 -4.75 1965.9
-152.8 -4.55 1967.8
-152 -4.35 1969.7
-150.6 -4.15 1971.6
-149.5 -3.85 1973.5
-148.1 -3.65 1975.4
-146.4 -3.45 1977.3
-146 -3.25 1979.2
-144.2 -3.05 1981.2
-141.6 -2.85 1983.1
-140 -2.65 1985
-137.8 -2.45 1986.9
-135.2 -2.25 1988.8
-133.2 -2.05 1990.7
-131 -1.85 1992.6
-128.2 -1.65 1994.5
-123.8 -1.45 1996.5
-118.9 -1.25 1998.4
-113.4 -1.05 2000.3
-106.2 -0.85 2002.2
-97.7 -0.65 2004.1
-87.8 -0.45 2006
-75.8 -0.25 2007.9
-62.5 -0.05 2009.8
-47.2 0.15 2011.8
-35 0.35 2013.7
-30.4 0.4 2015.6
-14.3 0.55 2017.5
19.3 1.25 2019.4
30 1.45 2021.3
39.9 1.65 2023.2
49 1.85 2025.1
56.9 2.05 2027
64.2 2.25 2029
70.8 2.45 2030.9
77.3 2.65 2032.8
82.8 2.85 2034.7
87.3 3.05 2036.6
91.8 3.25 2038.5
95.8 3.45 2040.4
99.9 3.65 2042.3
103.8 3.85 2044.3
107.9 4.05 2046.2
111.5 4.25 2048.1
115.9 4.45 2050
119.8 4.65 2051.9
123.9 4.85 2053.8
127.8 5.05 2055.7
131.7 5.25 2057.6
135.5 5.45 2059.6
139.6 5.65 2061.5
144.3 5.85 2063.4
149.5 6.05 2065.3
154.8 6.25 2067.2
160.1 6.45 2069.1
164.1 6.45 2071
170 6.65 2072.9
176.8 6.85 2074.9
180 6.95 2076.8
180.1 6.5 2078.7
179.4 6 2080.6
178.5 5.6 2082.5
177.6 5.15 2084.4
176.7 4.8 2086.3
176 4.5 2088.2
175.2 4.35 2090.2
174.7 4.1 2092.1
174 3.8 2094
172.9 3.65 2095.9
172.2 3.45 2097.8
171.3 3.25 2099.7
170.4 3.05 2101.6
169.4 2.85 2103.5
168.2 2.65 2105.5
166.7 2.45 2107.4
165 2.25 2109.3
162.8 2.05 2111.2
160.5 1.85 2113.1
157.2 1.65 2115
153.2 1.45 2116.9
147.9 1.25 2118.8
141.9 1.05 2120.8
134.1 0.85 2122.7
124.2 0.65 2124.6
112.4 0.45 2126.5
97.7 0.25 2128.4
80.5 0.05 2130.3
61.4 -0.15 2132.2
39 -0.35 2134.1
15.3 -0.55 2136.1
-6 -0.75 2138
-25.6 -0.95 2139.9
-41.1 -1.15 2141.8
-54.2 -1.35 2143.7
-65.7 -1.55 2145.6
-75.9 -1.75 2147.5
-84 -1.95 2149.4
-91 -2.15 2151.3
-97.1 -2.35 2153.3
-102.8 -2.55 2155.2
-108.2 -2.75 2157.1
-113.8 -2.95 2159
-118.8 -3.15 2160.9
-124.2 -3.35 2162.8
-129.1 -3.55 2164.7
-133.6 -3.75 2166.6
-138.2 -3.95 2168.6
-142.6 -4.15 2170.5
-146.6 -4.35 2172.4
-150.5 -4.55 2174.3
-154.9 -4.75 2176.2
-159.1 -4.95 2178.1
-164.8 -5.15 2180
-169.6 -5.35 2181.9
-174.2 -5.55 2183.9
-178.5 -5.75 2185.8
-179.6 -5.65 2187.7
-178.5 -5.05 2189.6
-177.8 -4.7 2191.5
-176.8 -4.45 2193.4
-176.5 -4.2 2195.3
-175.7 -4.05 2197.2
-175.3 -3.8 2199.2
-174.8 -3.65 2201.1
-173.9 -3.45 2203
-173.1 -3.25 2204.9
-172.1 -3.05 2206.8
-170.8 -2.75 2208.7
-169.5 -2.55 2210.6
-167.9 -2.35 2212.5
-166.5 -2.15 2214.5
-163.6 -1.95 2216.4
-161.4 -1.75 2218.3
-158 -1.55 2220.2
-155.1 -1.35 2222.1
-152 -1.15 2224
-146.5 -0.95 2225.9
-137.3 -0.75 2227.8
-126.1 -0.55 2229.8
-112.5 -0.35 2231.7
-97 -0.15 2233.6
-75.8 0.05 2235.5
-49 0.25 2237.4
-23.4 0.45 2239.3
-1.7 0.65 2241.2
