0 0 0
0.5 0.2 1.7308
1.3 0.3 3.4615
0.5 0 5.1923
-0.3 -0.25 6.923
-1.2 -0.35 8.6538
-0.6 -0.15 10.385
-0.1 0.1 12.115
0.6 0.25 13.846
1.7 0.45 15.577
2.2 0.55 17.308
1.7 0.35 19.038
0.8 0 20.769
0.1 -0.15 22.5
-0.8 -0.35 24.231
-1.7 -0.55 25.961
-1.9 -0.45 27.692
-1.3 -0.2 29.423
-0.4 -0.05 31.154
0.3 0.15 32.884
1.2 0.35 34.615
2 0.55 36.346
3 0.75 38.077
4.2 0.95 39.807
4.4 0.85 41.538
3.9 0.6 43.269
3.2 0.45 45
2.4 0.25 46.731
1.5 0.05 48.461
0.7 -0.15 50.192
-0.4 -0.35 51.923
-1.7 -0.55 53.654
-2.9 -0.75 55.384
-4.5 -0.95 57.115
-4.2 -0.75 58.846
-3.3 -0.55 60.577
-2.2 -0.35 62.307
-1.3 -0.15 64.038
0 0.15 65.769
1 0.35 67.5
2 0.55 69.23
3.1 0.75 70.961
4.2 0.95 72.692
5.3 1.15 74.423
6.7 1.35 76.153
6.5 1.15 77.884
5.7 0.85 79.615
5 0.65 81.346
4.1 0.45 83.076
3.1 0.25 84.807
2.3 0.05 86.538
1 -0.15 88.269
-0.1 -0.35 90
-1.5 -0.55 91.73
-3 -0.75 93.461
-4.6 -1.05 95.192
-5.8 -1.25 96.923
-6.7 -1.45 98.653
-6.2 -1.35 100.38
-6.7 -1.1 102.11
-4.7 -0.95 103.85
-3.6 -0.75 105.58
-3.1 -0.55 107.31
-2.3 -0.35 109.04
-1.9 -0.15 110.77
-0.9 0.05 112.5
0.2 0.25 114.23
1.3 0.45 115.96
2.4 0.65 117.69
3.6 0.85 119.42
4.8 1.05 121.15
6.1 1.25 122.88
7.4 1.45 124.61
8.9 1.65 126.35
9.3 1.55 128.08
8.8 1.35 129.81
8 1.15 131.54
7.1 0.95 133.27
6.3 0.75 135
5.4 0.55 136.73
4.4 0.35 138.46
3.3 0.15 140.19
1.9 -0.05 141.92
0.8 -0.25 143.65
-0.7 -0.45 145.38
-1.9 -0.65 147.11
-3.6 -0.85 148.85
-4.6 -1.05 150.58
-4.7 -1.25 152.31
-7 -1.45 154.04
-7.7 -1.65 155.77
-9 -1.85 157.5
-9.1 -1.65 159.23
-8.1 -1.25 160.96
-7.1 -0.95 162.69
-5.6 -0.75 164.42
-4.3 -0.55 166.15
-2.5 -0.35 167.88
2.3 0.65 169.61
3.4 0.85 171.35
4.7 1.05 173.08
5.9 1.25 174.81
7.4 1.45 176.54
8.8 1.65 178.27
10.3 1.85 180
11.8 2.05 181.73
13.4 2.25 183.46
15.2 2.45 185.19
16.9 2.65 186.92
18.6 2.85 188.65
19.8 2.95 190.38
19.3 2.6 192.11
18.3 2.35 193.85
17.6 2.1 195.58
16.7 1.95 197.31
15.4 1.65 199.04
14.4 1.45 200.77
13.2 1.25 202.5
11.9 1.05 204.23
10.8 0.85 205.96
9.6 0.65 207.69
8.1 0.45 209.42
6.5 0.25 211.15
5.6 0.05 212.88
3.9 -0.15 214.61
2.2 -0.35 216.34
1.3 -0.55 218.08
-1.4 -0.75 219.81
-3.4 -0.95 221.54
-4.7 -1.15 223.27
-6 -1.35 225
-7.6 -1.55 226.73
-8.9 -1.75 228.46
-10.4 -1.95 230.19
-12.2 -2.15 231.92
-13.7 -2.35 233.65
-15.3 -2.55 235.38
-17 -2.75 237.11
-19 -2.95 238.84
-19.3 -2.8 240.58
-18.3 -2.45 242.31
-17.5 -2.25 244.04
-16.7 -2.05 245.77
-15 -1.65 247.5
-14.1 -1.45 249.23
-12.8 -1.25 250.96
-11.5 -1.05 252.69
-10.1 -0.85 254.42
-7.7 -0.65 256.15
-6 -0.45 257.88
-3.9 -0.25 259.61
-2.7 -0.05 261.34
1 0.55 263.08
2.1 0.75 264.81
3.6 0.95 266.54
5.1 1.15 268.27
6.5 1.35 270
8.3 1.55 271.73
10 1.75 273.46
11.4 1.95 275.19
13.1 2.15 276.92
14.8 2.35 278.65
16.4 2.55 280.38
18.1 2.75 282.11
19.7 2.95 283.84
21.4 3.15 285.58
23.2 3.35 287.31
25.1 3.55 289.04
27 3.75 290.77
29.4 3.95 292.5
31.4 4.15 294.23
33.6 4.35 295.96
35.8 4.55 297.69
38.3 4.75 299.42
40 4.85 301.15
39.1 4.45 302.88
38.1 4.15 304.61
37.5 3.9 306.34
36.7 3.75 308.08
36 3.55 309.81
34.9 3.35 311.54
33.9 3.15 313.27
33.1 2.95 315
31.9 2.75 316.73
30.8 2.55 318.46
29.3 2.35 320.19
27.8 2.15 321.92
26.6 1.95 323.65
25.3 1.75 325.38
23.9 1.55 327.11
21.9 1.35 328.84
20.8 1.15 330.58
18.9 0.95 332.31
17.5 0.75 334.04
15.8 0.55 335.77
13.9 0.35 337.5
11 0.15 339.23
8.6 -0.05 340.96
6.2 -0.25 342.69
3.8 -0.45 344.42
1.8 -0.65 346.15
-0.1 -0.85 347.88
-2.1 -1.05 349.61
-4.1 -1.25 351.34
-5.8 -1.45 353.08
-7.6 -1.65 354.81
-9.4 -1.85 356.54
-11.1 -2.05 358.27
-12.9 -2.25 360
-14.8 -2.45 361.73
-16.4 -2.65 363.46
-18.1 -2.85 365.19
-19.9 -3.05 366.92
-21.4 -3.25 368.65
-23.3 -3.45 370.38
-25.3 -3.65 372.11
-28 -3.85 373.84
-30.2 -4.05 375.57
-32.7 -4.25 377.31
-35.1 -4.45 379.04
-37.5 -4.65 380.77
-39.5 -4.85 382.5
-40.6 -4.75 384.23
-39.4 -4.5 385.96
-38.3 -4.15 387.69
-37.5 -3.85 389.42
-37.1 -3.65 391.15
-36.3 -3.45 392.88
-35.4 -3.25 394.61
-34.4 -3.05 396.34
-33.1 -2.85 398.07
-31.7 -2.65 399.81
-30.6 -2.45 401.54
-29.2 -2.25 403.27
-27.4 -2.05 405
-24.7 -1.85 406.73
-23.5 -1.65 408.46
-22.1 -1.45 410.19
-19.9 -1.25 411.92
-18.3 -1.05 413.65
-17.2 -0.85 415.38
-15.2 -0.65 417.11
-12.4 -0.45 418.84
-9.9 -0.25 420.57
-7.8 -0.05 422.31
-5.4 0.15 424.04
-3.3 0.35 425.77
2.1 0.85 427.5
4 1.05 429.23
6 1.25 430.96
8.1 1.45 432.69
10.1 1.65 434.42
12 1.85 436.15
13.8 2.05 437.88
15.8 2.25 439.61
17.9 2.45 441.34
19.7 2.65 443.07
21.6 2.85 444.81
23.6 3.05 446.54
25.8 3.25 448.27
27.5 3.45 450
29.7 3.65 451.73
31.5 3.85 453.46
33.6 4.05 455.19
35.4 4.25 456.92
37.4 4.45 458.65
39.6 4.65 460.38
41.6 4.85 462.11
44 5.05 463.84
46 5.25 465.57
48.9 5.45 467.31
51.5 5.65 469.04
54.7 5.85 470.77
57.8 6.05 472.5
59.8 6.15 474.23
59.5 5.85 475.96
58.7 5.5 477.69
58.1 5.35 479.42
57.5 5.15 481.15
56.7 4.95 482.88
55.7 4.75 484.61
54.8 4.55 486.34
54 4.35 488.07
52.8 4.15 489.81
51.8 3.95 491.54
50.6 3.75 493.27
49.4 3.55 495
48.6 3.35 496.73
46.9 3.15 498.46
45.1 2.95 500.19
43.7 2.75 501.92
42 2.55 503.65
40.3 2.35 505.38
38.6 2.15 507.11
37 1.95 508.84
34.8 1.75 510.57
33 1.55 512.3
31.1 1.35 514.04
28.9 1.15 515.77
26.6 0.95 517.5
24.3 0.75 519.23
22 0.55 520.96
19.8 0.35 522.69
17.3 0.15 524.42
14 -0.05 526.15
11.3 -0.25 527.88
7.4 -0.45 529.61
4.3 -0.65 531.34
1.1 -0.85 533.07
-1.6 -1.05 534.8
-3.9 -1.25 536.54
-6.3 -1.45 538.27
-8.5 -1.65 540
-10.3 -1.85 541.73
-12.8 -2.05 543.46
-15.1 -2.25 545.19
-17 -2.45 546.92
-19.1 -2.65 548.65
-20.8 -2.85 550.38
-22.9 -3.05 552.11
-24.9 -3.25 553.84
-27.1 -3.45 555.57
-29.1 -3.65 557.3
-31.1 -3.85 559.04
-33.2 -4.05 560.77
-35.4 -4.25 562.5
-37.3 -4.45 564.23
-39.2 -4.65 565.96
-41.4 -4.85 567.69
-44 -5.05 569.42
-46.7 -5.25 571.15
-49.7 -5.45 572.88
-52.8 -5.65 574.61
-56.3 -5.85 576.34
-59 -6.05 578.07
-59.3 -5.9 579.8
-58.6 -5.45 581.54
-57.9 -5.2 583.27
-57.1 -4.95 585
-56.5 -4.75 586.73
-55.8 -4.5 588.46
-55 -4.35 590.19
-54.2 -4.15 591.92
-53.2 -3.95 593.65
-51.5 -3.65 595.38
-50.2 -3.45 597.11
-47.6 -3.25 598.84
-45.9 -3.05 600.57
-44.9 -2.85 602.3
-42.5 -2.65 604.04
-39.7 -2.45 605.77
-38.9 -2.25 607.5
-37.9 -2.05 609.23
-36.5 -1.85 610.96
-34.4 -1.65 612.69
-32.1 -1.45 614.42
-29.8 -1.25 616.15
-27.4 -1.05 617.88
-24.7 -0.85 619.61
-21.9 -0.65 621.34
-18.9 -0.45 623.07
-15.9 -0.25 624.8
-13.2 -0.05 626.54
-9.8 0.15 628.27
-6.9 0.35 630
-3.9 0.55 631.73
3.8 1.05 633.46
6 1.25 635.19
8.8 1.45 636.92
11.3 1.65 638.65
13.6 1.85 640.38
16 2.05 642.11
18.4 2.25 643.84
20.5 2.45 645.57
22.7 2.65 647.3
25.2 2.85 649.03
27.3 3.05 650.77
29.7 3.25 652.5
31.9 3.45 654.23
34.2 3.65 655.96
36.7 3.85 657.69
39.2 4.05 659.42
41.4 4.25 661.15
43.7 4.45 662.88
45.9 4.65 664.61
48.4 4.85 666.34
50.7 5.05 668.07
53.1 5.25 669.8
55.4 5.45 671.53
57.7 5.65 673.27
60.1 5.85 675
62.8 6.05 676.73
65.8 6.25 678.46
68.8 6.45 680.19
72.3 6.65 681.92
76 6.85 683.65
79.2 7.05 685.38
79.5 6.7 687.11
78.8 6.45 688.84
77.9 6.25 690.57
77.4 6 692.3
76.5 5.75 694.03
75.6 5.55 695.77
74.7 5.35 697.5
73.7 5.15 699.23
72.7 4.95 700.96
71.7 4.75 702.69
70.8 4.55 704.42
69.3 4.35 706.15
68 4.15 707.88
66.7 3.95 709.61
65.3 3.75 711.34
63.7 3.55 713.07
62 3.35 714.8
60.8 3.15 716.53
58.9 2.95 718.27
57.1 2.75 720
55.2 2.55 721.73
53.1 2.35 723.46
50.7 2.15 725.19
48.8 1.95 726.92
46.6 1.75 728.65
44.2 1.55 730.38
41.7 1.35 732.11
39.3 1.15 733.84
36.4 0.95 735.57
33.8 0.75 737.3
31 0.55 739.03
27.5 0.35 740.77
24.3 0.15 742.5
20.7 -0.05 744.23
16.7 -0.25 745.96
12.2 -0.45 747.69
8.2 -0.65 749.42
3.9 -0.85 751.15
0 -1.05 752.88
-3.4 -1.25 754.61
-6.6 -1.45 756.34
-9.4 -1.65 758.07
-12.1 -1.85 759.8
-15 -2.05 761.53
-17.4 -2.25 763.27
-19.9 -2.45 765
-21.9 -2.65 766.73
-24.5 -2.85 768.46
-27 -3.05 770.19
-29.2 -3.25 771.92
-31.6 -3.45 773.65
-34 -3.65 775.38
-36.4 -3.85 777.11
-38.2 -4.05 778.84
-40.8 -4.25 780.57
-42.9 -4.45 782.3
-45.4 -4.65 784.03
-47.7 -4.85 785.76
-50.1 -5.05 787.5
-52.8 -5.25 789.23
-55.3 -5.45 790.96
-57.7 -5.65 792.69
-60.2 -5.85 794.42
-63.5 -6.05 796.15
-66.7 -6.25 797.88
-70.1 -6.45 799.61
-74 -6.65 801.34
-77.6 -6.85 803.07
-79.8 -6.95 804.8
-79.4 -6.6 806.53
-78.6 -6.45 808.26
-77.5 -6.05 810
-76.9 -5.8 811.73
-76 -5.55 813.46
-75.5 -5.3 815.19
-74.8 -5.15 816.92
-74.1 -4.95 818.65
-73.2 -4.75 820.38
-72.2 -4.55 822.11
-71.3 -4.35 823.84
-69.8 -4.15 825.57
-68.6 -3.95 827.3
-67.5 -3.75 829.03
-65.3 -3.55 830.76
-63.1 -3.35 832.5
-61.6 -3.15 834.23
-58.4 -2.95 835.96
-56.2 -2.75 837.69
-56.1 -2.55 839.42
-53.7 -2.35 841.15
-51.4 -2.15 842.88
-49.2 -1.95 844.61
-46.5 -1.75 846.34
-43.9 -1.55 848.07
-41.1 -1.35 849.8
-38 -1.15 851.53
-35.4 -0.95 853.26
-32.3 -0.75 855
-28.1 -0.55 856.73
-24.2 -0.35 858.46
-20.6 -0.15 860.19
-16.7 0.05 861.92
-12.1 0.25 863.65
-8.1 0.45 865.38
-4.2 0.65 867.11
4.6 1.05 868.84
8.2 1.25 870.57
11.1 1.45 872.3
14.2 1.65 874.03
17.1 1.85 875.76
20.1 2.05 877.5
22.7 2.25 879.23
25.5 2.45 880.96
28.2 2.65 882.69
31.2 2.85 884.42
33.9 3.05 886.15
36.6 3.25 887.88
39.3 3.45 889.61
42 3.65 891.34
44.7 3.85 893.07
47.6 4.05 894.8
50 4.25 896.53
52.7 4.45 898.26
55.4 4.65 900
58.1 4.85 901.73
60.8 5.05 903.46
63.5 5.25 905.19
66.2 5.45 906.92
69 5.65 908.65
71.7 5.85 910.38
74.3 6.05 912.11
77.2 6.25 913.84
80.4 6.45 915.57
84.1 6.65 917.3
89.2 6.85 919.03
94.2 7.05 920.76
98.4 7.25 922.5
99.5 7.05 924.23
98.6 6.6 925.96
97.9 6.45 927.69
97.3 6.2 929.42
96.5 6.05 931.15
95.6 5.85 932.88
94.2 5.55 934.61
93.2 5.35 936.34
92 5.15 938.07
90.9 4.95 939.8
89.8 4.75 941.53
88.4 4.55 943.26
87.2 4.35 944.99
85.7 4.15 946.73
83.9 3.95 948.46
82.7 3.75 950.19
80.8 3.55 951.92
78.8 3.35 953.65
76.8 3.15 955.38
74.4 2.95 957.11
72.4 2.75 958.84
70.3 2.55 960.57
68 2.35 962.3
65.8 2.15 964.03
63.3 1.95 965.76
60.6 1.75 967.49
57.8 1.55 969.23
55 1.35 970.96
51.9 1.15 972.69
49.1 0.95 974.42
45.7 0.75 976.15
42.2 0.55 977.88
38.6 0.35 979.61
34.3 0.15 981.34
30.3 -0.05 983.07
25.6 -0.25 984.8
20.6 -0.45 986.53
15.1 -0.65 988.26
9.8 -0.85 989.99
4.5 -1.05 991.73
-0.2 -1.25 993.46
-4.4 -1.45 995.19
-8.3 -1.65 996.92
-11.6 -1.85 998.65
-15.4 -2.05 1000.4
-18.9 -2.25 1002.1
-21.7 -2.45 1003.8
-24.8 -2.65 1005.6
-27.9 -2.85 1007.3
-30.5 -3.05 1009
-33.4 -3.25 1010.8
-36.3 -3.45 1012.5
-38.7 -3.65 1014.2
-41.4 -3.85 1016
-44.1 -4.05 1017.7
-47 -4.25 1019.4
-49.4 -4.45 1021.1
-52.1 -4.65 1022.9
-55 -4.85 1024.6
-57.8 -5.05 1026.3
-60.4 -5.25 1028.1
-63.8 -5.45 1029.8
-66.8 -5.65 1031.5
-69.6 -5.85 1033.3
-72.7 -6.05 1035
-75.7 -6.25 1036.7
-78.8 -6.45 1038.5
-81.9 -6.65 1040.2
-84.7 -6.85 1041.9
-88.3 -7.05 1043.6
-91.6 -7.25 1045.4
-95.1 -7.45 1047.1
-98.7 -7.65 1048.8
-99.6 -7.55 1050.6
-99.1 -7.2 1052.3
-98.3 -6.8 1054
-97.6 -6.6 1055.8
-96.4 -6.2 1057.5
-95.6 -6.05 1059.2
-94.9 -5.85 1061
-94.2 -5.6 1062.7
-93.2 -5.45 1064.4
-91.8 -5.15 1066.1
-91.6 -4.95 1067.9
-90.2 -4.7 1069.6
-89.2 -4.55 1071.3
-86.6 -4.35 1073.1
-85.6 -4.15 1074.8
-83.7 -3.95 1076.5
-82 -3.75 1078.3
-81.4 -3.55 1080
-80 -3.35 1081.7
-78.9 -3.15 1083.5
-77.3 -2.95 1085.2
-75.2 -2.75 1086.9
-72.4 -2.55 1088.6
-69.8 -2.35 1090.4
-67.4 -2.15 1092.1
-64.9 -1.95 1093.8
-62.3 -1.75 1095.6
-59 -1.55 1097.3
-55.8 -1.35 1099
-52.1 -1.15 1100.8
-48.6 -0.95 1102.5
-44.8 -0.75 1104.2
-39.8 -0.55 1106
-34.8 -0.35 1107.7
-29.5 -0.15 1109.4
-24.2 0.05 1111.1
-18.4 0.25 1112.9
-12.1 0.45 1114.6
-6.5 0.65 1116.3
5.2 0.95 1118.1
10.4 1.15 1119.8
14.4 1.35 1121.5
18.7 1.55 1123.3
22.4 1.75 1125
26.4 1.95 1126.7
30.2 2.15 1128.5
33.6 2.35 1130.2
36.9 2.55 1131.9
40.7 2.75 1133.6
43.4 2.95 1135.4
46.8 3.15 1137.1
49.8 3.35 1138.8
53.1 3.55 1140.6
56.3 3.75 1142.3
59.5 3.95 1144
62.6 4.15 1145.8
65.9 4.35 1147.5
68.8 4.55 1149.2
72 4.75 1151
75 4.95 1152.7
78.3 5.15 1154.4
81.4 5.35 1156.1
84.5 5.55 1157.9
87.6 5.75 1159.6
90.6 5.95 1161.3
93.7 6.15 1163.1
97.2 6.35 1164.8
100.6 6.55 1166.5
104.1 6.75 1168.3
108.3 6.95 1170
112.6 7.15 1171.7
117.3 7.35 1173.5
119.8 7.4 1175.2
119.5 7.1 1176.9
118.6 6.7 1178.6
117.9 6.55 1180.4
117.1 6.35 1182.1
116.3 6.15 1183.8
115.5 5.95 1185.6
114.6 5.75 1187.3
113.7 5.55 1189
112.6 5.35 1190.8
111.5 5.15 1192.5
110.5 4.95 1194.2
109 4.75 1196
107.8 4.55 1197.7
106.4 4.35 1199.4
104.7 4.15 1201.1
103.4 3.95 1202.9
101.4 3.75 1204.6
99.8 3.55 1206.3
98.2 3.35 1208.1
95.1 3.15 1209.8
93 2.95 1211.5
90.8 2.75 1213.3
88.3 2.55 1215
85.9 2.35 1216.7
83.3 2.15 1218.5
80.5 1.95 1220.2
77.6 1.75 1221.9
74.4 1.55 1223.6
71.1 1.35 1225.4
67.7 1.15 1227.1
64.1 0.95 1228.8
60.2 0.75 1230.6
55.8 0.55 1232.3
50.9 0.35 1234
46 0.15 1235.8
39.4 -0.05 1237.5
32.6 -0.25 1239.2
24 -0.45 1241
15.3 -0.65 1242.7
7 -0.85 1244.4
-1 -1.05 1246.1
-7.9 -1.25 1247.9
-13.9 -1.45 1249.6
-19.1 -1.65 1251.3
-23.6 -1.85 1253.1
-28 -2.05 1254.8
-31.9 -2.25 1256.5
-35.7 -2.45 1258.3
-39 -2.65 1260
-42.4 -2.85 1261.7
-45.8 -3.05 1263.5
-49 -3.25 1265.2
-52.1 -3.45 1266.9
-55.2 -3.65 1268.6
-58.2 -3.85 1270.4
-61.1 -4.05 1272.1
-64.1 -4.25 1273.8
-67 -4.45 1275.6
-70 -4.65 1277.3
-73.1 -4.85 1279
-76.3 -5.05 1280.8
-79.5 -5.25 1282.5
-82.2 -5.45 1284.2
-85.2 -5.65 1286
-88.6 -5.85 1287.7
-92.2 -6.05 1289.4
-95.5 -6.25 1291.1
-98.8 -6.45 1292.9
-101.5 -6.65 1294.6
-104.5 -6.85 1296.3
-107.2 -7.05 1298.1
-109.6 -7.25 1299.8
-112.6 -7.45 1301.5
-115.9 -7.65 1303.3
-118.7 -7.85 1305
-120.1 -7.7 1306.7
-118.5 -7.3 1308.5
-117.5 -6.85 1310.2
-116.9 -6.55 1311.9
-115.8 -6.2 1313.6
-115.1 -5.9 1315.4
-114.2 -5.75 1317.1
-112.8 -5.55 1318.8
-112.2 -5.3 1320.6
-110.7 -5.05 1322.3
-109.8 -4.85 1324
-108.4 -4.65 1325.8
-108.3 -4.45 1327.5
-105.6 -4.25 1329.2
-104.6 -4.05 1331
-103.4 -3.85 1332.7
-101.6 -3.65 1334.4
-100.1 -3.45 1336.1
-97.5 -3.25 1337.9
-97.7 -3.05 1339.6
-96 -2.85 1341.3
-93.8 -2.65 1343.1
-91.1 -2.45 1344.8
-87.9 -2.25 1346.5
-84.9 -2.05 1348.3
-82.3 -1.85 1350
-79.4 -1.65 1351.7
-75.9 -1.45 1353.5
-72.2 -1.25 1355.2
-68 -1.05 1356.9
-63.2 -0.85 1358.6
-57.9 -0.65 1360.4
-50.7 -0.45 1362.1
-43 -0.25 1363.8
-34.9 -0.05 1365.6
-25.9 0.15 1367.3
-17 0.35 1369
-8.4 0.55 1370.8
-1.3 0.75 1372.5
5.1 0.95 1374.2
18.2 1.05 1376
23.1 1.25 1377.7
27.8 1.45 1379.4
33 1.65 1381.1
37.5 1.85 1382.9
42 2.05 1384.6
46.3 2.25 1386.3
49.9 2.45 1388.1
53.8 2.65 1389.8
57.5 2.85 1391.5
61.1 3.05 1393.3
64.7 3.25 1395
68.2 3.45 1396.7
71.6 3.65 1398.5
74.8 3.85 1400.2
78.3 4.05 1401.9
81.7 4.25 1403.6
85.1 4.45 1405.4
88.4 4.65 1407.1
91.7 4.85 1408.8
94.9 5.05 1410.6
98.5 5.25 1412.3
101.5 5.45 1414
104.8 5.65 1415.8
108.1 5.85 1417.5
111.3 6.05 1419.2
114.5 6.25 1421
118.1 6.45 1422.7
121.6 6.65 1424.4
125.6 6.85 1426.1
130.2 7.05 1427.9
136.7 7.25 1429.6
139.8 7.25 1431.3
139.4 6.8 1433.1
138.3 6.45 1434.8
137.6 6.2 1436.5
136.6 6.05 1438.3
135.9 5.85 1440
135.2 5.65 1441.7
134.2 5.45 1443.5
133.3 5.25 1445.2
132 5.05 1446.9
130.8 4.85 1448.6
129.5 4.65 1450.4
128.5 4.45 1452.1
126.7 4.25 1453.8
125.3 4.05 1455.6
123.5 3.85 1457.3
122 3.65 1459
120 3.45 1460.8
117.8 3.25 1462.5
115.5 3.05 1464.2
113.2 2.85 1466
111.1 2.65 1467.7
108.4 2.45 1469.4
105.7 2.25 1471.1
102.9 2.05 1472.9
99.9 1.85 1474.6
96.4 1.65 1476.3
93.1 1.45 1478.1
89.5 1.25 1479.8
85.8 1.05 1481.5
81.4 0.85 1483.3
76.9 0.65 1485
71.5 0.45 1486.7
65.4 0.25 1488.5
57.2 0.05 1490.2
47 -0.15 1491.9
34.8 -0.35 1493.6
21.6 -0.55 1495.4
9.2 -0.75 1497.1
-1.7 -0.95 1498.8
-12.3 -1.15 1500.6
-20.9 -1.35 1502.3
-28.2 -1.55 1504
-34 -1.75 1505.8
-39.4 -1.95 1507.5
-44.2 -2.15 1509.2
-48.6 -2.35 1511
-52.9 -2.55 1512.7
-57.1 -2.75 1514.4
-60.6 -2.95 1516.1
-64.4 -3.15 1517.9
-67.8 -3.35 1519.6
-71.1 -3.55 1521.3
-74.3 -3.75 1523.1
-77.3 -3.95 1524.8
-80.4 -4.15 1526.5
-83.5 -4.35 1528.3
-86.5 -4.55 1530
-90.5 -4.75 1531.7
-93.8 -4.95 1533.5
-97.2 -5.15 1535.2
-100.3 -5.35 1536.9
-103.7 -5.55 1538.6
-106.2 -5.75 1540.4
-108.8 -5.95 1542.1
-111.2 -6.15 1543.8
-114.1 -6.35 1545.6
-116.6 -6.55 1547.3
-118.5 -6.75 1549
-121.3 -6.95 1550.8
-124.3 -7.15 1552.5
-126.5 -7.35 1554.2
-129.8 -7.55 1556
-132.6 -7.75 1557.7
-136.6 -7.95 1559.4
-139.4 -8 1561.1
-138.8 -7.5 1562.9
-137.9 -7.05 1564.6
-137.1 -6.8 1566.3
-136.5 -6.5 1568.1
-135.7 -6.2 1569.8
-135.1 -6.05 1571.5
-134.5 -5.8 1573.3
-133.3 -5.65 1575
-132.5 -5.45 1576.7
-131.9 -5.2 1578.5
-130.8 -5.05 1580.2
-129.3 -4.85 1581.9
-127.8 -4.55 1583.6
-125.5 -4.25 1585.4
-124 -4.05 1587.1
-122.4 -3.85 1588.8
-121.5 -3.65 1590.6
-119.6 -3.45 1592.3
-116.6 -3.25 1594
-116 -3.05 1595.8
-113.8 -2.85 1597.5
-112.2 -2.65 1599.2
-109.9 -2.45 1601
-107.7 -2.25 1602.7
-104.2 -2.05 1604.4
-100.4 -1.85 1606.1
-97.1 -1.65 1607.9
-93.4 -1.45 1609.6
-89.1 -1.25 1611.3
-83.8 -1.05 1613.1
-77.8 -0.85 1614.8
-70.9 -0.65 1616.5
-61.9 -0.45 1618.3
-50 -0.25 1620
-37.7 -0.05 1621.7
-24.8 0.15 1623.5
-11.6 0.35 1625.2
-0.2 0.55 1626.9
9.4 0.75 1628.6
29.9 0.95 1630.4
38.4 1.15 1632.1
45.9 1.35 1633.8
53.9 1.55 1635.6
61.1 1.75 1637.3
68.7 1.95 1639
76 2.15 1640.8
82.7 2.35 1642.5
89.3 2.55 1644.2
93.6 2.75 1646
97.4 2.95 1647.7
101.1 3.15 1649.4
104.4 3.35 1651.1
107.9 3.55 1652.9
111.5 3.75 1654.6
115.3 3.95 1656.3
119.1 4.15 1658.1
123.1 4.35 1659.8
128 4.55 1661.5
131.1 4.65 1663.3
137.3 4.75 1665
142.1 4.95 1666.7
146.9 5.15 1668.5
151.9 5.35 1670.2
156.6 5.55 1671.9
159.8 5.6 1673.6
159.5 5.2 1675.4
158.5 4.8 1677.1
157.8 4.55 1678.8
157.1 4.2 1680.6
156.2 4.05 1682.3
155.7 3.85 1684
154.7 3.65 1685.8
153.9 3.45 1687.5
152.8 3.25 1689.2
151.6 3.05 1691
150.4 2.85 1692.7
149 2.65 1694.4
147.5 2.45 1696.1
145.7 2.25 1697.9
143.8 2.05 1699.6
141.1 1.85 1701.3
138.1 1.65 1703.1
134.2 1.45 1704.8
129.2 1.25 1706.5
123.2 1.05 1708.3
116.1 0.85 1710
108.2 0.65 1711.7
99.2 0.45 1713.5
88.9 0.25 1715.2
76.4 0.05 1716.9
61.5 -0.15 1718.6
43.6 -0.35 1720.4
24.2 -0.55 1722.1
5.7 -0.75 1723.8
-10.2 -0.95 1725.6
-23.1 -1.15 1727.3
-34.3 -1.35 1729
-43.9 -1.55 1730.8
-50.7 -1.75 1732.5
-56.9 -1.95 1734.2
-63.6 -2.15 1736
-69.1 -2.35 1737.7
-74.6 -2.55 1739.4
-79.2 -2.75 1741.1
-83.5 -2.95 1742.9
-88.2 -3.15 1744.6
-93.7 -3.35 1746.3
-98.3 -3.55 1748.1
-101.9 -3.75 1749.8
-105.3 -3.95 1751.5
-108.5 -4.15 1753.3
-112 -4.35 1755
-115.6 -4.55 1756.7
-118.2 -4.75 1758.5
-121.4 -4.95 1760.2
-124.5 -5.15 1761.9
-127 -5.35 1763.6
-130.2 -5.55 1765.4
-134.1 -5.75 1767.1
-137.7 -5.95 1768.8
-142.7 -6.15 1770.6
-147.2 -6.35 1772.3
-152.1 -6.55 1774
-156 -6.75 1775.8
-159.1 -6.95 1777.5
-160 -6.5 1779.2
-158.2 -6.05 1781
-158.2 -5.75 1782.7
-157.5 -5.4 1784.4
-156.7 -5 1786.1
-155.9 -4.85 1787.9
-155.2 -4.6 1789.6
-153.7 -4.25 1791.3
-153.1 -4 1793.1
-152 -3.85 1794.8
-150.7 -3.65 1796.5
-149.7 -3.45 1798.3
-148.1 -3.25 1800
-147.4 -3.05 1801.7
-145.1 -2.85 1803.5
-144 -2.65 1805.2
-142.2 -2.45 1806.9
-139.7 -2.25 1808.6
-136.5 -2.05 1810.4
-134.1 -1.85 1812.1
-130.6 -1.65 1813.8
-125.4 -1.45 1815.6
-118.7 -1.25 1817.3
-111.7 -1.05 1819
-103.4 -0.85 1820.8
-92.6 -0.65 1822.5
-79.6 -0.45 1824.2
-62.9 -0.25 1826
-44 -0.05 1827.7
-24.7 0.15 1829.4
-5.5 0.35 1831.1
