0 0 0
0.4 0.1 1.965
1.5 0.35 3.93
0.8 0.15 5.895
0.3 -0.05 7.86
-0.7 -0.3 9.825
-0.7 -0.2 11.79
0.2 0.05 13.755
0.9 0.25 15.72
1.9 0.55 17.685
2.5 0.8 19.65
2.3 0.5 21.615
1.5 0.2 23.58
0.7 0.05 25.545
0.1 -0.15 27.51
-0.8 -0.35 29.475
-1.8 -0.55 31.44
-2.1 -0.5 33.405
-1.4 -0.35 35.37
-0.6 -0.15 37.335
0.1 0.1 39.3
0.6 0.25 41.265
1.5 0.45 43.23
2.3 0.65 45.195
2.9 0.85 47.16
3.9 1.05 49.125
4.1 1.05 51.09
3.6 0.75 53.055
2.8 0.45 55.02
2 0.25 56.985
1.1 0.05 58.95
0.3 -0.15 60.915
-0.6 -0.35 62.88
-1.7 -0.55 64.845
-2.3 -0.75 66.81
-3 -0.95 68.775
-4 -1.15 70.74
-4.8 -1.25 72.705
-4.3 -0.9 74.67
-3.2 -0.5 76.635
-1.9 -0.35 78.6
-1.1 -0.15 80.565
-0.3 0.1 82.53
0.5 0.3 84.495
1.3 0.45 86.46
2.1 0.65 88.425
2.9 0.85 90.39
3.8 1.1 92.355
4.3 1.3 94.32
5.1 1.45 96.285
5.9 1.65 98.25
6.8 1.85 100.22
7.3 1.8 102.18
6.8 1.55 104.15
6.3 1.3 106.11
5.6 1.05 108.08
4.9 0.85 110.04
4.3 0.65 112.01
3.8 0.45 113.97
2.4 0.15 115.94
1.5 -0.05 117.9
0.7 -0.25 119.87
-0.6 -0.45 121.83
-1.7 -0.65 123.8
-2.3 -0.85 125.76
-3.1 -1.05 127.73
-3.8 -1.25 129.69
-5.2 -1.55 131.66
-6.1 -1.75 133.62
-7.1 -1.95 135.59
-7.3 -1.85 137.55
-6.7 -1.5 139.52
-5.7 -1.1 141.48
-5 -0.8 143.45
-3.8 -0.55 145.41
-2.5 -0.35 147.38
-1.5 -0.15 149.34
-0.7 0.05 151.31
0.3 0.25 153.27
1.1 0.45 155.24
2.1 0.65 157.2
2.9 0.85 159.17
3.6 1.05 161.13
4.5 1.25 163.1
5.1 1.45 165.06
6.1 1.65 167.03
6.9 1.85 168.99
7.7 2.05 170.96
8.9 2.25 172.92
9.4 2.35 174.89
9.1 1.95 176.85
8.1 1.65 178.82
7.3 1.35 180.78
6.8 1.15 182.75
6.1 0.95 184.71
5.5 0.7 186.68
4.7 0.55 188.64
4.2 0.35 190.61
3.2 0.15 192.57
2.2 -0.05 194.54
0.6 -0.35 196.5
-0.9 -0.55 198.47
-1.8 -0.75 200.43
-2.6 -0.95 202.4
-3.4 -1.15 204.36
-4.3 -1.35 206.33
-4.6 -1.55 208.29
-5.5 -1.75 210.26
-6.5 -1.95 212.22
-6.7 -2.15 214.19
-8.3 -2.4 216.15
-7.7 -2.55 218.12
-10.6 -2.75 220.08
-11.1 -2.6 222.05
-10.1 -2.2 224.01
-9.3 -1.8 225.98
-8.7 -1.65 227.94
-8.2 -1.45 229.91
-7.1 -1.25 231.87
-5.2 -1.05 233.84
-4.6 -0.85 235.8
-4.3 -0.6 237.77
-2.4 -0.35 239.73
-1.2 -0.15 241.7
0.1 0.05 243.66
0.6 0.3 245.63
1.3 0.45 247.59
1.5 0.65 249.56
2.5 0.85 251.52
3.5 1.05 253.49
4.1 1.25 255.45
5 1.45 257.42
6.1 1.65 259.38
6.9 1.85 261.35
7.9 2.05 263.31
9.1 2.25 265.28
10.4 2.55 267.24
11.6 2.75 269.21
13 2.95 271.17
14.2 3.15 273.14
15.3 3.35 275.1
17.1 3.65 277.07
18.6 3.85 279.03
19.6 3.95 281
19.3 3.55 282.96
18.6 3.35 284.93
18 3.1 286.89
17.1 2.8 288.86
16.3 2.5 290.82
15.3 2.25 292.79
14.6 2.05 294.75
13.9 1.85 296.72
13.2 1.65 298.68
12.1 1.45 300.65
11.2 1.25 302.61
10.3 1.05 304.58
9.5 0.85 306.54
8.7 0.65 308.51
7.4 0.45 310.47
6.6 0.25 312.44
4.9 0.05 314.4
4.2 -0.15 316.37
2.5 -0.35 318.33
1.1 -0.55 320.3
-0.2 -0.75 322.26
-0.9 -0.95 324.23
-2 -1.15 326.19
-2.6 -1.35 328.16
-3.8 -1.55 330.12
-5.7 -1.75 332.09
-6.6 -1.95 334.05
-7.8 -2.15 336.02
-9 -2.35 337.98
-10 -2.55 339.95
-11.2 -2.75 341.91
-12.2 -2.95 343.88
-13.4 -3.15 345.84
-14.3 -3.35 347.81
-15.6 -3.55 349.77
-16.8 -3.75 351.74
-18 -3.95 353.7
-19.1 -4.15 355.67
-19.3 -4 357.63
-19 -3.85 359.6
-18.3 -3.5 361.56
-17.3 -3.1 363.53
-16.6 -2.95 365.49
-16.1 -2.7 367.46
-15.6 -2.55 369.42
-15.1 -2.3 371.39
-14 -2.15 373.35
-12.8 -1.75 375.32
-11.9 -1.55 377.28
-11 -1.35 379.25
-10.1 -1.15 381.21
-8.8 -0.95 383.18
-6 -0.75 385.14
-6.2 -0.55 387.11
-3.8 -0.35 389.07
-2.6 -0.15 391.04
-1.1 0.05 393
0 0.25 394.97
1.4 0.75 396.93
2.6 0.95 398.9
3.8 1.15 400.86
4.9 1.35 402.83
6 1.55 404.79
7 1.75 406.76
8.5 1.95 408.72
9.4 2.2 410.69
10.8 2.35 412.65
11.9 2.55 414.62
13.2 2.75 416.58
14.4 2.95 418.55
15.5 3.15 420.51
16.6 3.35 422.48
17.8 3.55 424.44
18.9 3.75 426.41
20.2 3.95 428.37
21.3 4.15 430.34
23.1 4.35 432.3
24.5 4.55 434.27
25.9 4.75 436.23
27.6 4.95 438.2
29.5 5.15 440.16
31.3 5.35 442.13
33.4 5.55 444.09
35.7 5.75 446.06
38.1 5.95 448.02
39.6 5.95 449.99
39.3 5.5 451.95
38.1 5.1 453.92
37.5 4.95 455.88
37 4.75 457.85
36.1 4.55 459.81
35.5 4.35 461.78
35 4.15 463.74
34.1 3.95 465.71
33.3 3.75 467.67
32.7 3.55 469.64
31.9 3.35 471.6
31.4 3.1 473.57
30.7 2.95 475.53
29.5 2.75 477.5
28.3 2.55 479.46
27.2 2.35 481.43
26.5 2.1 483.39
25.1 1.95 485.36
24.1 1.75 487.32
22.6 1.45 489.29
21.1 1.25 491.25
19.6 1.05 493.22
18.2 0.85 495.18
17 0.65 497.15
15.9 0.45 499.11
14.1 0.25 501.08
11.9 0.05 503.04
9.6 -0.15 505.01
7 -0.35 506.97
4.4 -0.55 508.94
2.8 -0.75 510.9
0.9 -0.95 512.87
-0.7 -1.15 514.83
-1.9 -1.35 516.8
-3.2 -1.55 518.76
-4.7 -1.75 520.73
-6.1 -1.95 522.69
-7.4 -2.15 524.66
-8.6 -2.35 526.62
-10.2 -2.55 528.59
-11.2 -2.75 530.55
-12.6 -2.95 532.52
-13.7 -3.15 534.48
-15.1 -3.35 536.45
-16.2 -3.55 538.41
-17.3 -3.75 540.38
-18.6 -3.95 542.34
-19.6 -4.15 544.31
-20.9 -4.35 546.27
-22.3 -4.55 548.24
-24.2 -4.75 550.2
-25.7 -4.95 552.17
-27.2 -5.15 554.13
-29.4 -5.35 556.1
-31.3 -5.55 558.06
-33 -5.75 560.03
-34.9 -5.95 561.99
-37 -6.15 563.96
-38.8 -6.35 565.92
-39.5 -6.15 567.89
-38.9 -5.8 569.85
-37.9 -5.4 571.82
-37.1 -5 573.78
-36.3 -4.7 575.75
-35.3 -4.45 577.71
-34.8 -4.25 579.68
-33.7 -4.05 581.64
-33.3 -3.8 583.61
-32.3 -3.65 585.57
-31.4 -3.45 587.54
-31.1 -3.25 589.5
-30.1 -3.05 591.47
-29 -2.85 593.43
-27.8 -2.65 595.4
-26 -2.45 597.36
-25.8 -2.25 599.33
-23.9 -2.05 601.29
-23.2 -1.85 603.26
-21.4 -1.65 605.22
-19.7 -1.45 607.19
-18.4 -1.25 609.15
-18.2 -1.05 611.12
-16.7 -0.85 613.08
-15 -0.65 615.05
-12.5 -0.45 617.01
-10.2 -0.25 618.98
-8 -0.05 620.94
-5.8 0.15 622.91
-3.7 0.35 624.87
-1.8 0.55 626.84
2.7 0.95 628.8
4.3 1.15 630.77
6.2 1.35 632.73
7.9 1.55 634.7
9.8 1.75 636.66
11.3 1.95 638.63
13.6 2.15 640.59
14.7 2.35 642.56
16.4 2.55 644.52
17.8 2.75 646.49
19.4 2.95 648.45
20.8 3.15 650.42
22.8 3.35 652.38
23.9 3.55 654.35
25.4 3.75 656.31
26.9 3.95 658.28
28.4 4.15 660.24
30.1 4.35 662.21
31.3 4.55 664.17
32.7 4.75 666.14
34.2 4.95 668.1
35.8 5.15 670.07
37.2 5.35 672.03
38.8 5.55 674
40.1 5.75 675.96
41.9 5.95 677.93
43.9 6.15 679.89
46.1 6.35 681.86
48.7 6.55 683.82
51.6 6.75 685.79
55.1 6.95 687.75
58.7 7.15 689.72
59.7 6.8 691.68
58.8 6.45 693.65
58 6.1 695.61
57.2 5.8 697.58
56.1 5.55 699.54
55.6 5.35 701.51
54.9 5.15 703.47
54.1 4.95 705.44
53.5 4.75 707.4
52.7 4.55 709.37
51.9 4.35 711.33
51.1 4.15 713.3
50.4 3.95 715.26
49.4 3.75 717.23
48.5 3.55 719.19
47.7 3.35 721.16
46.4 3.15 723.12
45.4 2.95 725.09
44.3 2.75 727.05
43 2.55 729.02
41.8 2.35 730.98
40.6 2.15 732.95
39.1 1.95 734.91
37.9 1.75 736.88
36.3 1.55 738.84
34.4 1.35 740.81
32.4 1.15 742.77
31.2 0.95 744.74
28.8 0.75 746.7
26.6 0.55 748.67
24.5 0.35 750.63
22 0.15 752.6
18.7 -0.05 754.56
16 -0.25 756.53
12.4 -0.45 758.49
9.3 -0.65 760.46
6.2 -0.85 762.42
3.5 -1.05 764.39
0.6 -1.25 766.35
-2 -1.45 768.32
-4.1 -1.65 770.28
-6.3 -1.85 772.25
-8.2 -2.05 774.21
-10.2 -2.25 776.18
-12 -2.45 778.14
-13.7 -2.65 780.11
-15.4 -2.85 782.07
-16.9 -3.05 784.04
-18.6 -3.25 786
-20.1 -3.45 787.97
-21.4 -3.65 789.93
-23.2 -3.85 791.9
-24.9 -4.05 793.86
-26.5 -4.25 795.83
-27.5 -4.45 797.79
-29.7 -4.65 799.76
-31.3 -4.85 801.72
-32.7 -5.05 803.69
-34.2 -5.25 805.65
-35.9 -5.45 807.62
-37.4 -5.65 809.58
-38.7 -5.85 811.55
-40.4 -6.05 813.51
-42.3 -6.25 815.48
-44.4 -6.45 817.44
-46.4 -6.65 819.41
-48.9 -6.85 821.37
-51.4 -7.05 823.34
-54 -7.25 825.3
-56.3 -7.45 827.27
-58.8 -7.65 829.23
-59.3 -7.5 831.2
-59.1 -7.2 833.16
-58 -6.65 835.13
-57.2 -6.3 837.09
-56 -6 839.06
-55.1 -5.6 841.02
-54.3 -5.3 842.99
-53.9 -5.15 844.95
-53 -4.95 846.92
-52.3 -4.75 848.88
-51.6 -4.55 850.85
-50.5 -4.35 852.81
-49.5 -4.05 854.78
-48.2 -3.85 856.74
-47.7 -3.6 858.71
-46.2 -3.45 860.67
-44.6 -3.25 862.64
-44.4 -3.05 864.6
-42.8 -2.85 866.57
-40.9 -2.65 868.53
-40.2 -2.45 870.5
-38.1 -2.25 872.46
-36.9 -2.05 874.43
-36.8 -1.85 876.39
-35.3 -1.65 878.36
-33.4 -1.45 880.32
-31.3 -1.25 882.29
-29.6 -1.05 884.25
-27.1 -0.85 886.22
-24.9 -0.65 888.18
-21.3 -0.45 890.15
-18.4 -0.25 892.11
-15.7 -0.05 894.08
-12.4 0.15 896.04
-8.9 0.35 898.01
-5.7 0.55 899.97
-2.4 0.75 901.94
4.7 1.15 903.9
7.7 1.35 905.87
10.2 1.55 907.83
13.4 1.75 909.8
15.8 1.95 911.76
18.1 2.15 913.73
20.5 2.35 915.69
23 2.55 917.66
25 2.75 919.62
27.1 2.95 921.59
29.2 3.15 923.55
31.3 3.35 925.52
33.1 3.55 927.48
35.2 3.75 929.45
37.3 3.95 931.41
39.4 4.15 933.38
41.3 4.35 935.34
43.2 4.55 937.31
45 4.75 939.27
46.9 4.95 941.24
48.5 5.15 943.2
50.4 5.35 945.17
52 5.55 947.13
54 5.75 949.1
55.6 5.95 951.06
57.3 6.15 953.03
59.2 6.35 954.99
61.1 6.55 956.96
63.3 6.75 958.92
66 6.95 960.89
67.8 7.05 962.85
71.5 7.25 964.82
75.4 7.45 966.78
79 7.65 968.75
79.7 7.25 970.71
79.2 7.05 972.68
78.7 6.8 974.64
77.9 6.5 976.61
77.3 6.35 978.57
76.6 6.15 980.54
76.1 5.95 982.5
75.4 5.75 984.47
74.7 5.55 986.43
73.9 5.35 988.4
73.1 5.15 990.36
71.8 4.85 992.33
70.8 4.6 994.29
69.6 4.35 996.26
68.6 4.15 998.22
67.6 3.95 1000.2
66.6 3.75 1002.2
65.4 3.55 1004.1
64.8 3.35 1006.1
63.2 3.15 1008
61.6 2.95 1010
60.4 2.75 1012
58.9 2.55 1013.9
57.3 2.35 1015.9
55.7 2.15 1017.9
53.6 1.95 1019.8
51.9 1.75 1021.8
50 1.55 1023.8
48 1.35 1025.7
45.8 1.15 1027.7
43.3 0.95 1029.7
40.7 0.75 1031.6
38 0.55 1033.6
35.1 0.35 1035.6
31.8 0.15 1037.5
27 -0.05 1039.5
23.1 -0.25 1041.5
17.9 -0.45 1043.4
13.9 -0.65 1045.4
9.1 -0.85 1047.3
5.1 -1.05 1049.3
0.8 -1.25 1051.3
-2.8 -1.45 1053.2
-6 -1.65 1055.2
-9.1 -1.85 1057.2
-12 -2.05 1059.1
-14.6 -2.25 1061.1
-17.2 -2.45 1063.1
-19.5 -2.65 1065
-21.6 -2.85 1067
-24.2 -3.05 1069
-26.3 -3.25 1070.9
-28.1 -3.45 1072.9
-30.6 -3.65 1074.9
-32.4 -3.85 1076.8
-34.6 -4.05 1078.8
-36.4 -4.25 1080.8
-38 -4.45 1082.7
-39.9 -4.65 1084.7
-41.8 -4.85 1086.6
-43.7 -5.05 1088.6
-45.3 -5.25 1090.6
-47.2 -5.45 1092.5
-48.9 -5.65 1094.5
-50.7 -5.85 1096.5
-52.4 -6.05 1098.4
-54.2 -6.25 1100.4
-55.5 -6.45 1102.4
-57.6 -6.65 1104.3
-59 -6.85 1106.3
-61.4 -7.05 1108.3
-63.4 -7.25 1110.2
-65.9 -7.45 1112.2
-68.6 -7.65 1114.2
-71.6 -7.85 1116.1
-76.3 -8.05 1118.1
-79.3 -8.25 1120.1
-79.5 -7.95 1122
-78.7 -7.6 1124
-77.8 -7.1 1125.9
-76.4 -6.8 1127.9
-75.7 -6.45 1129.9
-75.2 -6.25 1131.8
-74.3 -5.9 1133.8
-73.7 -5.75 1135.8
-72.8 -5.5 1137.7
-72 -5.25 1139.7
-70.8 -4.95 1141.7
-70.1 -4.75 1143.6
-68.8 -4.55 1145.6
-66.5 -4.35 1147.6
-66.4 -4.15 1149.5
-65.6 -3.95 1151.5
-64.8 -3.75 1153.5
-61.7 -3.55 1155.4
-61.7 -3.25 1157.4
-60.1 -3.05 1159.4
-58.7 -2.85 1161.3
-58.7 -2.65 1163.3
-57.4 -2.45 1165.2
-55.4 -2.25 1167.2
-54.2 -2.05 1169.2
-52.4 -1.85 1171.1
-50.6 -1.65 1173.1
-48.2 -1.45 1175.1
-45.9 -1.25 1177
-43.6 -1.05 1179
-40.7 -0.85 1181
-37.6 -0.65 1182.9
-33.2 -0.45 1184.9
-29.2 -0.25 1186.9
-25.3 -0.05 1188.8
-20.9 0.15 1190.8
-16.4 0.35 1192.8
-3.4 0.75 1194.7
2 0.95 1196.7
6.8 1.15 1198.7
11.3 1.35 1200.6
15.5 1.55 1202.6
19.4 1.75 1204.5
23.6 1.95 1206.5
26.7 2.15 1208.5
30 2.35 1210.4
32.8 2.55 1212.4
35.7 2.75 1214.4
38.4 2.95 1216.3
41.2 3.15 1218.3
43.6 3.35 1220.3
46.1 3.55 1222.2
48.4 3.75 1224.2
50.6 3.95 1226.2
52.9 4.15 1228.1
55.3 4.35 1230.1
57.3 4.55 1232.1
59.7 4.75 1234
62 4.95 1236
63.9 5.15 1238
66.3 5.35 1239.9
68.4 5.55 1241.9
70.6 5.75 1243.8
72.7 5.95 1245.8
75 6.15 1247.8
77.3 6.35 1249.7
79.6 6.55 1251.7
82.4 6.75 1253.7
85.3 6.95 1255.6
88.9 7.15 1257.6
93.1 7.35 1259.6
97.8 7.55 1261.5
99.7 7.65 1263.5
99.8 7.45 1265.5
98.9 6.9 1267.4
97.8 6.55 1269.4
97.4 6.35 1271.4
96.7 6.15 1273.3
96.1 5.9 1275.3
95.3 5.75 1277.3
94.6 5.55 1279.2
93.9 5.35 1281.2
92.9 5.15 1283.1
92 4.95 1285.1
91.3 4.75 1287.1
90.3 4.55 1289
89.3 4.35 1291
88.3 4.15 1293
87 3.95 1294.9
85.8 3.75 1296.9
85.2 3.55 1298.9
83.6 3.35 1300.8
82.5 3.15 1302.8
81.1 2.95 1304.8
79.5 2.75 1306.7
77.4 2.55 1308.7
75.7 2.35 1310.7
73.9 2.15 1312.6
72.1 1.95 1314.6
70.1 1.75 1316.6
67.7 1.55 1318.5
65.3 1.35 1320.5
62.7 1.15 1322.4
59.9 0.95 1324.4
56.5 0.75 1326.4
52.9 0.55 1328.3
49.2 0.35 1330.3
44 0.15 1332.3
37.5 -0.05 1334.2
31.9 -0.25 1336.2
24.6 -0.45 1338.2
18.4 -0.65 1340.1
11.5 -0.85 1342.1
4.2 -1.05 1344.1
-1.8 -1.25 1346
-6.8 -1.45 1348
-11.5 -1.65 1350
-15.7 -1.85 1351.9
-19.7 -2.05 1353.9
-23.4 -2.25 1355.9
-26.6 -2.45 1357.8
-30.1 -2.65 1359.8
-32.9 -2.85 1361.7
-36 -3.05 1363.7
-38.7 -3.25 1365.7
-41.6 -3.45 1367.6
-44.3 -3.65 1369.6
-46.7 -3.85 1371.6
-49.2 -4.05 1373.5
-51.9 -4.25 1375.5
-54.3 -4.45 1377.5
-56.3 -4.65 1379.4
-58.7 -4.85 1381.4
-61.3 -5.05 1383.4
-63.7 -5.25 1385.3
-65.9 -5.45 1387.3
-68 -5.65 1389.3
-70.6 -5.85 1391.2
-72.7 -6.05 1393.2
-74.9 -6.25 1395.2
-76.9 -6.45 1397.1
-79.6 -6.65 1399.1
-82.1 -6.85 1401
-84.9 -7.05 1403
-88.1 -7.25 1405
-91.5 -7.45 1406.9
-95.8 -7.65 1408.9
-99.8 -7.75 1410.9
-99.6 -7.3 1412.8
-98.7 -7.05 1414.8
-97.7 -6.65 1416.8
-96.7 -6.25 1418.7
-95.8 -5.95 1420.7
-94.9 -5.75 1422.7
-94.3 -5.5 1424.6
-93 -5.15 1426.6
-92.4 -4.95 1428.6
-91.5 -4.75 1430.5
-90.9 -4.55 1432.5
-89.9 -4.35 1434.5
-88.8 -4.15 1436.4
-88.1 -3.95 1438.4
-87 -3.75 1440.3
-85.6 -3.45 1442.3
-83.3 -3.25 1444.3
-82.1 -3.05 1446.2
-81.1 -2.85 1448.2
-78.9 -2.65 1450.2
-76.9 -2.45 1452.1
-74.7 -2.25 1454.1
-75.2 -2.05 1456.1
-73.1 -1.85 1458
-70.8 -1.65 1460
-67.7 -1.45 1462
-64.8 -1.25 1463.9
-61.4 -1.05 1465.9
-57 -0.85 1467.9
-52.5 -0.65 1469.8
-45.6 -0.45 1471.8
-39.6 -0.25 1473.8
-33.2 -0.05 1475.7
-25.8 0.15 1477.7
-18.7 0.35 1479.6
-11.8 0.55 1481.6
4.9 0.75 1483.6
11.9 0.95 1485.5
18.1 1.15 1487.5
23.5 1.35 1489.5
28.8 1.55 1491.4
33.1 1.75 1493.4
37.2 1.95 1495.4
41 2.15 1497.3
44.3 2.35 1499.3
47.6 2.55 1501.3
50.7 2.75 1503.2
53.6 2.95 1505.2
56.2 3.15 1507.2
59.1 3.35 1509.1
61.6 3.55 1511.1
64.1 3.75 1513.1
66.9 3.95 1515
69.4 4.15 1517
72 4.35 1518.9
74.5 4.55 1520.9
76.9 4.75 1522.9
79.5 4.95 1524.8
82.4 5.15 1526.8
84.6 5.35 1528.8
87.4 5.55 1530.7
89.9 5.75 1532.7
92.5 5.95 1534.7
95.1 6.15 1536.6
97.8 6.35 1538.6
101 6.55 1540.6
105.3 6.75 1542.5
113 6.95 1544.5
118.6 7.15 1546.5
119.5 6.75 1548.4
118.9 6.4 1550.4
118.3 6.25 1552.4
117.8 6.05 1554.3
117.2 5.85 1556.3
116.5 5.6 1558.2
115.7 5.45 1560.2
114.8 5.25 1562.2
114 5.05 1564.1
112.7 4.75 1566.1
112 4.55 1568.1
110.9 4.35 1570
109.8 4.15 1572
108.7 3.95 1574
107.4 3.75 1575.9
106.1 3.55 1577.9
104.8 3.35 1579.9
103.5 3.15 1581.8
101.7 2.95 1583.8
100.3 2.75 1585.8
98.4 2.55 1587.7
96.9 2.35 1589.7
94.9 2.15 1591.7
92.4 1.95 1593.6
90.2 1.75 1595.6
87.7 1.55 1597.5
84.9 1.35 1599.5
82 1.15 1601.5
78.3 0.95 1603.4
74.3 0.75 1605.4
69.7 0.55 1607.4
64.7 0.35 1609.3
57.7 0.15 1611.3
48.7 -0.05 1613.3
38.5 -0.25 1615.2
27.6 -0.45 1617.2
16.4 -0.65 1619.2
5.3 -0.85 1621.1
-3.9 -1.05 1623.1
-11.3 -1.25 1625.1
-17.5 -1.45 1627
-23.5 -1.65 1629
-29.5 -1.85 1631
-34.9 -2.05 1632.9
-39.3 -2.25 1634.9
-43.5 -2.45 1636.8
-47.3 -2.65 1638.8
-51.2 -2.85 1640.8
-54.5 -3.05 1642.7
-57.1 -3.25 1644.7
-60.1 -3.45 1646.7
-63.3 -3.65 1648.6
-65.9 -3.85 1650.6
-68.8 -4.05 1652.6
-71.3 -4.25 1654.5
-73.8 -4.45 1656.5
-76 -4.65 1658.5
-78.7 -4.85 1660.4
-81.1 -5.05 1662.4
-83.4 -5.25 1664.4
-85.7 -5.45 1666.3
-88.1 -5.65 1668.3
-90.6 -5.85 1670.3
-92.8 -6.05 1672.2
-95.3 -6.25 1674.2
-97.8 -6.45 1676.1
-100.9 -6.65 1678.1
-104.6 -6.85 1680.1
-110.2 -7.05 1682
-117.5 -7.25 1684
-119.7 -7.2 1686
-118.9 -6.6 1687.9
-118 -6.2 1689.9
-117.1 -5.9 1691.9
-116.2 -5.65 1693.8
-115.9 -5.4 1695.8
-115.4 -5.25 1697.8
-114.1 -4.8 1699.7
-113.1 -4.65 1701.7
-112.2 -4.45 1703.7
-111.3 -4.25 1705.6
-110.2 -4.05 1707.6
-109.3 -3.85 1709.6
-109 -3.65 1711.5
-106.1 -3.45 1713.5
-105.7 -3.25 1715.4
-104 -3.05 1717.4
-102.4 -2.85 1719.4
-100.5 -2.65 1721.3
-99.1 -2.45 1723.3
-98.8 -2.25 1725.3
-97 -2.05 1727.2
-94.4 -1.85 1729.2
-91.7 -1.65 1731.2
-88.6 -1.45 1733.1
-84.5 -1.25 1735.1
-80.6 -1.05 1737.1
-75.2 -0.85 1739
-69.3 -0.65 1741
-60.6 -0.45 1743
-51.5 -0.25 1744.9
-40.6 -0.05 1746.9
-28.1 0.15 1748.9
-16.1 0.35 1750.8
-4 0.55 1752.8
6 0.75 1754.7
14.2 0.95 1756.7
29.9 1.15 1758.7
36.3 1.35 1760.6
42.6 1.55 1762.6
48.7 1.75 1764.6
53.8 1.95 1766.5
58.2 2.15 1768.5
62.9 2.35 1770.5
67 2.55 1772.4
71 2.75 1774.4
74.8 2.95 1776.4
78.4 3.15 1778.3
82 3.35 1780.3
85.5 3.55 1782.3
88.7 3.75 1784.2
92.1 3.95 1786.2
95.5 4.15 1788.2
98.5 4.35 1790.1
101.6 4.55 1792.1
104.9 4.75 1794
108.1 4.95 1796
111.5 5.15 1798
115.1 5.35 1799.9
119 5.55 1801.9
124.6 5.75 1803.9
136.9 5.95 1805.8
139.5 5.6 1807.8
138.9 5.3 1809.8
138 5.05 1811.7
137.3 4.7 1813.7
136.5 4.55 1815.7
135.7 4.35 1817.6
134.9 4.15 1819.6
134.2 3.95 1821.6
133.2 3.75 1823.5
132.3 3.55 1825.5
131.2 3.35 1827.5
130 3.15 1829.4
128.8 2.95 1831.4
127.5 2.75 1833.3
125.7 2.55 1835.3
124.3 2.35 1837.3
122 2.15 1839.2
119.7 1.95 1841.2
117.3 1.75 1843.2
113.6 1.55 1845.1
110 1.35 1847.1
106.1 1.15 1849.1
101.5 0.95 1851
96.3 0.75 1853
89.9 0.55 1855
82.4 0.35 1856.9
73 0.15 1858.9
59.9 -0.05 1860.9
44.6 -0.25 1862.8
28.1 -0.45 1864.8
12.5 -0.65 1866.8
-1.1 -0.85 1868.7
-13.2 -1.05 1870.7
-22.6 -1.25 1872.6
-30.7 -1.45 1874.6
-38.5 -1.65 1876.6
-45.7 -1.85 1878.5
-52 -2.05 1880.5
-57.3 -2.25 1882.5
-62.5 -2.45 1884.4
-67.2 -2.65 1886.4
-71.9 -2.85 1888.4
-76.2 -3.05 1890.3
-80.5 -3.25 1892.3
-84.2 -3.45 1894.3
-88 -3.65 1896.2
-91.7 -3.85 1898.2
-94.9 -4.05 1900.2
-98.1 -4.25 1902.1
-100.9 -4.45 1904.1
-103.4 -4.65 1906.1
-106.7 -4.85 1908
-109.5 -5.05 1910
-112.4 -5.25 1911.9
-115.4 -5.45 1913.9
-118.5 -5.65 1915.9
-121.9 -5.85 1917.8
-126.1 -6.05 1919.8
-130.9 -6.25 1921.8
-136.3 -6.45 1923.7
-139.9 -6.5 1925.7
-139.2 -6.1 1927.7
-138.5 -5.6 1929.6
-137.7 -5.2 1931.6
-136.7 -4.85 1933.6
-135.3 -4.4 1935.5
-134 -4.15 1937.5
-134 -3.95 1939.5
-133.1 -3.75 1941.4
-132.4 -3.55 1943.4
-131.5 -3.35 1945.4
-129.4 -3.15 1947.3
-129 -2.95 1949.3
-127.5 -2.75 1951.2
-124.5 -2.55 1953.2
-123.8 -2.35 1955.2
-121.7 -2.15 1957.1
-118.9 -1.95 1959.1
-116.6 -1.75 1961.1
-113.5 -1.55 1963
-108.7 -1.35 1965
-103 -1.15 1967
-97.2 -0.95 1968.9
-90 -0.75 1970.9
-80.7 -0.55 1972.9
-67.7 -0.35 1974.8
-53.3 -0.15 1976.8
-36 0.05 1978.8
-18.7 0.25 1980.7
-2.3 0.45 1982.7
25.7 0.75 1984.7
35.4 0.95 1986.6
44.4 1.15 1988.6
52.6 1.35 1990.5
59.9 1.55 1992.5
66.8 1.75 1994.5
72.7 1.95 1996.4
78 2.15 1998.4
83.4 2.35 2000.4
88 2.55 2002.3
92.6 2.75 2004.3
96.9 2.95 2006.3
101.4 3.15 2008.2
105.4 3.35 2010.2
109.8 3.55 2012.2
113.5 3.75 2014.1
116.9 3.95 2016.1
120.4 4.15 2018.1
123.8 4.35 2020
127 4.55 2022
130.1 4.75 2024
133.5 4.95 2025.9
137.2 5.15 2027.9
141 5.35 2029.8
145.9 5.55 2031.8
151.3 5.75 2033.8
157 5.95 2035.7
159.6 6 2037.7
159.3 5.6 2039.7
158.5 5.2 2041.6
157.8 4.95 2043.6
157 4.6 2045.6
156.3 4.45 2047.5
155.7 4.25 2049.5
154.9 4.05 2051.5
154 3.85 2053.4
153.1 3.65 2055.4
152 3.45 2057.4
151.2 3.25 2059.3
150.1 3.05 2061.3
148.7 2.85 2063.3
147.2 2.65 2065.2
145.7 2.45 2067.2
143.9 2.25 2069.1
141.8 2.05 2071.1
139.7 1.85 2073.1
136.7 1.65 2075
133.4 1.45 2077
129.7 1.25 2079
125.1 1.05 2080.9
120.1 0.85 2082.9
113.9 0.65 2084.9
106.1 0.45 2086.8
96.7 0.25 2088.8
80.5 0.05 2090.8
61.1 -0.15 2092.7
39.5 -0.35 2094.7
19.7 -0.55 2096.7
1.3 -0.75 2098.6
-13.7 -0.95 2100.6
-26.1 -1.15 2102.6
-37 -1.35 2104.5
-46.2 -1.55 2106.5
-54.2 -1.75 2108.4
-62.3 -1.95 2110.4
-69.1 -2.15 2112.4
-75.2 -2.35 2114.3
-80.8 -2.55 2116.3
-85.5 -2.75 2118.3
-90.1 -2.95 2120.2
-94.3 -3.15 2122.2
-98.4 -3.35 2124.2
-102.1 -3.55 2126.1
-106 -3.75 2128.1
-109.5 -3.95 2130.1
-113.3 -4.15 2132
-116.8 -4.35 2134
-120.6 -4.55 2136
-124 -4.75 2137.9
-126.7 -4.95 2139.9
-129.6 -5.15 2141.9
-132.8 -5.35 2143.8
-135.2 -5.55 2145.8
-138.1 -5.75 2147.7
-141.2 -5.95 2149.7
-144 -6.15 2151.7
-147.4 -6.35 2153.6
-152.1 -6.55 2155.6
-156.4 -6.75 2157.6
-159.8 -6.8 2159.5
-159.1 -6.3 2161.5
-158.2 -5.75 2163.5
-157.6 -5.4 2165.4
-156.4 -5 2167.4
-155.4 -4.5 2169.4
-154.5 -4.2 2171.3
-153.3 -3.8 2173.3
-152.1 -3.45 2175.3
-151.3 -3.25 2177.2
-149.8 -3.05 2179.2
-149 -2.85 2181.2
-148 -2.65 2183.1
-146.4 -2.45 2185.1
-145.5 -2.25 2187
-142.1 -2.05 2189
-141 -1.85 2191
-136.8 -1.65 2192.9
-132.6 -1.45 2194.9
-128.3 -1.25 2196.9
-121.9 -1.05 2198.8
-114.8 -0.85 2200.8
-105.5 -0.65 2202.8
-92.4 -0.45 2204.7
-73.5 -0.25 2206.7
-51.4 -0.05 2208.7
-28.5 0.15 2210.6
-6.8 0.35 2212.6
12.4 0.55 2214.6
25.7 0.75 2216.5
53.7 0.95 2218.5
64.3 1.15 2220.5
73.8 1.35 2222.4
82.9 1.55 2224.4
90.7 1.75 2226.3
96.9 1.95 2228.3
102.6 2.15 2230.3
107.9 2.35 2232.2
113.1 2.55 2234.2
118.1 2.75 2236.2
122.5 2.95 2238.1
127.2 3.15 2240.1
130.6 3.35 2242.1
145.6 4 2244
150.8 4.25 2246
154.6 4.45 2248
158.7 4.65 2249.9
163.2 4.85 2251.9
167.4 5.05 2253.9
172 5.25 2255.8
175.9 5.45 2257.8
179.3 5.65 2259.8
179.7 5.5 2261.7
179.5 5.2 2263.7
178.7 4.75 2265.6
178.1 4.4 2267.6
177.3 4.25 2269.6
176.7 4 2271.5
176.2 3.85 2273.5
175.5 3.6 2275.5
174.9 3.45 2277.4
174.1 3.25 2279.4
173.3 3.05 2281.4
172.3 2.85 2283.3
171.2 2.65 2285.3
170 2.45 2287.3
168.6 2.25 2289.2
167.1 2.05 2291.2
165.1 1.85 2293.2
162.8 1.65 2295.1
160 1.45 2297.1
156.7 1.25 2299.1
152.4 1.05 2301
147.6 0.85 2303
141.2 0.65 2304.9
132.1 0.45 2306.9
117.4 0.25 2308.9
94.7 0.05 2310.8
70.9 -0.15 2312.8
43 -0.35 2314.8
15 -0.55 2316.7
-8.2 -0.75 2318.7
-27.4 -0.95 2320.7
-41.3 -1.15 2322.6
-54.4 -1.35 2324.6
-64.8 -1.55 2326.6
-73.6 -1.75 2328.5
-81.9 -1.95 2330.5
-88.4 -2.15 2332.5
-94.8 -2.35 2334.4
-100.2 -2.55 2336.4
-105.4 -2.75 2338.4
-110.4 -2.95 2340.3
-115.2 -3.15 2342.3
-119.3 -3.35 2344.2
-123.2 -3.55 2346.2
-126.9 -3.75 2348.2
-131.1 -3.95 2350.1
-135 -4.15 2352.1
-138.5 -4.35 2354.1
-141.9 -4.55 2356
-144.7 -4.75 2358
-147.5 -4.95 2360
-150.6 -5.15 2361.9
-153.1 -5.35 2363.9
-155.8 -5.55 2365.9
-158.5 -5.75 2367.8
-162.4 -5.95 2369.8
-166.3 -6.15 2371.8
-170 -6.35 2373.7
-173.4 -6.55 2375.7
-176.5 -6.75 2377.7
-179.4 -6.75 2379.6
-178.7 -6.2 2381.6
-177.8 -5.7 2383.5
-176.6 -5.3 2385.5
-175.3 -4.85 2387.5
-174.8 -4.5 2389.4
-174.2 -4.15 2391.4
-173.6 -3.9 2393.4
-172.7 -3.6 2395.3
-171.7 -3.35 2397.3
-171.1 -3.15 2399.3
-170.6 -2.95 2401.2
-169.5 -2.75 2403.2
-167.8 -2.55 2405.2
-167.4 -2.35 2407.1
-166 -2.15 2409.1
-163.7 -1.95 2411.1
-162.6 -1.75 2413
-160 -1.55 2415
-158.1 -1.35 2417
-154.7 -1.15 2418.9
-150 -0.95 2420.9
-140 -0.75 2422.8
-126.9 -0.55 2424.8
-105.7 -0.35 2426.8
-74.5 -0.15 2428.7
-42.8 0.05 2430.7
-8.7 0.25 2432.7
17.9 0.45 2434.6
